uid,movement
01059,8.722846277359794E-8
01057,4.791316593396E-8
01051,1.3573762512189605E-7
01055,2.406672264707126E-7
01053,7.561092251260714E-8
01045,8.849274899263681E-8
16009,1.2992333989837077E-5
01047,1.016961517638755E-7
01049,1.5192664446815152E-7
16005,3.450093353327151E-5
16007,2.673526724860168E-6
16001,2.024862253822715E-4
29510,2.246381781432232E-6
16003,3.021393913700662E-6
01041,2.6661436999893198E-8
01043,1.9225147736523351E-7
01079,9.200681437805071E-8
01077,2.510589762656949E-7
01075,4.216859315392483E-8
01073,1.582973696762135E-6
01071,1.3170584891029694E-7
01067,2.906328974490701E-8
01069,1.548403849112636E-7
01063,2.450684941027625E-8
01065,4.08978013860726E-8
01061,4.6187828902834E-8
19101,1.659894430485156E-7
19103,1.1488441090233825E-6
19105,2.054730375698542E-7
01095,1.9998618590916447E-7
01093,8.314051107680307E-8
01099,5.0770173205144474E-8
01097,8.260414711833543E-7
19107,1.2093565588530146E-7
19109,2.4157326195111544E-7
01091,5.221339364144518E-8
19113,2.0262078781555667E-6
19111,3.7026743589524866E-7
19117,1.10574626266203E-7
19115,1.193145652069528E-7
01089,7.001450134605975E-7
01081,2.2181387598443535E-7
01083,1.7226258296538246E-7
01085,2.7975874621441625E-8
01087,4.712844812707875E-8
19119,1.959333805928929E-7
21073,1.3771382608930243E-7
21075,3.36335024041077E-8
21071,9.724010952797867E-8
55021,4.980169298860958E-7
32019,1.2751755388627682E-5
19141,2.4435075705513595E-7
19145,2.212131931589833E-7
32013,9.211317026511141E-6
55023,1.8298662035489092E-7
19143,1.1442508031944232E-7
32011,7.022867603348123E-7
55025,3.9875404060849114E-6
19149,4.0996613902962046E-7
21077,2.3528567518866767E-8
32017,4.128539907881383E-7
55027,7.601951090183799E-7
19147,1.5279304242023798E-7
21079,3.9062157054841145E-8
32015,2.477643876575419E-6
55029,2.2838208545759754E-7
21063,1.648699412945024E-8
21061,3.535722969470106E-8
55031,5.635951054206779E-7
32029,1.4464181109889358E-6
19151,1.2489464472529964E-7
19153,4.566162733980885E-6
32021,1.2767546833177592E-6
55035,1.1015544675151604E-6
19155,1.245408324419444E-6
21069,3.591812080751423E-8
32023,4.211168419525877E-6
55033,4.987853327769114E-7
19157,2.1364461898296431E-7
21067,7.083189869233778E-7
55039,8.587273882310546E-7
19159,6.632200712901223E-8
21065,3.856129996459154E-8
32027,3.1862788388879535E-6
55037,4.926945377315842E-8
32031,1.7451118581737852E-4
21051,5.934717508949033E-8
21053,2.521390812190075E-8
19129,2.0388202044645512E-7
55009,1.9784926597478974E-6
19127,4.7087320447648913E-7
21055,3.940969771179455E-8
55005,5.675082860783191E-7
19125,3.757360965362687E-7
21057,1.9010144343680587E-8
55007,1.8773233153859692E-7
19123,2.512540973869252E-7
21059,3.493315614174047E-7
55001,1.8479278376120107E-7
19121,1.7517392273983435E-7
32033,2.944329136342129E-6
55003,2.0249336443858247E-7
21041,3.13226778736839E-8
19131,1.369455451071544E-7
55019,3.7776857383527776E-7
21045,4.1081262147606535E-8
55017,6.619728689694097E-7
19137,1.5762441517117025E-7
21043,6.625898786155337E-8
55015,3.555661276272616E-7
19139,4.094046853399398E-7
21049,8.680116784731928E-8
55013,2.1029826833051087E-7
19133,1.599655828803802E-7
21047,2.515941742728977E-7
55011,1.6677113910666268E-7
19135,9.035566661939767E-8
01011,2.2193716816707575E-8
19189,1.5751702675540625E-7
19187,5.39180837953337E-7
01013,4.292601121736759E-8
19181,4.905011174591641E-7
01015,2.4922868562631417E-7
01017,7.293599298238779E-8
19185,7.792101635197068E-8
01019,5.3987623168984975E-8
19183,2.1161222220540008E-7
01009,1.2321637746436856E-7
19191,2.4998773672390646E-7
01003,2.7905127286635145E-7
19193,1.6764391295747763E-6
01001,9.310575121129442E-8
19195,1.023779316948479E-7
01007,4.888369305104746E-8
19197,1.8647787467476556E-7
01005,5.3497170373475164E-8
01031,8.057914035015837E-8
01033,1.5650837337543054E-7
21091,2.9330733440193084E-8
21093,2.9365683467354636E-7
21095,7.577217681591703E-8
21097,5.0255561805750665E-8
21099,5.173393709310744E-8
19169,9.964623114843788E-7
19167,5.249813878472731E-7
19165,1.8735863411201574E-7
01039,7.08751646074092E-8
19163,1.5228369350104421E-6
19161,1.7365972244133543E-7
01035,2.813363092953907E-8
01037,2.6022659031486383E-8
01021,8.774820571969643E-8
21081,6.508893505538131E-8
21085,7.640397527754373E-8
21083,1.5541429544384323E-7
21089,9.117179177610672E-8
32003,1.1021709995412282E-4
21087,3.289448931288631E-8
32005,1.5033364645700477E-5
19177,7.892998752671678E-8
19179,3.828388654840915E-7
32001,1.0172908331767316E-5
19173,8.803298856691913E-8
01029,3.014456808458414E-8
19175,1.5386215241729618E-7
01027,3.018361908482248E-8
01025,6.114901637190507E-8
32007,2.1466932460674E-5
19171,2.1015554916106757E-7
01023,3.747495616908041E-8
32009,1.260607655661452E-7
21107,1.7960668311531746E-7
21109,3.378178551330624E-8
21101,1.8377393124495648E-7
21103,4.506105782926482E-8
21105,2.261949224350364E-8
21119,4.0505403450052425E-8
21117,4.474979943796478E-7
21111,2.1872763436481768E-6
25025,6.595053946350207E-7
21115,5.520172226487116E-8
25027,7.740571055175659E-7
21113,1.0594758376637275E-7
25021,6.249099525744444E-7
25023,4.4386819510257736E-7
19093,1.2304042028874107E-7
19091,1.427125998514413E-7
19097,1.9855269404002254E-7
19095,1.7143871934688775E-7
25017,1.4464882069589949E-6
19099,4.3926361957508775E-7
25015,1.6888363759586237E-7
25019,8.620046732375757E-9
25013,4.957033542514046E-7
25011,8.181193214571568E-8
19081,1.6182064626929432E-7
19083,2.3485743475628934E-7
19085,2.407544397253048E-7
19087,2.0062832324592296E-7
25003,1.7361208676674712E-7
19089,1.2003046468356317E-7
25005,5.05266727399012E-7
25007,1.3874449128870425E-8
25009,6.988070805175762E-7
25001,2.0555111346212185E-7
21143,3.171223316201957E-8
21145,2.8332037552288144E-7
21147,4.235459167513528E-8
21149,3.795209664336489E-8
21141,8.454862768178657E-8
21155,5.187384272344211E-8
21153,3.166490535606052E-8
21159,2.8748012860747133E-8
21157,1.2240356983832753E-7
21151,1.8485475174101012E-7
21125,1.303500915395553E-7
21127,3.695843275176681E-8
21121,7.638272943871087E-8
21123,3.9666392555214386E-8
21129,1.9581382293281933E-8
21137,6.144501933260037E-8
21135,3.5945206405128594E-8
21133,5.678924547430415E-8
21131,2.912430213915006E-8
21139,4.19015316001149E-8
26165,1.6241286629592992E-7
26163,7.000159490304724E-6
16083,3.5860779485061105E-5
26161,1.241063655520936E-6
16081,2.7866555809717392E-6
16087,8.054117285404785E-6
16085,6.02977495527635E-6
26155,3.041727665190215E-7
26157,2.3033783128028853E-7
16071,1.856152659137397E-6
26151,1.540165540710399E-7
16073,6.353657246161395E-6
26153,6.679433874589191E-8
16075,1.5836665888148E-5
16077,3.673290990221188E-6
16079,1.4601890900527361E-5
26159,3.897316184943468E-7
26141,6.397309622141066E-8
16061,3.6708585791207404E-6
26145,9.005896161294865E-7
26143,1.2228112417799064E-7
16069,4.132847631812938E-5
16067,1.116748515950078E-5
16065,1.3474325231151323E-5
16063,2.3184073261570143E-6
26149,2.7908110461654794E-7
26147,5.329701953419698E-7
16051,1.0529053151219957E-5
26131,8.762740588507489E-8
26133,1.188699492176585E-7
26135,4.31941477395155E-8
16057,4.866961266383832E-5
16059,5.0829720855593184E-6
16053,1.0439481506565422E-5
16055,1.5949429205207479E-4
26137,1.1696477932326059E-7
26139,1.2996691201070472E-6
16043,5.890975146838398E-6
16041,4.826649001198536E-6
16047,8.288306283262386E-6
16045,1.1548846654163992E-5
26123,2.500631208432451E-7
26121,9.492184124547305E-7
26129,9.711371374640203E-8
26127,1.7465828103157502E-7
26125,4.239427972464309E-6
16049,1.3511704483638605E-5
16031,1.0461983413595025E-5
16033,5.833650071402125E-7
16035,8.549386562345606E-6
16037,2.6895179199484094E-6
26111,3.688138981625919E-7
26113,7.362882829704841E-8
26119,4.800179069406155E-8
26115,4.878599338171499E-7
26117,2.934531623743878E-7
16039,1.798561644572891E-5
16025,5.93332321899149E-7
16023,1.660913906601657E-6
16021,1.1997474761835885E-5
26101,1.6177058175534538E-7
26105,1.8618503869316065E-7
26103,5.984504563519043E-7
26109,2.21798106090505E-7
26107,2.0386106100451832E-7
16029,3.283542819644148E-6
16027,9.6232168377253E-5
16013,1.098072911021949E-5
16015,4.758403238000964E-6
16011,2.0650142780357874E-5
16017,5.253548108750868E-5
16019,3.869562247830073E-5
36105,1.0843874209347485E-7
36103,1.4425101193971466E-6
36109,1.739524434106194E-7
36107,9.200306831306462E-8
36101,1.8788675039682513E-7
36117,1.8677546824154183E-7
36119,1.120847762793814E-6
36113,9.730401385562344E-8
36115,8.680661382680545E-8
36111,2.5207460492693423E-7
36123,4.665677000653877E-8
36121,9.162013238111366E-8
24035,5.621102920599963E-8
24037,1.1566570275666724E-7
24039,2.8342540915198708E-8
24031,1.4006983580617281E-6
24033,1.1815433250483327E-6
24047,4.9350561613428724E-8
24041,4.542407987451321E-8
24045,9.90001872753832E-8
24043,2.2961203924037772E-7
21171,3.2792423820904025E-8
19009,9.350624422983984E-8
21173,5.852388895952905E-8
21175,3.417573294923838E-8
19007,1.5100717919241225E-7
21177,1.1041408368555886E-7
19005,1.6492289396604336E-7
21179,1.1109902567559356E-7
01119,3.6276179740738353E-8
19003,5.7940612185412334E-8
19001,1.0657946037207214E-7
01115,1.500787326472222E-7
01117,3.29892673037744E-7
01111,4.641908358630299E-8
01113,9.267435782403249E-8
21163,8.638237312961711E-8
19019,2.3662442615147953E-7
21161,4.455348060224725E-8
24001,1.3834753094971796E-7
24003,7.067844175388387E-7
19015,3.382673234751681E-7
21167,5.8529342494212766E-8
24005,1.1499662475332272E-6
19017,2.751074070436335E-7
21165,1.6430826026420563E-8
19011,2.835407833265666E-7
24009,1.0383105250664923E-7
11001,8.666315810233703E-7
19013,1.4961613831838629E-6
21169,2.8507042133677226E-8
01109,5.602354738781679E-8
01107,5.350940989555015E-8
01105,2.7207380191649028E-8
01103,2.8035907283085576E-7
01101,4.477552715527095E-7
24011,3.876381280148482E-8
21193,6.883369572421509E-8
21195,1.512710507466514E-7
21191,4.0978777096659414E-8
24019,3.949195305613249E-8
19025,1.5572319846390494E-7
24017,1.7526731841345477E-7
19023,1.8510803996550798E-7
21197,3.3325524194276003E-8
24015,1.220397675635837E-7
19029,1.9693057086375188E-7
21199,1.446689124569671E-7
24013,2.4551145637208E-7
19027,2.9997060762303454E-7
19021,3.1384735886044605E-7
21185,1.445179794928042E-7
24021,3.264814361756819E-7
21183,7.915973607585296E-8
24023,5.6761298322184655E-8
21181,1.8061711159475165E-8
24029,2.7019455704678626E-8
19033,5.983429866404326E-7
19035,2.0919384366094666E-7
24025,3.1928752543221054E-7
19037,1.5664628124378667E-7
21189,1.1907600313997912E-8
24027,3.872135011051093E-7
19039,1.1007218726386198E-7
21187,3.104681247626209E-8
19031,1.8046350632571117E-7
19043,2.0442488645725572E-7
08077,8.832840115588654E-6
19041,2.7620041813337156E-7
08079,2.5593569972913487E-8
19049,5.159864903204738E-7
08071,2.8278469186082737E-7
19047,2.5696431679181924E-7
08073,1.3090532232301111E-7
19045,4.847823896143761E-7
08075,5.487519645665467E-7
19051,8.959102799581434E-8
08089,3.828583026339302E-7
19053,1.0306415565487707E-7
08083,1.2834991067423524E-6
19059,2.627780411229938E-7
08081,1.2119139626628706E-6
08087,8.373307298776927E-7
19055,1.9503895104296454E-7
08085,2.291943889186647E-6
19057,4.087804490553378E-7
01131,2.8258511131700982E-8
19061,9.029548129646223E-7
01133,6.449321183669711E-8
19065,2.501907929932242E-7
08099,2.5863395503424314E-7
19063,1.692694026215059E-7
19069,1.349762369569451E-7
08095,1.0810773209585291E-7
19067,2.0916096381255712E-7
08097,1.012672467645749E-6
08091,2.1552837018039387E-7
08093,4.718241228720027E-7
01121,1.7733642795054192E-7
01125,4.057713575499759E-7
01123,8.518501438951168E-8
19071,1.0970513203930313E-7
01129,3.991246924656277E-8
19073,1.3847702138454356E-7
01127,1.7713889396959816E-7
19075,1.4856063742083782E-7
19077,1.5085361633959175E-7
19079,2.1216216407310027E-7
21201,6.146350978876869E-9
06027,1.6469524077600256E-6
21203,4.2304609932530195E-8
06025,3.0343000066582756E-6
06023,6.095352362788947E-5
06021,1.1341188565593042E-5
21209,9.396317630038406E-8
21205,5.5486714293721546E-8
21207,4.2923053788529824E-8
06029,4.8180420059565436E-5
06013,1.736998204139532E-4
21215,3.491456560782377E-8
06015,1.581592503300102E-5
21213,4.973981983252141E-8
21211,9.921442874433292E-8
06011,7.43518449123097E-6
21219,3.934147502258191E-8
21217,6.513735573537738E-8
06017,5.4381737351534654E-5
06019,7.670497475190219E-5
06045,3.466851302799748E-5
21221,4.7905822129333535E-8
06043,2.225692915142011E-6
21223,2.577504045681585E-8
06049,5.629620226153015E-6
21225,6.639510257156797E-8
06047,2.5201317096970594E-5
21227,2.8114254299943355E-7
21229,3.127297590662516E-8
06041,5.1465321357831394E-5
45091,2.799531184503167E-7
06031,1.1152914287922961E-5
21233,5.59497806413161E-8
06033,2.1403167300190105E-5
21231,5.124562271379924E-8
06035,1.8505315753478455E-5
21237,1.7405745503997205E-8
06037,4.030755466940766E-4
21235,8.735833522582877E-8
21239,6.541363784335205E-8
45089,4.414570208912356E-8
45085,1.4560314607816972E-7
45087,5.1401102023124004E-8
45081,3.160128468017445E-8
45083,4.5365036818838934E-7
06039,1.2670397319824138E-5
08125,2.1155292013649302E-7
08121,1.189291647102885E-7
08123,9.802383547397237E-6
08117,1.5817971877799057E-6
08115,6.633092617441214E-8
08113,4.433650389928491E-7
08111,1.8141510475180293E-8
08119,6.195458248094247E-7
06001,2.249685299326794E-4
06005,1.1222013467952707E-5
06003,3.8978660820591654E-7
06009,8.73016964463996E-6
06007,8.978349870473981E-5
45031,9.343865479111897E-8
45033,3.945036301432989E-8
45035,1.1883246003749749E-7
45037,4.057742682198999E-8
45039,3.786880133593929E-8
45021,9.235685137882952E-8
10001,1.6216200831064785E-7
10005,1.7795213815476743E-7
06099,5.9293012422560454E-5
10003,6.78122565540493E-7
06097,1.1885547111499165E-4
06095,8.708560092031786E-5
45025,6.19065951629079E-8
06093,2.5777345845863257E-5
45023,5.622262434561709E-8
06091,1.5447677295740757E-6
45029,4.719858579111362E-8
45027,4.2467502500179474E-8
08109,1.5846379042064888E-7
45011,3.407966762107132E-8
08107,1.6649044599418247E-6
08101,3.050544694202129E-6
45017,2.1435655299821797E-8
45019,3.279871592354205E-7
08105,3.0616732961547256E-7
45013,1.3399931927606583E-7
08103,5.095371879978527E-7
45015,1.618617714187896E-7
45009,2.32064055873763E-8
45007,2.994994267590263E-7
45005,1.577485981948074E-8
45003,2.2200246031572235E-7
45001,4.62668547724625E-8
45071,6.008171975498123E-8
45073,1.252391656514244E-7
45075,1.273118579378214E-7
45077,2.0664327513399235E-7
06061,9.490790889590913E-5
45079,4.76120289908481E-7
06063,9.432171852330393E-6
06069,4.937449941630497E-6
06065,3.956779825152536E-5
06067,3.597645804125507E-4
45061,2.8110982621957397E-8
45065,1.7057226002494315E-8
45063,3.332319690724108E-7
06051,2.237366707147118E-6
45069,3.897045469225017E-8
45067,4.2871009958592686E-8
06059,8.085781214973015E-5
06057,3.8680974897477385E-5
06055,3.3426441431936856E-5
06053,3.6291290036569E-5
45053,2.5469509817130628E-8
45055,7.792142322245454E-8
45051,2.1022010069931983E-7
06081,8.814057222163269E-5
06083,2.6444756382966253E-5
45057,9.707374846370423E-8
06085,1.8636735763099594E-4
45059,1.2095677676738744E-7
06087,2.571261269816075E-5
06089,8.773840916999051E-5
45043,5.883846596924137E-8
45041,1.6160171255443908E-7
45049,2.811986055327658E-8
06073,6.410716166553328E-5
45047,1.1420789751857563E-7
06071,1.0391049717731535E-4
45045,6.932973877081445E-7
06077,1.1217548136039585E-4
06075,1.0892041171691983E-4
06079,1.8514982063135626E-5
40149,1.3633275337074887E-7
40147,5.131409285653238E-7
40145,5.542485290163371E-7
40143,5.629373458584077E-6
40141,1.0156609481366242E-7
47013,9.481439924161773E-8
47011,2.0200962350356887E-7
47017,1.0312804433388972E-7
47015,3.365808733743133E-8
47019,1.1141340543530898E-7
40137,4.358673050106006E-7
40139,3.294184812992216E-7
40133,2.433927068887487E-7
40135,3.354950034371924E-7
47001,1.6733733390305116E-7
40131,6.983001413480964E-7
47003,9.981422401349276E-8
47005,5.710825289096084E-8
47007,3.018819245393983E-8
47009,2.326569520835028E-7
40127,9.47456306014357E-8
40125,6.598539609533952E-7
40129,4.4360073709778215E-8
40123,3.3440375355798294E-7
40121,3.936126632405146E-7
40115,3.2400956947819083E-7
40117,1.8189542916424823E-7
40119,7.474685654945512E-7
40111,3.866713906286541E-7
40113,4.879230189090428E-7
27161,2.6884093676085457E-7
27165,1.8871241911027132E-7
27163,2.7383473695997106E-6
27169,5.974303724413593E-7
27167,1.3136568569052467E-7
36001,4.2156639877694176E-7
27171,1.4158707053517967E-6
27173,1.8629428152580425E-7
36009,1.7929568409378345E-7
36007,3.445572568189047E-7
36005,1.5681792867033693E-6
36003,1.0120181540535135E-7
27147,4.5071541987442743E-7
27145,2.186950908078708E-6
27143,2.4094080636680915E-7
27141,1.0085330036789796E-6
27149,1.7710571346369878E-7
40151,1.2080546547159737E-7
40153,2.4584507838972783E-7
27155,7.374947371744805E-8
27157,2.7065675852612584E-7
27151,2.0175032872962517E-7
27153,4.071739135535038E-7
27159,2.3029255387072372E-7
36039,6.886474452555942E-8
36037,1.288012823767821E-7
47091,3.413610028436776E-8
47093,8.694842697209754E-7
36035,8.786882945024635E-8
47095,3.4771357080508317E-8
36033,8.76611298000028E-8
47097,1.1490075187507199E-7
36031,6.165364489394544E-8
47099,1.1434487498330799E-7
36047,2.8529729384877533E-6
36049,4.8259524920717485E-8
47081,6.764166533669476E-8
36043,1.0973626557389772E-7
47085,5.788048408263072E-8
36045,2.095318301752412E-7
47083,2.6594640061273505E-8
47089,9.533487159203242E-8
36041,8.942983914852641E-9
47087,2.911603756976119E-8
36017,8.80730414951911E-8
36015,1.658871439855624E-7
36019,1.3156298524631016E-7
47071,7.982364069705472E-8
47077,8.521051228364878E-8
47079,1.1858413635131426E-7
36013,3.229325269575881E-7
47073,1.1337920848937133E-7
36011,1.5307736461321624E-7
47075,7.694765310023946E-8
36025,7.61797480935452E-8
36027,3.6424422868414843E-7
36029,2.122910260056452E-6
47069,9.764430233400662E-8
47067,1.4964206316224548E-8
47065,7.275689437069624E-7
36021,8.452484731978258E-8
47063,1.2470787110515275E-7
36023,8.653464636186486E-8
47061,3.5785261503291777E-8
13311,3.981777281845804E-8
13313,1.8809970549326676E-7
13315,1.381578452480965E-8
13317,1.8736485973675294E-8
13319,1.733820686009673E-8
47059,1.3074955392526528E-7
36079,1.1912938322764665E-7
47051,9.878988465519713E-8
36077,1.0165397221241115E-7
47053,1.878818469956723E-7
36075,2.275127775048309E-7
47055,8.185762094907473E-8
36073,9.745292129715299E-8
47057,4.576971510735721E-8
36071,4.5969860120134214E-7
13301,1.0802881148368424E-8
13305,3.2777029971946883E-8
13303,3.510981124065294E-8
47049,4.17419824503908E-8
13309,9.216529265707957E-9
47047,1.1019623995281874E-7
13307,4.223554471144831E-9
36087,3.677092217412724E-7
47041,4.564374690937064E-8
36089,2.0108459446685945E-7
36083,2.11699236679793E-7
47045,1.5926747292984708E-7
36085,5.351236238468725E-7
47043,1.3497771220806117E-7
36081,2.5021367821490926E-6
36059,1.4395950337641656E-6
47037,1.6711188659336507E-6
47039,3.7747670391386994E-8
36053,1.2198683983582264E-7
47033,5.694795827332111E-8
36051,1.312631093692354E-7
47035,1.150356107287105E-7
36057,7.777280485703907E-8
36055,1.5430261699902406E-6
47031,1.244367253050187E-7
13321,3.507710627347381E-8
36069,1.9695850551120123E-7
47029,6.985240524710501E-8
47027,2.120382777956109E-8
47025,6.851578680526838E-8
36061,1.8371564142948209E-6
47023,5.186844705706991E-8
36063,5.129734521296517E-7
47021,1.0966175148435036E-7
36065,4.1230440310671825E-7
36067,8.317560188908507E-7
08021,2.0175436167220056E-7
08023,7.786998277296318E-8
08025,1.1682740359068266E-7
08027,8.455989035760839E-8
08029,1.963915084618719E-6
08019,5.367140373782539E-7
08013,1.8814482502480783E-5
08011,1.1123583120593927E-7
08017,4.203796234301582E-8
08015,5.411034089418603E-7
08009,7.982241354846098E-8
08005,1.4868550506177767E-5
08007,2.458169032722625E-7
08001,1.140504507860034E-5
08003,3.610137721650857E-7
36091,2.93764851394816E-7
36093,2.1508118294665404E-7
36099,6.275719161371017E-8
36095,4.8339077872927044E-8
36097,3.5842238149314876E-8
08067,1.3899023805492653E-6
08069,1.740420005931825E-5
08061,3.017069494812575E-8
08063,1.6953601634610637E-7
08065,4.5033822007555237E-7
08057,1.1738169199345152E-7
08055,1.685378553583403E-7
08059,1.7337553371310797E-5
08053,2.5022406553165435E-8
08051,8.050367210648422E-7
08049,8.685438643243623E-7
17193,6.815910285416976E-8
17195,5.493251082275465E-7
08045,3.685391965740785E-6
08047,2.7405791793975947E-7
17191,7.975875114876174E-8
24510,9.779819851336478E-7
08041,1.2608248484041533E-5
08043,1.2330255677672911E-6
17197,3.1430901136584322E-6
17199,2.832275440995896E-7
08039,4.906195330057967E-7
17183,4.282555251040543E-7
08037,2.913208071931282E-6
17181,8.510778858098691E-8
08035,5.4430599369104486E-6
08033,1.0644394578426819E-7
08031,1.778625344658946E-5
17189,7.91676228943198E-8
17187,1.7039597341389933E-7
17185,5.730926895764681E-8
17177,4.479572655573128E-7
17175,5.4032309272538555E-8
17179,9.80064794903636E-7
17173,1.2202772621998756E-7
27139,1.2748359762826669E-6
17171,4.520877853832778E-8
27137,2.9002753215010633E-6
27135,2.9919395164413796E-7
27133,1.6294417477500857E-7
27131,7.768053873236523E-7
30109,1.0584371352779343E-7
17163,1.4155692224879204E-6
17165,1.1922703004785118E-7
30105,2.4749700143548906E-6
17167,1.3043909202785593E-6
30107,1.1110151533865645E-6
17169,6.194917041336836E-8
30101,3.1608485500922915E-6
30103,2.845001021011301E-7
27127,2.7723702085675165E-7
27129,2.807973276268795E-7
17161,1.4144225728410475E-6
27123,7.090185676451502E-6
27125,7.918921004507473E-8
27121,1.888313529831732E-7
17159,7.445808462032695E-8
17157,1.7849240580086284E-7
17155,4.9413636577373085E-8
17153,3.307106961817141E-8
17151,1.931016344525014E-8
27117,1.665228928876648E-7
27115,3.720502059770203E-7
27119,5.813333609407374E-7
27113,2.5012405330163214E-7
27111,1.0090747209809514E-6
17145,1.1774300172749802E-7
17147,8.889283558578977E-8
17141,4.4004517523671103E-7
17143,1.5200274308584442E-6
27105,3.4506818781159446E-7
27107,1.3782662519571506E-7
27109,1.562019325578274E-6
27101,1.525371461188598E-7
27103,4.64644073971979E-7
17149,1.484855547459233E-7
17133,1.532736688299122E-7
17131,1.6019377160381178E-7
17137,2.847495229644678E-7
17135,1.7060620919731471E-7
17139,7.624394438511185E-8
17121,2.135184712431302E-7
17123,1.034166305851773E-7
17125,1.2588179015594167E-7
17127,6.633014966607646E-8
17129,9.485766356962564E-8
40101,6.410067452151163E-7
40103,1.304051968324848E-7
40105,1.0908588926674923E-7
40107,1.156195570578888E-7
40109,7.0757500440012194E-6
30111,5.2866898860869544E-5
17115,6.373972696246539E-7
17113,9.80207659207469E-7
17111,2.0344751768326354E-6
17119,1.6085099791651854E-6
17117,3.2307386009248824E-7
17101,6.882127670480959E-8
17103,3.0650664590273284E-7
17109,2.928495332025809E-7
17105,2.580526631041914E-7
17107,2.1452628718779973E-7
27061,7.079786365549253E-7
46065,4.0627886393777343E-7
47111,5.741491756248415E-8
46067,1.441380625816811E-7
46061,5.7782770058645625E-8
40003,7.700117014198757E-8
46063,1.1513915538590082E-7
40001,1.868221728103925E-7
27069,9.966999054222205E-8
40007,9.179789967423024E-8
27067,6.818331288340517E-7
40005,1.195696976263509E-7
27065,2.2755841047580708E-7
51171,6.199786140998075E-8
27063,1.809430960074148E-7
09009,8.622450485722895E-7
40009,2.449175867274367E-7
09007,1.5927136953614304E-7
51175,2.130416386968927E-8
09005,2.1591201756630218E-7
51173,6.455983708218817E-8
09003,9.125777974195395E-7
51179,1.4282284566478642E-7
09001,9.694590527086766E-7
51177,1.4041331221427535E-7
47119,1.9965132931731495E-7
47117,7.430435214369428E-8
46069,4.0295540788171607E-8
47115,6.778551935921952E-8
47113,3.2911099625126166E-7
27071,2.3651786710848697E-7
46055,1.2039288554964256E-7
27073,1.4184397984639745E-7
46053,1.0131748899021298E-7
47101,3.376991921403262E-8
46051,1.4003178292610244E-7
27079,3.664256949410095E-7
27075,1.4317796821516006E-7
27077,7.94611580585977E-8
51161,1.5476990731695558E-7
51163,3.698280755191501E-8
51165,1.199655141925198E-7
09013,1.411860536039343E-7
51167,6.227406314855124E-8
09015,1.0991497313550816E-7
47107,1.1271605742408577E-7
51169,4.9400457849502434E-8
47109,7.942011639172636E-8
09011,2.574492090285089E-7
46059,8.033127012826818E-8
47103,8.20434783038443E-8
46057,1.0141592452494649E-7
47105,8.963070774424386E-8
46083,4.0687419942204044E-7
40025,5.291713489541711E-8
46085,9.391652412236102E-8
40023,1.1737386031543116E-7
27083,4.2593838909055634E-7
46087,1.0393291259794714E-7
47133,5.209097699340411E-8
40021,3.9119109756102063E-7
27081,1.0905258310676903E-7
46089,7.012949962896287E-8
47131,1.3880958308801565E-7
27087,9.252452910720669E-8
51193,2.3219939895355935E-8
27085,5.56105009421223E-7
51191,1.0219808823843334E-7
40029,5.46643493921036E-8
27089,1.8870522122856102E-7
46081,1.850073589438535E-6
40027,2.1411708050966594E-6
51199,6.224107368700449E-8
51197,5.18658100130018E-8
51195,8.603194852220329E-8
47137,1.2740794879649819E-8
47135,2.4196816083364055E-8
47139,3.555101585725002E-8
40011,1.4333189846070136E-7
46073,4.8457361414784094E-8
40013,3.0924282871666385E-7
27091,3.348373421561813E-7
46071,9.522671845866555E-8
27093,3.661650887524745E-7
46077,1.0721939381963735E-7
47121,2.6096851292503953E-8
27095,3.507420584080521E-7
46075,3.194530231970254E-8
47123,8.643040709157311E-8
40019,4.3452666619557275E-7
27097,5.152439080172867E-7
27099,4.881007340913998E-7
51181,8.41324900402438E-9
40015,3.4010934069107304E-7
40017,9.90791718579495E-7
51187,5.466583177816138E-8
51183,1.6144602358406327E-8
51185,8.876993645223743E-8
47125,4.355366820332405E-7
46079,2.0043783555442912E-7
47127,1.496041270900065E-8
47129,4.801952027658358E-8
13297,1.1310022267079013E-7
31093,1.1541694357007778E-7
27025,5.749881922109124E-7
13295,1.412474771987527E-7
31095,1.3079511954676684E-7
40049,2.674298661960304E-7
27023,2.1948584094775142E-7
13293,5.065636886940913E-8
27021,4.5034982790644544E-7
13291,3.5800667372781404E-8
31091,1.8811554373133273E-8
40043,5.97198149199565E-8
40041,3.5004332535635785E-7
40047,6.895978220999861E-7
40045,5.468965610017159E-8
51139,4.024886003490496E-8
51137,4.214554291436786E-8
51131,1.3752607614607546E-8
27029,1.4890776044695157E-7
51135,2.2829919722034062E-8
31097,6.381603213573493E-8
27027,9.469713394376522E-7
51133,1.537752821182496E-8
13299,4.379213208542253E-8
31099,1.1690934926196142E-7
27035,8.940141803601144E-7
46091,8.621411715009853E-8
13285,1.1486910019738402E-7
31085,2.026159861794423E-8
40037,6.836982792912199E-7
27037,4.807229515215991E-6
13287,1.508696132401509E-8
31083,6.658295958647577E-8
40039,3.1646285845280196E-7
27031,6.186619021634143E-8
13281,1.8997930210723937E-8
31081,1.5688048337857123E-7
27033,1.9719012139170668E-7
13283,1.0334015009070854E-8
46099,2.5966234306347067E-6
46097,5.3118028642732275E-8
40031,1.2447401586693192E-6
46095,5.571896854259659E-8
40033,6.78291627381431E-8
46093,1.7174276803878794E-6
40035,1.4762969263505475E-7
51125,2.4593855416052686E-8
51127,1.7695126419458704E-8
13289,1.811355199109646E-8
31089,2.1385800913494502E-7
27039,2.2943665484106603E-7
51121,1.5219404003227604E-7
31087,5.799778203357964E-8
13271,1.7590306245240396E-8
27043,2.2786180755119281E-7
27041,5.547879943668289E-7
13275,6.234825540445775E-8
27047,4.3440250470900475E-7
13273,1.889155736208133E-8
27045,2.5494783422450817E-7
40069,9.550035411532392E-8
40067,6.659530225824889E-8
40065,3.296578770044951E-7
40063,1.3376321905907468E-7
40061,1.0175425632963203E-7
51159,1.1793395099640122E-8
51157,1.1886038499686042E-8
13279,3.7043217065465134E-8
27049,5.717922246616124E-7
51155,6.492439668453983E-8
13277,5.7920045843378916E-8
51153,4.4640439588452144E-7
27053,1.647293414620601E-5
27055,2.2871145668827274E-7
13261,5.7427273006361786E-8
27057,3.091106800522274E-7
13263,1.19346129938032E-8
40059,5.0276561449087316E-8
27059,4.6969075662633053E-7
13265,3.6183720817704374E-9
40055,7.252209771562003E-8
40057,3.9405070599279136E-8
40051,4.794548029269597E-7
27051,1.1124473619892392E-7
40053,6.23718335821362E-8
51147,3.068673291683747E-8
51149,4.341820125184436E-8
13267,3.012288902058536E-8
51143,1.0269004802039832E-7
13269,1.5778225401883424E-8
51145,3.34191846872855E-8
51141,3.4276146892215546E-8
13259,9.44494060360021E-9
13255,1.0925530745232925E-7
13257,4.815530974281042E-8
40081,3.3385673999277664E-7
40083,3.808363628125924E-7
40085,8.136113618667264E-8
40087,2.826713594216932E-7
40089,2.2621135008519684E-7
13251,2.16352091410457E-8
13253,1.5550654634365652E-8
13249,6.654979844891815E-9
13247,1.322162949919809E-7
13245,3.221264977074225E-7
40071,5.652994404973708E-7
40075,1.1846336837854558E-7
47189,2.4951879685739925E-7
40073,1.6315084012478977E-7
47187,3.663177209868061E-7
40079,3.7508247371333967E-7
47185,5.818467217765746E-8
40077,9.111424248192772E-8
47183,1.3691008153039332E-7
13243,1.3691860474207317E-8
47181,5.010676123345693E-8
13241,2.9594528915852253E-8
13233,8.083145355634281E-8
13235,1.5826572439774268E-8
13237,3.344208841727903E-8
13239,4.655625245021539E-9
46005,3.2115786218176006E-7
46003,5.760684569878865E-8
46009,1.2947039767865952E-7
46007,1.1319186297115176E-7
13231,2.5486396404057845E-8
13225,4.122694118924075E-8
13223,1.695094051245706E-7
13229,1.973463204694252E-8
13227,4.795847582188741E-8
40093,9.425044462233445E-8
40091,1.7996590146153147E-7
40099,1.208488739064837E-7
40097,3.728836965651814E-7
40095,1.1724461604571884E-7
13221,2.2715214556016703E-8
38027,7.276500539468785E-8
38029,1.371951207303897E-7
46029,4.777517250556019E-7
46027,2.2852146649295815E-7
47157,3.617351735721454E-6
13219,4.818121156683757E-8
46025,7.71143920793019E-8
47159,4.804856495677162E-8
13215,3.4494462046612953E-7
13217,1.1465362267403518E-7
13211,2.7903882584704112E-8
13213,8.038935630823348E-8
46023,1.739505097446007E-7
47153,2.7758476037128937E-8
38021,1.2449804502705686E-7
46021,5.495703681204344E-8
47155,1.5079154616763733E-7
38023,2.1053452149487943E-7
38025,3.059644916686831E-7
47151,5.1776909065289937E-8
38019,1.1901370301900905E-7
46017,4.353888501800158E-8
38017,2.3286273996077444E-6
46019,7.725499956688838E-7
46013,7.531306905403513E-7
47149,5.046099611656813E-7
13209,1.2059823136821902E-8
46015,1.13544878255416E-7
47147,1.6645893971961713E-7
13207,3.913221890235629E-8
13205,3.863156676870146E-8
13201,1.068245324167136E-8
38011,2.806306261390171E-7
47145,1.222779112944892E-7
46011,5.004376199277909E-7
47143,6.762494257358505E-8
38015,3.813477319293451E-6
47141,1.6161148018959183E-7
38013,1.9065214367631917E-7
38009,4.856652894467526E-7
46049,6.342180766618565E-8
47179,2.1839556246615192E-7
46047,5.27224061550433E-7
38005,2.1481079555941288E-7
38007,7.896321414461153E-8
38001,1.9792167508127792E-7
46041,1.9413167296595707E-7
47171,3.515325369555757E-8
38003,2.530300412990333E-7
47173,4.082308133031967E-8
46045,1.0539865410158832E-7
47175,1.3754476946690266E-8
46043,6.427287435885239E-8
47177,9.768430386614105E-8
46035,3.4774045640339523E-7
46037,1.1685282229507241E-7
47169,2.0619307638024735E-8
46039,7.991026281714272E-8
47163,3.1084709418409065E-7
47161,4.3093127023530534E-8
46031,2.409370179628824E-7
47167,2.1489035361346075E-7
46033,5.180848303498829E-7
47165,3.80005052714359E-7
38057,6.151218396496077E-7
38059,1.7207351817733192E-6
38053,5.269922519879493E-7
38055,6.577615773175548E-7
38051,9.049327166974168E-8
30031,3.8301166427335724E-5
30033,4.2268348394151847E-7
30035,9.469971895779165E-6
21007,3.6699577126866165E-8
30037,4.7112077411118864E-7
21009,1.0989635030425641E-7
30039,2.039824104686247E-6
21003,5.177317259872672E-8
21005,5.476140971223896E-8
21001,4.772591308408491E-8
38069,2.5153603828902195E-7
38067,1.8398253532073548E-7
38065,1.4172819047372195E-7
38063,8.926040173748164E-8
38061,5.621225748163313E-7
30043,6.01025462062499E-6
30041,9.19465426348507E-6
30047,2.1312620586246476E-5
21019,1.1961077245883647E-7
30045,1.2865956387734651E-6
21017,5.1476555345595834E-8
21015,2.6045419369520705E-7
30049,3.600787829113549E-5
21013,7.057945715696781E-8
21011,2.8551914061147893E-8
18109,2.8215633150575036E-7
38031,9.328402406306581E-8
18107,1.702384950188381E-7
38033,1.77599409993365E-7
38035,1.4014529102385223E-6
38037,1.982247796703868E-7
30051,1.2502319126463535E-6
30057,3.951773564322506E-6
31103,2.0863695249001163E-8
21029,1.890820206320759E-7
30059,1.1031012229850348E-6
31101,2.1309318601076635E-7
30053,1.812886246721328E-5
30055,3.8042543764505867E-7
38039,6.611031967460624E-8
21021,7.66787065630315E-8
18101,4.210447700782386E-8
31109,3.959274461881747E-6
21023,2.3084360141822223E-8
31107,1.6649825276167548E-7
21025,3.865229581679213E-8
18105,4.952065534809364E-7
31105,2.20061408366869E-7
21027,6.201407164950422E-8
18103,1.5965944694325464E-7
38043,8.699187628594132E-8
38041,2.072710800258234E-7
38047,6.179763858673335E-8
21031,4.1870398745663067E-8
38045,1.1283247505927082E-7
30061,3.583496069587083E-6
30069,2.102382159962956E-7
31113,1.636977788612009E-8
30067,7.803820036912653E-6
31115,1.325150653348661E-8
30065,1.9214330750276393E-6
30063,7.466136052952489E-5
31111,7.317121179610122E-7
21035,1.324067221395162E-7
21033,5.077479472692032E-8
38049,4.01558677537224E-7
21039,2.3327921026738134E-8
31117,1.1522419337634589E-8
21037,2.570609025862081E-7
31119,5.93310981915866E-7
38093,5.413653708883471E-7
38095,8.868720440095304E-8
30071,1.9561525132432374E-6
30073,4.126348018928593E-6
38091,4.7989701315285776E-8
38097,1.7892023307981765E-7
38099,2.6610863218529196E-7
18129,1.1674431125100677E-7
17079,4.86126831529614E-8
18127,7.683088121051683E-7
18125,5.390091739946799E-8
17075,1.673793942450492E-7
18123,6.650271746551568E-8
17077,2.97768747712344E-7
18121,7.881885538289975E-8
17071,7.742776106528377E-8
30075,2.2439637588538443E-7
17073,4.5996602663713563E-7
30077,4.983610093496632E-6
30079,1.5520067820831114E-7
30083,9.876694178696627E-7
30081,2.75910067952157E-5
18117,7.442037925037209E-8
18119,9.395041060141594E-8
50007,2.1713971142874008E-7
18113,2.0148080188888428E-7
50009,8.31443204303521E-9
17069,2.0689445930907583E-8
18115,1.7521878165019197E-8
50003,4.95373435167966E-8
17067,1.8684137093401756E-7
50005,3.9034310526208733E-8
17065,3.946037205498293E-8
18111,7.602355694521392E-8
30087,2.119800820219891E-6
17063,2.470073301070266E-7
30085,1.3680039042105123E-6
50001,5.205318557278762E-8
17061,1.1276748463774413E-7
30089,9.531923411389768E-6
30093,2.123615201713754E-5
30095,3.691293600453016E-6
38071,2.995235212359885E-7
30091,4.196307481527731E-7
38073,1.245562588737427E-7
38075,1.859296945676607E-7
38077,3.3429051908483706E-7
38079,4.5524568189266114E-7
17097,4.0800090468824075E-6
18145,1.679964595490696E-7
50017,3.707412878400964E-8
17099,8.482706302287931E-7
18143,7.661358247570495E-8
50015,3.302632556001632E-8
18149,1.1585862012054169E-7
18147,7.893662698721617E-8
50019,3.66139072695326E-8
17091,5.711479019435544E-7
17093,3.8503246715707723E-7
18141,1.2806323897726579E-6
30097,1.7196026952901193E-6
50013,1.0925596392400836E-8
17095,4.894638033609769E-7
30099,4.1908333171373365E-6
50011,6.798753771562076E-8
38083,9.413362381817153E-8
38081,9.21722712543486E-8
18139,6.549376928954894E-8
38087,6.640185024726068E-8
38085,2.333973529025687E-7
38089,1.916895547789621E-6
50025,5.547937131713232E-8
17089,3.048138533531003E-6
18131,6.648998066951983E-8
50027,7.47959987825606E-8
17087,5.7632981669208426E-8
18133,1.5947437604804535E-7
18135,9.57935939833268E-8
18137,8.59570857172823E-8
17081,1.9977300384019107E-7
50021,8.83766834035178E-8
17085,2.1467353768877132E-7
50023,8.094865742355707E-8
17083,1.5335814925170328E-7
31163,5.896543244285989E-8
18161,2.4111712170185802E-8
31165,1.0124592567075373E-7
18163,7.239005744884634E-7
31167,1.0755031764991061E-7
31169,9.725817988442877E-8
17037,6.99111854075029E-7
18169,1.5211550595048552E-7
17035,5.650399280015936E-8
17033,9.336237681878424E-8
18165,8.054054383971288E-8
17031,3.162914537409191E-5
18167,4.801595863432361E-7
17039,1.0705142517172407E-7
31161,2.0126889276514054E-7
18151,1.4200297404555702E-7
31177,2.990138851461342E-7
31175,8.301518378213759E-8
31179,1.6492158786610965E-7
17025,7.057096869553001E-8
18159,7.13000546786156E-8
17027,1.8951306255449667E-7
18157,6.894763671088799E-7
17021,1.976438177360186E-7
18155,2.8003937436911873E-8
17023,8.110660688998984E-8
18153,9.659874389417169E-8
17029,2.709778306406405E-7
31173,1.1809306617005532E-7
31171,1.5473142046432677E-8
18181,1.215465456346381E-7
27019,1.0667048452015563E-6
31185,2.410691237315779E-7
51101,1.8209824373851765E-8
17051,1.1471299296025301E-7
18183,1.3231862734463317E-7
27017,4.4744717276309104E-7
51105,5.2112054584938243E-8
17055,1.8710050497512932E-7
51103,1.4249282903114624E-8
17053,7.825061013727015E-8
51109,4.056598545037177E-8
17059,2.819226765204527E-8
51107,2.8263813863668975E-7
17057,3.261363553432734E-7
27015,4.311205888068728E-7
31181,6.762614923087411E-8
27013,8.409056006810609E-7
31183,1.579670163658162E-8
27011,1.0341398513589634E-7
27009,5.47174020162511E-7
18173,2.0800838561085047E-7
27005,5.325088550212961E-7
51111,1.9168385819055886E-8
17041,1.036816310162216E-7
18171,4.207864866004594E-8
27007,6.730621329164321E-7
51113,2.1219927573806665E-8
17043,6.14330564311119E-6
18177,2.4623878163163177E-7
51115,1.0219548348936693E-8
17045,9.54755531106731E-8
18175,9.486339243501856E-8
51117,4.662485209760187E-8
17047,3.1148773566948176E-8
51119,1.2260194681520962E-8
17049,1.7527109742840628E-7
18179,1.093987925173682E-7
27001,2.430344506589201E-7
27003,4.270182248283494E-6
31127,1.0364047119625717E-7
31129,8.329542157763115E-8
31121,1.3782379726244523E-7
29217,2.068121629507702E-7
31123,1.7660882421153402E-7
29219,2.000967959468032E-7
31125,6.805444914217891E-8
29213,3.2370231937344853E-7
29215,1.7252050764615596E-7
29211,7.89329812195032E-8
30005,3.252287167479797E-6
30007,2.563130875862499E-6
31139,1.3350377714916215E-7
30009,4.076695108977825E-6
31133,4.3213682273316545E-8
29209,2.4651616743102466E-7
31131,2.2162816881086615E-7
29207,1.4268572825152932E-7
30001,5.514757704977995E-6
31137,1.727407893387063E-7
29205,6.60390830537995E-8
30003,4.080260950123614E-6
31135,6.880682443831685E-8
29203,5.319159879055858E-8
29201,1.8739922313741255E-7
17011,3.015116808717696E-7
17015,1.5373245838428067E-7
30019,3.508394799975789E-7
31149,3.3112539341483545E-8
17013,3.957854970258061E-8
30017,1.513090809009134E-6
30015,3.405515021877776E-6
31145,2.1132571847376359E-7
30013,4.747253552675806E-5
31147,1.2692089679910859E-7
30011,1.258832175211127E-7
31141,5.289119468050834E-7
31143,9.383041187407295E-8
17019,9.494875028617668E-7
17017,1.1191072467562911E-7
17001,6.19659804773546E-7
30027,5.5328008985981275E-6
17003,4.420708099497071E-8
30029,5.921955262667942E-5
17005,9.564932300760108E-8
29229,1.4656177623791556E-7
30023,6.1424497194042315E-6
31159,2.6572563538217055E-7
29227,2.8879203630134635E-8
30025,2.640542446148297E-7
31157,2.413105053847552E-6
31155,3.174511431502103E-7
30021,1.0945920836976386E-6
31153,1.8747820683320776E-6
29221,1.528307283393279E-7
31151,2.2112955064504394E-7
29225,2.6502572982210403E-7
29223,6.921904763503703E-8
17007,3.489736877009732E-7
17009,5.986112746882274E-8
37099,6.588485942477357E-8
20041,2.6473006003248035E-7
28061,4.532791643459508E-8
37095,5.535696310073812E-9
28063,2.79420252645074E-8
37097,2.1414494311495872E-7
28065,3.515666533765179E-8
29025,1.0175391479992446E-7
37091,2.460409829395636E-8
28067,1.5835264421963733E-7
29027,3.622697259439552E-7
37093,4.5232738274595027E-8
28069,2.6658968286810283E-8
29021,1.0347304942113249E-6
29023,2.0558493029288825E-7
29029,3.35183354105271E-7
22119,1.8455261594198532E-7
22117,1.0715203636757338E-7
20047,5.4345738234236795E-8
22115,1.7499684379077381E-7
20049,3.783620283989069E-8
22113,1.401873183316223E-7
20043,1.030223716753084E-7
22111,9.257014059917457E-8
20045,1.1874158926333872E-6
29031,3.415580820679152E-7
37089,1.6830628918461625E-7
37087,1.0799541512125751E-7
28051,6.553510952018318E-8
37085,1.2202736685341922E-7
29039,1.335462389428771E-7
37083,7.129862316013852E-8
28055,7.316498835199833E-9
29037,8.923869438231045E-7
37081,6.881917187533628E-7
28053,3.582621925610264E-8
29035,3.20988632597199E-8
28059,2.739647960155075E-7
29033,1.0816951520120015E-7
28057,6.566867553249927E-8
20039,6.194727792600304E-8
22125,4.0237339684497956E-8
20037,3.917943047072573E-7
22127,5.9080193904559947E-8
20035,4.30205725007974E-7
22121,5.5664176440529294E-8
20033,2.7776121750242832E-8
22123,4.268997066244113E-8
20031,1.0415120553577258E-7
37073,1.1101030706748182E-8
28041,3.01728646248153E-8
37075,1.688953951002968E-8
20061,3.73540225916419E-7
37077,6.975136624321618E-8
20063,5.359362635283688E-8
37079,2.035640052321332E-8
28047,4.075401761986781E-7
28049,7.220074271888863E-7
29001,2.563523074973354E-7
28043,7.399155063516082E-8
29003,1.9989697092952464E-7
28045,9.657122552193042E-8
29005,8.54823904585019E-8
37071,3.298583639259452E-7
29007,2.349490648586211E-7
29009,3.015714013708084E-7
20065,4.9953298339370996E-8
20067,1.322022255036507E-7
20069,9.730731355839282E-8
46135,3.817505167337834E-7
46137,1.647080890839315E-7
37065,6.366389424859968E-8
37063,3.2077212612768065E-7
37069,6.344476608449611E-8
20051,4.545476608242738E-7
37067,5.226703456070074E-7
29013,1.7343155515344932E-7
28037,2.3465426974358333E-8
29011,1.2317189134365957E-7
28035,1.7222900226580736E-7
29017,6.131010052358483E-8
37061,5.1660815801955686E-8
28033,4.174455170621451E-7
29015,1.662244137717949E-7
28031,4.8480974038269975E-8
22107,2.0074689598537137E-8
22109,2.3693424586470035E-7
29019,1.2748088252856244E-6
28039,4.1855810204114803E-8
20055,6.778788322465251E-7
22101,1.3024247851281637E-7
20053,1.0007860264987513E-7
22103,4.473793370835789E-7
20059,2.890815265105862E-7
22105,2.4675659948608983E-7
20057,5.205387156876322E-7
28021,3.437870049610349E-8
28023,4.374820797024899E-8
41027,3.9642168388079424E-5
28025,6.248931681070035E-8
41029,1.1432730094885266E-4
28027,1.18927140277103E-7
41023,7.612177425113466E-6
41025,5.652626893845632E-6
41021,3.6978956549003896E-6
46111,4.9724567188161806E-8
20003,9.212155607574616E-8
46113,8.128404770501517E-7
20005,2.0769685849556642E-7
46115,1.57672113625936E-7
13109,1.4102111225342771E-8
46117,8.758171695437713E-8
20001,1.5837207362779555E-7
46119,4.162507801037574E-8
28029,7.98571500604092E-8
13103,4.862425643556057E-8
13101,4.7092954018654685E-9
20007,7.129068576859544E-8
13107,3.2622612218291934E-8
20009,4.4875208050986806E-7
13105,3.6881044967208154E-8
28011,1.5698537868621646E-7
28015,3.3553610762130936E-8
28013,4.612019565974626E-8
13111,4.188225043841708E-8
41039,2.706278226747666E-4
41037,5.3553831406169016E-6
41035,4.516793757340614E-5
46121,2.233109638817891E-7
41033,4.5981920333642716E-5
41031,2.0072846357056847E-5
46125,1.5584669511850318E-7
46123,1.3902148360822113E-7
46129,1.839634396464491E-7
46127,2.1006779623996713E-7
13113,1.7396747073613717E-7
28019,2.7871952311067186E-8
13115,1.9886342928279753E-7
28017,5.723621542822243E-8
13117,1.9634026958881884E-7
13119,3.792252177548653E-8
13121,1.6130736451376137E-6
41005,3.927991953182819E-4
28003,1.0952587331318155E-7
41007,5.0148305741490686E-5
28005,3.576031803616137E-8
41009,8.25038625749447E-5
28001,9.85834654851118E-8
41001,1.5483327451767775E-5
41003,7.141666845105733E-5
20021,2.2419021396377272E-7
20023,5.997991411003288E-8
20025,3.671934976509974E-8
20027,1.269490653197458E-7
20029,1.6035371286169707E-7
13129,9.639260195450727E-8
13127,7.16033264217339E-8
28007,5.671815379674373E-8
13125,4.267189386121552E-9
28009,2.6858316208463983E-8
13123,4.957227802837045E-8
13131,3.645526658278692E-8
41019,7.544528071282348E-5
13133,2.564275246600499E-8
41017,1.0202226771021826E-4
41011,4.388795261269935E-5
41015,1.2716664127768292E-5
41013,1.7816284519958456E-5
20011,1.615716904938964E-7
46107,7.202919961604273E-8
46105,2.3941077794054116E-7
20015,7.350100451275027E-7
46103,6.22538735354387E-6
20013,1.382593924845034E-7
46101,1.1593383572350425E-7
13139,2.7254608978311017E-7
20019,4.944455087889053E-8
20017,3.8177720222720103E-8
13135,1.1269602674445239E-6
13137,7.032205872272947E-8
46109,1.8495762306722934E-7
13145,4.4642310075793716E-8
13147,4.2310986630259206E-8
13149,2.209380428704241E-8
41061,2.688441159120001E-5
41069,1.6898214499364873E-6
41067,5.767180104294628E-4
41065,3.4234503211223766E-5
41063,7.088593692258902E-6
13141,1.7432675337586265E-8
13143,5.4138042693054664E-8
13159,2.0567371948767448E-8
13157,7.838252006550335E-8
41071,9.182098050266543E-5
13151,2.2406364958643388E-7
13155,1.4833833764303245E-8
13153,1.8957337731826725E-7
13167,1.3587226605943945E-8
13169,4.174134474756505E-8
29081,1.04336912453731E-7
41043,9.736798226745924E-5
41041,4.0067052272608816E-5
29085,8.433747285989418E-8
41047,2.8967996098027007E-4
29083,2.2185366199621957E-7
41045,2.2706279006346102E-5
29089,9.956084043539426E-8
13163,2.7949690942455086E-8
29087,6.771262436172001E-8
13165,1.2506912694499854E-8
41049,2.1034546977363507E-5
13161,1.8017911230986495E-8
13179,7.311044188225232E-8
41051,0.0010930384693568975
29091,2.418713383510125E-7
41053,6.062611481543294E-5
29093,5.9307544348418074E-8
41055,3.741905928638302E-6
29095,7.2727841817741205E-6
41057,2.5849807868778326E-5
29097,1.0154541695622388E-6
41059,1.3108838476854053E-4
29099,1.2710067218992291E-6
13177,4.199278209823997E-8
13175,7.118260649779914E-8
13173,9.777665314929266E-9
13171,2.921938848556288E-8
13189,3.582950783878495E-8
13181,1.436296534704866E-8
29069,1.4843474932186996E-7
13183,1.2809408951799278E-8
29067,1.0012954745775163E-7
13185,1.2428783134945636E-7
29065,1.0528089441061529E-7
13187,4.257511987836241E-8
29063,1.3734479522959978E-7
29061,9.28748252273152E-8
28097,3.6894270806075714E-8
13195,4.7467106839587486E-8
28099,7.580002509079619E-8
13193,2.4531485540851606E-8
29077,2.1456997184048433E-6
13199,4.2600697343484206E-8
29079,1.17616835211905E-7
13197,1.2842170145416702E-8
29073,1.2559671261614148E-7
28091,6.323098082046353E-8
29075,8.267194075149824E-8
28093,1.2199423109816873E-7
13191,1.1635894047411766E-8
28095,1.071028997423899E-7
29071,7.118551190819164E-7
29045,7.242382666724476E-8
29043,4.6405225767931106E-7
29049,2.2225255410696136E-7
28089,2.1410549757148363E-7
29047,2.0974563411911514E-6
28087,1.6365162130819896E-7
28085,8.760997762498894E-8
28083,1.233183171512771E-7
29041,8.536812514646792E-8
28081,2.2492765296023553E-7
28079,5.839810290758189E-8
29055,1.691524330473018E-7
29057,7.535263478558686E-8
28075,1.950480607475796E-7
29059,1.4108080539965585E-7
28077,3.441000127804476E-8
28071,1.270760753343416E-7
28073,9.446094694803366E-8
29051,6.425233510662735E-7
29053,1.6101658822079222E-7
48297,4.797651309882433E-8
48299,9.482398778997872E-8
48293,1.1560027609987311E-7
48295,4.31649179273352E-8
48291,2.4488648640048367E-7
51081,1.5054130323334924E-8
51083,5.918037228353136E-8
31037,1.7263859199632903E-7
18093,1.7861647620124152E-7
51085,1.2422597990285704E-7
31035,1.1710231443703345E-7
18091,5.593424557974149E-7
51087,3.628818566092712E-7
31033,3.056327016545025E-7
18097,3.5768797202136896E-6
51089,9.993946049102268E-8
31031,1.5149053112987666E-7
18095,5.459302797664221E-7
18099,2.0953160114283168E-7
31039,1.6842499567087927E-7
51093,3.367597619044614E-8
51091,4.665228726822312E-9
51097,8.874754969309213E-9
31025,3.6623034027891755E-7
51095,5.98130518612397E-8
31027,1.630022836366235E-7
31021,1.2517822525298392E-7
51099,2.4414976100064343E-8
31023,1.435671400380797E-7
31029,8.646774391116603E-8
48271,1.8321012689222103E-8
48273,9.793277437956251E-8
48275,4.510857542002279E-8
48277,3.4288442590327834E-7
31011,1.0931937735006484E-7
18075,8.313935529403563E-8
18073,1.5284511951881043E-7
31015,4.532293443629714E-8
18071,1.5607376024882596E-7
31013,6.69551474969524E-7
31019,7.481019384173433E-7
48279,1.9570658212215167E-7
31017,7.458389663640148E-8
18079,9.521558313956343E-8
18077,1.020982530990921E-7
48285,7.901562438519347E-8
48399,1.0451080972486459E-7
48283,2.5382566270317883E-8
48397,2.9659658262329823E-7
48289,7.358982604955752E-8
48395,7.748892149023145E-8
48287,7.168024606674752E-8
48393,1.2518928161467733E-8
48391,2.6985379785764852E-8
48281,1.1363462285481718E-7
18083,1.7107653182795256E-7
18085,3.291532940386302E-7
31001,5.227693626315725E-7
31003,1.317872768053347E-7
18081,4.560548791149537E-7
31005,1.0717034124681981E-8
31007,4.713985928414286E-8
31009,1.2309017102438962E-8
18087,1.5381077683795742E-7
18089,2.606555378930998E-6
31073,3.8258766344840186E-8
31071,3.500911742696019E-8
48253,2.0440174891712545E-7
48381,1.465627702891206E-6
48255,6.546454925945972E-8
48383,3.217263040158847E-8
48385,1.678167504805914E-8
48251,9.494581910923714E-7
48387,9.14888742897699E-8
18057,7.716254572266783E-7
48389,1.4444332313128857E-7
18055,1.4274458392370692E-7
48257,4.553455099764135E-7
18059,2.164284859512924E-7
48259,1.2340674197226163E-7
31079,9.061552302346077E-7
18053,3.08471091788089E-7
31077,4.808059247072469E-8
18051,1.3984230454639507E-7
31075,1.8547937890987632E-8
31061,6.015970151365183E-8
31063,5.748118863525665E-8
48267,3.071284332846591E-8
48373,1.6321773532805935E-7
48265,2.3867423876482266E-7
48371,1.6397486493377226E-7
38103,1.6155446351181842E-7
48263,9.459038884471131E-9
48377,7.149830398578001E-8
38101,4.174749707653028E-6
48261,1.1822586100286087E-9
48375,1.7302042321663033E-6
18065,1.8532856776591384E-7
48379,5.0885337640754286E-8
18067,3.7096301469101663E-7
38105,1.820833583592294E-6
18069,1.6122714349725165E-7
48269,3.987155411714881E-9
31069,6.139239386223816E-8
31065,9.489708624516352E-8
18061,1.1419079556120663E-7
31067,3.4652022586966983E-7
18063,4.495437666019327E-7
31051,1.0578678892080244E-7
48363,2.3887113431194445E-7
48365,1.0181031014975922E-7
48231,5.260844505491127E-7
48233,3.656433758857519E-7
48361,2.661475225732671E-7
18039,8.32399958449442E-7
48235,1.633197014929095E-8
18037,1.5469796862993633E-7
48237,8.07697296423963E-8
18035,4.6073941097241925E-7
48239,5.0627498366368306E-8
48367,7.532846002980002E-7
18033,1.68722559930722E-7
48369,1.4535965590909158E-7
18031,8.534310336738474E-8
31055,7.181056586418249E-6
31053,5.855374852809718E-7
31059,1.0837268106587462E-7
31057,4.8490374576696486E-8
31041,2.1893142003583286E-7
22097,2.443824154865886E-7
48241,1.2418774397649772E-7
48355,1.0002915322714414E-6
22095,1.0203723591034896E-7
48353,1.548098728189422E-7
22093,5.098449405792765E-8
48245,7.839211283571308E-7
48351,5.20112248131301E-8
22091,2.6518727487974738E-8
48243,2.2958420542675144E-8
48249,1.3565504773162142E-7
18047,7.259497809610822E-8
48247,1.689694558593848E-8
18049,9.368867839701395E-8
48359,3.491208599562913E-8
18043,2.3048220789454495E-7
48357,1.3809893187984395E-7
22099,1.2385915142673725E-7
18045,8.593869901832231E-8
31043,3.356948864123046E-7
31045,6.079604668048427E-7
18041,8.868380404550897E-8
31047,4.4902655792009996E-7
31049,5.181940596366156E-8
51003,1.336513557724481E-7
51001,4.1039386164662634E-8
48219,2.869811904167327E-7
48347,2.597947300443342E-7
18011,2.021540085909317E-7
37005,1.9704671374393133E-8
51007,1.662571187966312E-8
48217,2.0667620457283138E-7
48345,1.713046438618615E-8
22089,1.1048447981719555E-7
18013,5.8409802741450186E-8
37007,3.7823046436126414E-8
51005,2.3743081376990687E-8
51830,1.475302262022353E-8
48215,1.611289106931815E-6
18015,9.19823053073244E-8
37009,4.5910293860731815E-8
48213,3.8522733816663705E-7
48349,2.452446427555377E-7
18017,1.8428636622057706E-7
51009,5.493697988868082E-8
22083,7.234256650842725E-8
18019,3.1119428714980996E-7
48211,4.498049889376977E-8
22081,3.9615670632359325E-8
22087,1.4043783215702726E-7
37001,2.0339283131317915E-7
48343,6.852172805681778E-8
22085,9.084368045380764E-8
37003,6.020539139752118E-8
48341,3.2090423479863706E-7
51011,2.2557787248842184E-8
51013,2.9162211513542634E-7
22077,6.059845708723451E-8
18023,1.5024528297286485E-7
37017,3.532442825936927E-8
51015,1.163078969871764E-7
48229,4.051712785563621E-8
48335,9.809375118912126E-8
22079,3.946819608705201E-7
18021,1.1771609847899666E-7
37015,2.0814255291024502E-8
51017,9.267571614120967E-9
51820,3.38907754144693E-8
48337,1.7760060480112018E-7
18027,1.2634003806691622E-7
51019,1.0488418813028156E-7
17201,2.410455765913593E-6
48225,1.0432231362917152E-7
48339,1.173153146363891E-6
18025,3.757698795021983E-8
37019,7.477018469037572E-8
17203,2.687857227398534E-7
48227,3.525446814409552E-7
48221,3.3479284837940724E-7
48223,2.0103833088968832E-7
22071,1.0951110136067114E-6
18029,1.463269273699837E-7
48331,1.2098371104996674E-7
22073,5.574800140097602E-7
37013,4.527044386310202E-8
48333,3.862051533989216E-8
22075,5.345538750850435E-8
37011,3.249437703373795E-8
51025,2.551765085209835E-8
51023,5.460526393379035E-8
51021,1.3064744924781244E-8
48329,1.2101751165940312E-6
48327,1.8373897365186923E-8
48325,1.956113791483264E-7
22069,1.4867752397881676E-7
51029,2.5397922957960116E-8
51810,4.357825089095585E-7
48323,2.396175807946734E-7
22067,1.1793259417121422E-7
51027,5.632589799096109E-8
22065,4.35231225167476E-8
48321,1.220909061782259E-7
22063,2.2665915426263609E-7
22061,1.7288020952018648E-7
51033,3.2136256625998965E-8
51035,5.293689626260268E-8
51036,9.090513835675182E-9
51031,8.502802051585993E-8
22059,4.565230495175431E-8
18005,2.72038932637114E-7
51800,6.828141994308229E-8
48203,2.966495935969298E-7
48317,5.216400829719452E-8
18003,1.3535580260917991E-6
48205,9.060405149193669E-8
48319,2.458864329175149E-8
22055,5.043382552318833E-7
18001,1.3011384989465158E-7
51037,1.9460957761544788E-8
48207,6.189310249390685E-8
48313,5.859138580219572E-8
22057,1.9829654544351162E-7
48209,4.862642265453473E-7
48315,5.436386463140944E-8
22051,9.683103730257857E-7
48311,3.5736282415940674E-9
22053,9.02048211066855E-8
18009,5.5063329969748543E-8
48201,1.2515623228041345E-5
18007,4.775258749561976E-8
22047,8.4472183483703E-8
37049,9.128932232316128E-8
48303,2.9858268482885645E-6
22045,1.813960225635291E-7
51049,1.406840982186662E-8
48301,7.776083990047528E-10
48307,6.386611996503512E-8
22049,5.951161695489761E-8
48305,7.736149647853779E-8
51043,2.1782795008578546E-8
51041,3.6642376601807465E-7
48309,1.1707986999531828E-6
51047,5.6509724580113886E-8
51045,9.347630988747303E-9
37041,1.5017866794284767E-8
37043,1.8067594064916962E-8
22043,6.147045184640143E-8
37045,1.7129332809200466E-7
22041,6.835929423038837E-8
37047,5.807502982187506E-8
22033,1.0495424611573826E-6
51059,1.524795317723668E-6
22035,3.0965811650751945E-8
37059,5.996052138232265E-8
22037,5.568093927010613E-8
22039,1.0299680914325531E-7
51051,3.469035084540819E-8
51053,3.408623558546398E-8
51057,1.3875599178050777E-8
37053,1.7853052363309264E-8
37051,3.9062965896709926E-7
37057,2.4369537843759777E-7
22031,1.0910493736555096E-7
37055,2.825843483925046E-8
22029,5.962795641768197E-8
22027,7.309670225902388E-8
22025,3.368711953556006E-8
37027,1.4250703669834917E-7
22023,2.8426654834967965E-8
37029,6.955075606784122E-9
51069,1.0448001013070963E-7
51067,8.26456979889589E-8
51065,3.245746141817761E-8
51063,2.4877415158627627E-8
51061,9.116426416752461E-8
22021,3.639855903020443E-8
37023,1.6388417596825666E-7
37025,2.1649262881727867E-7
37021,3.983430096490697E-7
22015,4.3890370293392876E-7
22017,1.1380908400139421E-6
22011,1.0473825196518486E-7
37039,5.13891347454437E-8
51840,4.1206517196811495E-8
22013,6.486702816115067E-8
37037,7.163874205270815E-8
51077,3.3523106144594105E-8
51079,2.595032655770163E-8
22019,5.47323949344016E-7
51073,4.202920135097981E-8
51075,2.54370980123563E-8
51071,3.117132936929293E-8
37035,2.514761659547988E-7
37033,3.7481369984256254E-8
37031,5.6278458481610576E-8
29121,1.588959086167423E-7
29123,6.273116369918425E-8
29125,7.512198314527231E-8
37191,1.2845523835833163E-7
29127,2.630495784414261E-7
37193,1.1874292334411581E-7
37195,8.882185665804447E-8
37197,6.402280254923187E-8
37199,3.460389815361439E-8
20181,1.2579915379828903E-7
20183,7.551100472223821E-8
20185,7.221706071084908E-8
20187,4.080037302102165E-8
20189,9.086568707046041E-8
29129,4.296580392927654E-8
29133,5.9591395268737896E-8
29131,2.0880654004984857E-7
29137,8.785646413711254E-8
37181,6.04743105346408E-8
29135,1.3780091194338064E-7
37185,2.6961180215782633E-8
37183,8.596881818468223E-7
20173,5.785010156762749E-6
37189,8.067933292463704E-8
20171,8.940918636609745E-8
37187,1.3845343423607264E-8
20177,2.1087200657202144E-6
20175,3.6755444106541243E-7
20179,4.983894543056701E-8
29139,1.038220044424247E-7
29147,2.7618391273189203E-7
29149,5.660519171174751E-8
29143,8.85037964711699E-8
29145,5.002389585751473E-7
29141,1.8209451670699096E-7
20161,8.588320863695271E-7
20167,1.184418918677964E-7
20169,7.581584374528044E-7
20163,9.482639853907493E-8
20165,5.7536818998724566E-8
29159,3.883812895823014E-7
29157,9.393838956084847E-8
29155,8.88295586108357E-8
29153,6.75130516978071E-8
20151,1.361906960385431E-7
29151,1.1177573733570013E-7
48503,1.710317798335512E-7
22005,1.8817918275178944E-7
20159,1.56123769391061E-7
48505,4.060054798397798E-8
22007,5.65672926719568E-8
20157,9.313075002441891E-8
22001,1.6434553760952175E-7
20155,8.897384154464901E-7
48501,9.223525770778712E-8
22003,7.574187663021811E-8
20153,5.499768835755955E-8
48507,5.619269107530481E-8
22009,1.2069912909963617E-7
13001,2.339583692238043E-8
13009,7.758304947129908E-8
20149,2.423876272440473E-7
13007,6.755543568966645E-9
13005,1.3524641806220576E-8
13003,1.0570419359038255E-8
20141,7.327220800606622E-8
20143,9.292136475934148E-8
20145,1.1550300887635294E-7
20147,1.0123173053771117E-7
13011,2.7310535330639717E-8
13017,2.6124466475426377E-8
20139,2.0182079624372628E-7
13019,2.3095715567933698E-8
13013,8.71555513217475E-8
13015,1.605553206611231E-7
20133,1.8366974057748934E-7
20131,1.4275529711416607E-7
20137,1.0521670810277007E-7
20135,5.744204021522846E-8
29103,4.30077079156443E-8
29105,2.7836798198454277E-7
29101,4.984505755889018E-7
29107,3.468357232698364E-7
20127,7.893862401491047E-8
29109,3.241710854243412E-7
20129,5.86125174420889E-8
20123,1.1128356237355715E-7
20125,3.9493460252653995E-7
20121,3.1941893546115405E-7
29115,1.4444659703194962E-7
29113,3.184223029333506E-7
29111,1.0050529892640235E-7
20119,7.422601542238631E-8
29119,2.0044973369834373E-7
20117,1.5328071508497568E-7
29117,1.5996952652094106E-7
20115,1.7328710747841755E-7
20113,4.065262542656932E-7
20111,4.4055228108251025E-7
20103,8.17798454491766E-7
20101,3.620906234642147E-8
20107,1.0500679571463006E-7
20105,5.686882952093029E-8
13047,1.2298349283480607E-7
20109,5.431134147711241E-8
13049,1.1194768818312251E-8
13043,1.3611896272960232E-8
13045,1.7911066385034957E-7
13059,1.871032253496926E-7
13057,2.9184820794403253E-7
13055,5.8146505085493976E-8
13053,2.7123099566793313E-8
13051,2.578215890992142E-7
13025,1.7117295042290345E-8
13027,2.328565514894645E-8
13029,2.8877168706808574E-8
13021,2.7002319922506607E-7
13023,1.936524566301955E-8
13037,1.082304885752483E-8
13035,3.590853291377284E-8
13039,4.5488118354625664E-8
13033,3.417601108203245E-8
13031,7.689367209238742E-8
13081,3.6268753118418385E-8
29163,1.5777104232172912E-7
29161,3.1020098370393237E-7
29167,2.4940907525852895E-7
13087,4.56078778250004E-8
29165,8.68884556655664E-7
13089,1.2915875701049995E-6
13083,3.5966689392912734E-8
29169,3.4346835578532777E-7
13085,3.266093108763576E-8
32510,2.0856149300247527E-5
13091,3.040101952925703E-8
48199,1.6631828560411284E-7
29171,5.7414139622264624E-8
48197,5.40186066813386E-8
29173,8.726498792305093E-8
48195,8.567819923889586E-8
29175,2.409894763994286E-7
13099,2.1272436200426316E-8
48193,5.821244673255469E-8
13097,1.850370646577633E-7
29177,2.569012276823602E-7
48191,4.582850037306438E-8
13095,1.5918267364426E-7
29179,3.7109474882255056E-8
13093,1.954510723656533E-8
13069,5.2850097470448235E-8
29185,9.450212187288236E-8
29183,2.1162658523232042E-6
29181,7.046612269226187E-8
13061,5.932590816968193E-9
13063,4.5497246106693195E-7
13065,8.80844481254547E-9
29189,6.773361050479952E-6
29186,9.650151416929135E-8
13067,1.2257440552491283E-6
29187,3.0670021439552357E-7
13079,2.2215951589836077E-8
29195,2.400220240225373E-7
13073,1.481271645433608E-7
13071,6.336854845314974E-8
13077,1.7486606175227443E-7
29197,4.3416881079041855E-8
13075,2.26286041519842E-8
29199,5.032686994255865E-8
48151,4.419369377784596E-8
48153,9.670074112568884E-8
48155,1.8182279030156424E-8
48157,1.243627563056395E-6
12011,1.414024832651379E-6
12013,2.1158419854969012E-8
44009,1.1775559794622954E-7
48159,5.240852359330544E-8
12015,1.2646879394491518E-7
12017,1.1238789007418436E-7
51775,4.4353002461432223E-8
12019,1.3812129050037703E-7
51770,1.6922216270237715E-7
44001,4.81139992613705E-8
44003,1.6209854982286477E-7
44005,8.092235890572349E-8
44007,6.049126803363941E-7
48163,7.421212939189613E-8
48161,9.210004173843442E-8
12021,2.2244827893601734E-7
48167,7.619891434045628E-7
48165,1.7276317813145433E-7
48169,5.641742413358457E-8
12023,6.057018682444375E-8
12029,1.4657540109758854E-8
12027,2.8780013187894742E-8
51760,2.7970368250001436E-7
48171,1.1386773210249167E-7
48177,8.122534534788525E-8
12031,7.802580073444337E-7
48179,3.054060131657046E-7
12033,5.589012030894443E-7
48173,1.4201313650654478E-8
23011,1.1349234510086275E-7
48175,2.6800005742560856E-8
23015,3.1657278683621875E-8
12039,7.027969492958636E-8
23013,3.699606800492117E-8
23019,1.36566595096848E-7
12035,4.6688793915683656E-8
23017,5.700698025959013E-8
12037,1.5731539094149734E-8
51790,4.210892555686137E-8
48181,9.3768857347545E-7
12043,9.392186849000365E-9
48189,4.7073962073814775E-7
12041,1.4957991037727543E-8
48187,4.0448629652745674E-7
48185,1.0308091294451753E-7
48183,5.572569101749421E-7
23001,1.0171272815780307E-7
23003,7.230315540761992E-8
12049,2.41902040473776E-8
23005,2.593672996822768E-7
12047,1.6412734805042008E-8
23007,3.068914478562885E-8
12045,2.0501750613024002E-8
23009,4.785507973432935E-8
48485,1.3444458696756964E-6
23031,1.8279548774875487E-7
48487,1.5973385559768841E-7
48111,1.0359554296858762E-7
48481,1.5571406698116574E-7
48113,1.6078663420265813E-5
48483,6.835229169234591E-8
48115,1.7130818089029884E-7
48117,2.847917628181197E-7
48119,3.5090157093435475E-8
48489,5.350706171426658E-8
48475,1.1877259672890239E-7
48473,1.340003529538737E-7
23021,1.684803040678714E-8
48123,8.229320261319697E-8
48471,2.677256052537707E-7
48121,3.635297342757677E-6
23027,3.4123509151532706E-8
48127,4.641107616434363E-8
23029,3.072753503582738E-8
48125,3.2049033889714235E-8
23023,3.3464508770993666E-8
48479,7.683069665460168E-7
23025,5.262468618796049E-8
48129,4.951161093013366E-8
48477,1.327360596802846E-7
48133,1.6052975197804067E-7
48135,1.3221920573872435E-6
48131,4.582558562369149E-8
48137,1.4211130425164157E-8
48139,7.27785311076662E-7
48145,9.69243037767037E-8
48493,1.4289329109812507E-7
48143,2.703063073288954E-7
48491,1.2915618381938684E-6
48141,8.943232914308053E-6
48497,4.2992011872140365E-7
48495,8.058986564773906E-8
12009,4.2632412533743236E-7
12007,2.6364073531445875E-8
12005,2.462327417802738E-7
48499,1.986817445035091E-7
12003,2.338366074126266E-8
48149,9.546546984630665E-8
12001,2.1918690169225004E-7
48147,2.4277981355184256E-7
37107,6.263489332208121E-8
37109,1.1228328507151442E-7
48449,1.5241310738802618E-7
37103,1.0615414944155364E-8
48447,1.8128058481911696E-8
37105,6.924698084235556E-8
48445,1.5439772907658703E-7
12091,3.1263678228167265E-7
48443,9.469966022921318E-9
12095,8.165305285649762E-7
48441,1.2084044134857645E-6
12093,3.189586643102806E-8
37101,1.5581604474294292E-7
12099,9.95985097190976E-7
12097,1.547846042038521E-7
48437,1.1162889637351769E-7
48439,1.1556882850386796E-5
37119,1.1680057795292814E-6
48433,1.7823078855866553E-8
37117,2.669059001202519E-8
48435,3.198411572266669E-8
37115,3.9282182979901605E-8
37113,5.988494922408631E-8
37111,7.877464424575052E-8
48431,1.3623926738301912E-8
37125,1.0723526989885163E-7
51710,2.4649770116932984E-7
48469,3.189081870102142E-7
37127,1.1178565085193292E-7
48467,2.618568600109606E-7
37129,1.5955133031637446E-7
48461,3.357304979324585E-8
48465,3.367221245809905E-7
37121,2.994564554569199E-8
48463,1.351889385711368E-7
37123,4.0468226098485316E-8
48107,8.442862513966091E-8
48455,6.002273885486289E-8
37139,3.5257918591576794E-8
48109,3.4946544991666816E-8
48457,8.042852694737283E-8
37137,1.2556248260805785E-8
51700,1.9936300859321358E-7
48103,4.087250033936763E-8
48459,1.835243768255085E-7
48105,3.6444912444371065E-8
37131,2.716144168235763E-8
48101,2.2348306157936874E-8
37135,1.7644997910141356E-7
48451,9.393860953025209E-7
37133,1.5179236934356935E-7
48453,3.9656844964128046E-6
48409,2.2388521672644498E-7
48407,9.042668455803635E-8
12059,3.286661535368327E-8
48405,3.668909168955623E-8
51735,1.2406070536024794E-8
12057,9.164105092907977E-7
48403,4.057225689493414E-8
20097,4.9861708478718146E-8
37147,1.409848993324323E-7
48401,2.1978085109197692E-7
20099,2.367228999170977E-7
37149,3.381224030194453E-8
51730,4.534538127704048E-8
20093,7.684412009008804E-8
12051,3.210619080082299E-8
37143,1.1625693165879851E-8
20095,1.1582939067943724E-7
37145,5.36991885640033E-8
12055,7.79499280819585E-8
20091,5.189636890805073E-6
12053,1.231043833943273E-7
37141,4.202189439431874E-8
12067,8.023633024365523E-9
12069,1.9506356509279748E-7
51720,8.344008662366304E-9
37159,2.20192413833125E-7
37157,1.5339934562631627E-7
12061,1.0037598229118691E-7
37155,1.5557548048447707E-7
12063,7.926792565308196E-8
37153,6.674548331236656E-8
12065,1.8000631620798826E-8
37151,2.062204413971227E-7
51750,2.9207873650209915E-8
48425,5.186292085740235E-8
20075,4.721068221163604E-8
37169,7.756673716475898E-8
48423,8.977252587356238E-7
20077,8.439397452909305E-8
48429,8.914720277066676E-8
20079,4.2732665928476036E-7
48427,1.5929901465783366E-7
12079,2.462711443001701E-8
12077,1.0795733277539977E-8
37161,1.1513973417341262E-7
12075,3.4678709296190056E-8
37163,6.876162528201857E-8
20071,2.740099052661283E-8
12073,3.487365203237937E-7
37165,4.946456679760317E-8
48421,5.164775180962127E-8
20073,9.144396062438067E-8
12071,3.926111395459717E-7
37167,9.262577795168582E-8
48419,1.0864311616104975E-7
51740,1.0611275326064365E-7
20089,6.187584449308492E-8
48411,4.362069727716758E-8
20087,2.2319062950963752E-7
48413,2.5036766550827384E-8
12089,5.965641283685951E-8
48415,1.724770779427928E-7
48417,3.1629826600892614E-8
12086,1.9359810825981725E-6
20081,7.161914652650556E-8
12085,1.1230135827834408E-7
37175,5.588103617889715E-8
12087,6.976879491433301E-8
37173,2.701192440408004E-8
20085,1.603840972218449E-7
12081,2.387445823292927E-7
37179,1.9699653868782653E-7
20083,3.407257633732131E-8
12083,2.456747947941336E-7
37177,4.047272256185177E-9
37171,1.2708956516945216E-7
54101,1.929905147542646E-8
54103,3.8655694827188375E-8
54105,1.3203708217889564E-8
54107,2.029171882568631E-7
54109,5.292224248674855E-8
42113,1.1394544787856758E-8
42115,7.120143335666798E-8
42111,1.5268140567569338E-7
42117,7.670008565151501E-8
42119,7.362266783081852E-8
39089,3.7999711369590826E-7
39087,1.4992452297286054E-7
39081,1.717128508984298E-7
39085,5.994761057377378E-7
39083,1.438587848042107E-7
42125,4.441722889771462E-7
42123,9.725842874553651E-8
42121,1.3067868934289197E-7
42129,7.574583842664141E-7
42127,7.557313234731391E-8
39097,1.1437755205558993E-7
39099,6.20808516283686E-7
39091,1.3964071379355827E-7
39093,7.978595474470061E-7
39095,1.486362888189979E-6
42103,6.771582296812521E-8
42101,2.0091205102310164E-6
42107,2.450259667710438E-7
42105,3.5294130715623885E-8
42109,6.565080860326154E-8
39041,3.0950947712633097E-7
04015,1.0477783027781214E-5
39043,2.3102107510007368E-7
04017,2.414116249438055E-6
39045,3.1898012933825727E-7
04019,1.4534345021707866E-5
39047,7.93428046973406E-8
39049,2.9321332089466157E-6
04012,4.7390368496873273E-7
04011,1.506197652497193E-7
04013,6.147142588719837E-5
39051,1.5900169638300727E-7
48093,1.1474972135285669E-7
48091,3.7755749946354474E-7
39055,2.291614333569769E-7
48097,3.22697730228263E-7
39053,7.461045404289037E-8
48095,3.372400626425567E-8
04027,2.9921264072258756E-6
39059,9.86995740799892E-8
39057,4.315940222618588E-7
48099,4.642553438807923E-7
04021,3.220411544181484E-6
04025,4.436281264589844E-6
04023,6.276109863026807E-7
39061,2.5439004860399187E-6
48081,3.71576679933605E-8
39063,2.2661663746506093E-7
48083,8.03521469590943E-8
39069,1.0156141109104024E-7
48089,8.28157485516418E-8
39065,9.857591762308837E-8
48085,3.7831680736848432E-6
39067,3.765310883624116E-8
48087,4.039183976972995E-8
42133,6.193076209388871E-7
42131,4.7399667185116884E-8
39073,7.094617122844308E-8
48071,8.324406052617998E-8
39071,1.1291873661758872E-7
48079,4.836515176441408E-8
39079,8.076224058766576E-8
48077,1.0732940989222055E-7
04009,5.893153672114716E-7
39077,1.696148603851783E-7
48075,9.261879221094313E-8
04007,9.632554338506648E-7
39075,1.0027527241604197E-7
48073,2.1723534147888254E-7
04005,6.3554859349289855E-6
04003,1.9183206735277967E-6
04001,1.6716006619097652E-6
39001,7.161761894117626E-8
39003,3.561841571167505E-7
39005,1.3975743902548114E-7
20209,1.8371005366129914E-6
20207,4.386978765667336E-8
20205,1.1605537936287659E-7
20203,4.484655710442707E-8
39007,2.5763240652243034E-7
20201,9.777878806035256E-8
39009,1.5115856067566678E-7
39011,1.5156366448966572E-7
39015,1.1749061667067555E-7
39013,1.6259518593482412E-7
39019,6.966871321816648E-8
39017,1.0305189137670798E-6
39025,5.089846085709685E-7
39027,1.1552435071219346E-7
39021,1.1565885289805045E-7
39023,4.267371636493421E-7
39029,2.6638940725178897E-7
39037,1.7745575700831079E-7
39035,3.7476683764416012E-6
39033,1.3554718476234074E-7
39031,9.225447774303473E-8
39039,1.524069797748867E-7
12115,2.930876597042278E-7
05063,1.7558352028161164E-7
48019,9.253482156202486E-8
12117,3.311304077182085E-7
05065,7.190349028934077E-8
12111,1.709989787088035E-7
05067,8.905475514537908E-8
48015,9.875015614446059E-8
12113,2.2144112496902404E-7
05069,3.7779812448978815E-7
48017,9.029265712382649E-8
12119,4.996087396331605E-8
05061,7.754728435861959E-8
48011,2.883037009334714E-8
48013,1.7082122955594264E-7
05077,5.408475880614153E-8
12129,3.248274468918705E-8
05075,9.011313771997172E-8
12127,4.088965132634575E-7
48029,6.564204142399444E-6
12125,1.3925553138820369E-8
05079,6.273910680610423E-8
48027,1.2623007290758344E-6
12123,2.447605120144698E-8
05073,4.1081387219338126E-8
05071,1.6094181158466713E-7
12121,3.9878306892971375E-8
48025,1.2478585913879173E-7
48023,4.172420645319569E-8
48021,2.659831948952286E-7
05045,4.4806893617800743E-7
05047,1.3590867511729613E-7
05041,6.084730552567298E-8
05043,7.851663975033959E-8
51690,2.640292889906381E-8
05049,6.453377017371349E-8
05059,1.5450379560627057E-7
48007,7.196694147118406E-8
12103,8.574124729287928E-7
05057,1.2091806316372113E-7
48005,3.404943485922472E-7
12101,3.2241230693057897E-7
05055,1.7845042652372632E-7
12107,6.707316421310795E-8
05053,7.891160804115121E-8
48009,8.710247603098506E-8
12105,4.364231182562163E-7
05051,4.6430033345695446E-7
51685,1.6422921159476156E-8
51683,5.608820761554127E-8
12109,1.1708746763994924E-7
42097,1.6222113743271515E-7
51680,1.112433575450577E-7
42099,7.597742993842254E-8
42093,3.155499615105614E-8
42095,3.8713657975928615E-7
42091,1.0517720951401938E-6
48003,1.5052322945409178E-7
48001,2.76444240030976E-7
51670,3.001878126128228E-8
05021,8.467698967552698E-8
51678,1.2159267378589938E-8
05023,1.2614993714220636E-7
48059,1.1811352039265905E-7
05025,3.805539439767406E-8
54099,9.951682546200343E-8
54097,4.6743891067600885E-8
05027,1.1683189366877515E-7
48055,1.471176507898838E-7
54095,2.1128009332243818E-8
05029,1.1018275337797266E-7
48057,6.653566822508579E-8
54093,1.3875651321740394E-8
56009,1.0722013309996395E-6
48051,7.463769355843491E-8
54091,3.26004609114201E-8
48053,1.8539808514432938E-7
56005,3.3451864482310313E-6
56007,1.439125612865219E-6
56001,2.701991603619521E-6
56003,3.680790809517643E-6
51660,7.149558723250645E-8
05033,4.3655572804832604E-7
05031,3.791243588964047E-7
05037,8.699124192939328E-8
05035,2.185565478891803E-7
35061,1.177517881625409E-6
48069,1.1402524050996507E-7
05039,4.283947952745501E-8
48067,1.5578822336073178E-7
48065,9.195552063005512E-8
48063,6.140960576785494E-8
48061,8.660751203369802E-7
51650,1.5677418298666018E-7
05001,8.980154449703715E-8
48037,4.7529587788098573E-7
12133,3.609000544064893E-8
54079,1.1782778802974241E-7
05003,9.451220037467297E-8
48039,7.753931332981311E-7
54077,5.77208075923457E-8
35059,7.349603123754583E-8
35057,2.865694818973923E-7
54071,1.5096665187220995E-8
05009,2.5948298443026136E-7
35055,5.684497900811441E-7
35053,3.053328679326185E-7
48031,4.4118640494973315E-8
54075,1.7259312943066035E-8
05005,2.457144405362836E-7
35051,2.1846206520232672E-7
48033,8.027683510964665E-9
12131,7.232687867873856E-8
54073,1.690364022919062E-8
05007,1.3769480474188726E-6
48035,1.1802344200465179E-7
51640,1.2556361338264471E-8
54087,3.3855987067331186E-8
05015,2.1105377423526685E-7
54089,2.5353559821009807E-8
05013,2.5474812268175506E-8
48049,3.137928422424011E-7
05011,5.4181703703810895E-8
35047,5.290801555441751E-7
35049,2.373423994731361E-6
35043,1.691050257283632E-6
48043,8.039251098710254E-8
35045,3.030714371469842E-6
48041,6.848121353382116E-7
54081,1.6069306241539974E-7
05019,1.194198835287438E-7
48047,2.4252777734931367E-8
54083,5.3822306194766414E-8
05017,5.3650329121777334E-8
35041,2.5949977568886076E-7
48045,2.3043808123600543E-8
54085,2.272441276623795E-8
20191,3.237231074045002E-7
35031,1.6004627504985635E-6
20193,1.505040308274631E-7
35033,9.239575544985724E-8
20195,5.557700209092829E-8
20197,8.726729733258358E-8
35035,8.782861869408552E-7
20199,3.235892149264039E-8
06111,4.241235306720753E-5
35037,1.6510230856631116E-7
06113,5.507275621798644E-5
35039,8.837684776781385E-7
06115,2.4980907393964916E-5
51630,2.9501042389621306E-8
35023,9.464596622297766E-8
35021,1.3665487347721052E-8
35027,3.120803582663419E-7
51620,9.541852691363677E-9
35025,6.959893367684215E-7
35029,3.922663818844231E-7
35028,3.4154987726795603E-7
35011,3.598453947198338E-8
35017,5.14716981067686E-7
35019,7.805009088942423E-8
35013,2.6418138440680427E-6
51610,1.6179565957313388E-8
35015,6.552937124706845E-7
35001,1.0096512916999175E-5
06109,1.1546617118843692E-5
06107,3.229013751909749E-5
06105,6.4128634124326186E-6
06103,2.5866834467156198E-5
35009,7.040411378942195E-7
06101,2.9421217313538914E-5
35007,2.6258588946912776E-7
35006,4.769336845201213E-7
35005,8.697381152207951E-7
35003,6.299425184918821E-8
51600,3.406839414899165E-8
05083,1.5461014615800559E-7
05081,7.297999290500373E-8
05089,1.111873711279409E-7
05087,1.1656155835291189E-7
05085,2.520715452525075E-7
05093,2.2771828071772536E-7
05095,4.5196228171505216E-8
05091,2.031651144304006E-7
05097,5.123699081373102E-8
05099,4.826105232867276E-8
28127,7.245232276292609E-8
28129,4.168745337131053E-8
49019,7.218125081351597E-7
49017,4.0254813355908163E-7
49011,8.083186469508933E-5
49015,1.0019813701167411E-6
49013,1.8480029299336923E-6
28123,7.539910692210013E-8
28125,2.1158405208166036E-8
28121,3.1891596112418113E-7
28119,3.850383488156878E-8
28117,7.746364344963162E-8
26009,1.2164368997816602E-7
49005,3.583198035570124E-5
49007,2.0315249174139747E-6
26005,5.652473804405393E-7
49009,1.1133104063528598E-7
26007,1.3693446500620223E-7
26001,4.647159286634756E-8
26003,8.413913191365154E-8
49001,5.979714597564266E-7
49003,1.842824651374579E-5
28115,8.177445344056319E-8
28113,9.942641397137314E-8
28111,2.8124397262160838E-8
28149,1.484755290374798E-7
55119,2.233544392761573E-7
53009,1.5045447565908832E-4
53003,2.8402101256368633E-5
55113,1.958012221898705E-7
53005,4.5247392847188846E-4
55111,5.437071042155305E-7
55117,9.160353388763285E-7
53001,6.471420546236535E-5
55115,3.890565740322934E-7
49039,2.329383206865991E-6
49037,1.009732247658332E-6
49035,2.1428807873524205E-4
49033,6.519546818509989E-7
49031,1.3247766244169769E-7
28141,5.685277328581405E-8
28143,3.658367603079032E-8
28145,8.043760539505832E-8
28147,3.7946400643388455E-8
55107,1.8440425363699234E-7
28139,6.704058728266898E-8
55109,8.199717770648417E-7
53019,2.8764407795774824E-5
53017,0.3285963373950554
53015,2.2326727317203586E-4
55101,1.2388623486169815E-6
53013,8.952614112616028E-6
49027,2.0740440430441064E-6
55103,1.8376169650623166E-7
53011,7.150880931195096E-4
49029,2.292492649677023E-6
55105,1.338895106688541E-6
49023,1.739145228617491E-6
49025,4.61706339395847E-7
49021,3.122534325648267E-6
28133,1.1935326286884343E-7
28131,3.0910545426133893E-8
28137,9.698229865808122E-8
28135,5.1583355292426085E-8
55139,1.4376384226767612E-6
55137,2.2413455420432945E-7
55135,4.977971302268848E-7
26039,7.017798810410375E-8
55133,2.971461289118439E-6
26037,2.8507382219746947E-7
28163,8.413543440400448E-8
55131,9.927979387432257E-7
26035,1.5022017577188877E-7
28161,4.2067155585381646E-8
26033,2.023163461323861E-7
26031,1.3419669212361894E-7
55125,2.2301106063071504E-7
55127,7.793459369605379E-7
55121,3.1715310354626847E-7
26049,1.7176144417540061E-6
55123,3.045559957793097E-7
55129,2.0639047822370722E-7
28159,5.491240592673027E-8
28157,2.8768609082695875E-8
28155,3.0380716122558376E-8
28153,5.0035976971209874E-8
28151,2.1854667036138753E-7
26045,4.578535922061856E-7
26047,1.6783524451432003E-7
26041,3.2111283896658754E-7
26043,2.546414595572063E-7
26017,4.783919600587872E-7
26015,2.6003064992965466E-7
26019,1.0971303222447594E-7
26013,8.592136633980896E-8
26011,7.444780775436259E-8
26027,2.4447152173046213E-7
26029,1.4469975458318422E-7
42009,9.270841893357479E-8
42007,4.1510311947982907E-7
42005,1.5264010342405955E-7
42003,2.779501919937716E-6
42001,1.5495604965235936E-7
26021,8.429799873564899E-7
26023,1.9909524557138573E-7
55141,7.900622760702583E-7
26025,6.064764544803454E-7
54041,3.484094532450204E-8
53063,0.001110724807899579
53061,0.412263457857595
56017,1.3023461875118783E-6
56019,9.106497792169743E-7
56013,7.674274112200155E-6
56015,8.863586877239367E-7
42011,5.729992927956606E-7
56011,5.398181640567113E-7
42015,1.1106858198715214E-7
42013,2.4186247736194947E-7
53067,7.500166738498337E-4
42019,3.8501677224211837E-7
54049,1.1784595902198264E-7
53065,1.2229160427685974E-4
42017,8.23575390643874E-7
54047,5.5825485019930756E-8
54045,8.094709106739162E-8
53069,7.391426213551619E-6
54043,4.974314842044849E-8
54031,2.2812482309983606E-8
53071,1.6126423381118625E-4
53073,0.0014430270860119618
56029,1.1178395584011444E-5
56027,2.0290281435309806E-7
56025,6.777392923648004E-6
56023,5.28803290638749E-6
42021,2.973643210731424E-7
56021,5.5740183906816425E-6
42023,1.1726007210706001E-8
42025,9.171334196226995E-8
42027,2.520457607249759E-7
42029,6.180408211095807E-7
54037,7.274811524712385E-8
53075,9.087229076523042E-5
54039,4.283496713925124E-7
53077,9.389888738924962E-4
54033,1.427906704070457E-7
54035,6.39810046374226E-8
05119,1.8248048124455196E-6
39163,3.1791870123543305E-8
39165,4.6890716007234334E-7
05115,3.473658227937278E-7
39167,1.482202369719397E-7
54063,2.739916938417471E-8
05117,4.3680188296466215E-8
39169,2.9031545679711894E-7
54061,1.697022052888406E-7
56035,2.0840644495436183E-6
56037,4.855373977248726E-6
56039,8.238752124538678E-6
39161,1.0641054156034528E-7
42037,1.0897329049404097E-7
42035,7.054616117561115E-8
56031,6.719721492220042E-7
42033,1.635861925292135E-7
56033,5.1186745672647795E-6
42031,8.928731845453437E-8
05111,1.1594148818705806E-7
54067,5.337481292206235E-8
05113,1.3203299927907324E-7
54065,2.6750205438273495E-8
42039,2.1404524711305143E-7
54069,1.0665864570813685E-7
05109,6.030572911254306E-8
39175,6.839326370556423E-8
05107,1.1093931872810673E-7
54051,7.86517840816039E-8
05105,5.516663231021922E-8
54053,6.085894303480274E-8
56045,5.65904068330934E-7
42041,3.691354465312994E-7
39173,3.9195008450795025E-7
39171,1.5366623357004353E-7
42047,7.169917880524062E-8
42049,6.808421498242341E-7
42043,4.2619975398287564E-7
56043,1.762343785143405E-6
42045,7.502642686630424E-7
56041,4.2182208187470115E-6
05103,1.3199887229935447E-7
54055,1.2299779393569892E-7
05101,6.094328033317039E-8
54057,5.0401045878942055E-8
54059,6.194309339191913E-8
42051,3.0240592810445363E-7
39145,1.9908257721661966E-7
39147,1.7529750227046107E-7
39141,1.9182707869720595E-7
39143,1.8881443106788555E-7
54005,5.456678745533663E-8
53023,4.575310196437976E-6
54003,1.3352446349293443E-7
53021,1.6818518475062455E-4
39149,1.533480758440878E-7
54001,3.100734354447597E-8
53027,1.5288739650663228E-4
53025,7.638908709622106E-4
42055,2.2796408017718575E-7
42053,1.0619497984347988E-8
53029,3.252904975956575E-4
42059,8.598789925869057E-8
54009,5.8054118704949705E-8
42057,2.5667086530127182E-8
54007,3.0280846697189E-8
39151,9.409022996182005E-7
42061,8.349490476248169E-8
42063,1.8141500145853183E-7
39159,1.1846561208499873E-7
39157,2.2418789566478466E-7
39155,5.507861648490682E-7
39153,1.391569110419138E-6
53031,7.810663362328517E-5
53033,0.06328303681846618
53035,0.001144385012626796
53037,0.1689485596867286
53039,5.7116624309183736E-5
42065,9.514581783878596E-8
42067,4.047052815031979E-8
42069,3.4488365269627206E-7
42073,2.1971005840574056E-7
42071,7.291116697037553E-7
53041,2.6474835820068307E-4
39121,3.33774518763789E-8
39123,1.250876548278195E-7
39125,7.760121111439117E-8
39127,8.553627691460541E-8
54023,2.1035414606189385E-8
53049,4.0363050695415184E-5
39129,1.3994319477623535E-7
54021,1.511115805165746E-8
53047,4.232708757474505E-4
54027,3.637239124547897E-8
53045,1.6365148584004995E-4
54025,6.525968109043175E-8
53043,4.052164567859069E-5
42079,5.246022671746535E-7
54029,7.528461519768209E-8
42077,4.6475819456591955E-7
42075,1.9719953390799652E-7
42083,9.541498902908307E-8
42085,2.828996178966697E-7
42081,2.154000787911495E-7
39133,3.802655708352697E-7
39131,7.138984961528898E-8
53051,2.5918929024556223E-5
39137,1.1987721188034853E-7
39135,1.3605084890912479E-7
53057,9.83619336418426E-4
54011,2.254064237518095E-7
53059,2.9247251869323015E-5
39139,3.5855312541240986E-7
54013,1.6213713111056114E-8
53053,0.004585141860745453
54015,2.155152499481285E-8
53055,4.7295153532839945E-5
54017,1.567816880537354E-8
54019,9.702619529116015E-8
42087,8.363954451361494E-8
42089,2.0737849033707782E-7
34009,1.1192255901551151E-7
51570,2.281387348590596E-8
34005,5.169371598591691E-7
39117,8.846565862538733E-8
34007,6.483927617655879E-7
39119,2.0962190882568389E-7
34001,2.7869902904922977E-7
34003,1.1047287914805363E-6
39111,3.479191779521839E-8
39113,1.717750093103257E-6
39115,3.625084438760664E-8
51560,7.743550191097194E-9
39107,1.423624089859946E-7
39105,5.492121977742142E-8
39109,3.1008492863023546E-7
39103,3.969129954064274E-7
39101,1.9188885500411415E-7
51590,7.940546101282641E-8
51595,7.374801796709262E-9
34023,9.290498363594777E-7
34025,7.012613873034259E-7
34027,6.280716959421773E-7
34029,5.574463490865902E-7
34021,4.5361225696218573E-7
51580,1.157230286526246E-8
34015,3.303386537025553E-7
34013,1.0052071186861485E-6
34019,1.6485316885946464E-7
34017,7.468174786072921E-7
34011,1.8022046440389392E-7
05123,1.2793551349963778E-7
05125,4.301879580614665E-7
05121,9.423458893809869E-8
51530,1.1173245859756053E-8
34041,1.4508331627386006E-7
05127,7.54567097138117E-8
05129,5.311017803826571E-8
05135,8.992471782000047E-8
05133,8.679818594644168E-8
34039,6.572671132122772E-7
05131,8.927991282369688E-7
34037,2.0128241453348693E-7
34035,3.881367094730645E-7
51520,3.4906409893954704E-8
34033,8.440202935888839E-8
34031,6.404765693670324E-7
05139,1.97633919297435E-7
05137,6.239214843747501E-8
05141,8.916355607737624E-8
05143,1.3532332744237E-6
05145,3.365637659578862E-7
05147,4.031041588038259E-8
51550,2.0654599786054708E-7
05149,1.1820283280371783E-7
51540,7.522630573415114E-8
26087,3.3381363182821107E-7
26085,6.05615500052046E-8
55043,5.04911756009303E-7
55041,9.842411420939143E-8
26089,1.38202960976917E-7
26083,2.281375543309062E-8
26081,2.8394143425181953E-6
55047,1.7732477482918158E-7
55045,3.1210329442508373E-7
55049,2.2328679266811608E-7
26073,2.9440849718358894E-7
26075,6.53279295835388E-7
26077,1.0965710097071908E-6
55051,7.962214019870669E-8
26079,8.621394698627522E-8
55053,2.1474682345127518E-7
26071,1.2883320356118378E-7
55055,6.434317379686731E-7
55057,2.487999239920084E-7
55059,9.697556853818735E-7
55065,1.5712499871136484E-7
26069,1.0622390659253875E-7
55063,1.2133072982337513E-6
26067,2.814189288321313E-7
55061,1.5708345969238882E-7
26065,1.1903234096884474E-6
26063,1.3829395385048373E-7
26061,3.662261908732609E-7
33019,4.803078838289298E-8
33017,1.1317810144427812E-7
33015,2.765192070881132E-7
51510,1.936924944298373E-7
33013,1.438875777637712E-7
55069,3.115843293025631E-7
51515,1.0947151469499319E-8
33011,3.958226425506994E-7
55067,2.047163752071065E-7
26055,4.2036665313612485E-7
55073,1.306902940132306E-6
26057,1.8848124769207979E-7
55075,3.948667161153798E-7
26051,1.1788804857509389E-7
26053,1.9476203072353653E-7
55071,6.41721942818094E-7
33009,9.676366696343526E-8
33005,8.157650491748766E-8
33007,3.7884249250062576E-8
33001,5.872153899946139E-8
55077,1.53347244423356E-7
26059,1.9147630515636465E-7
55078,4.368423961024735E-8
33003,4.5505916089097454E-8
55079,6.565655735479114E-6
49047,2.4972818990948498E-6
55083,3.2753013959121994E-7
49045,1.350204261473899E-5
55081,4.435799526577393E-7
49043,6.335848363712535E-6
55087,1.4686115615411083E-6
49041,1.752302234377955E-6
55085,3.8598222916930066E-7
55089,6.11277916490651E-7
49049,6.29123107826251E-5
49051,2.5473834874972527E-6
55091,8.837746454428098E-8
49057,7.022030181369425E-5
55093,4.7550658521501857E-7
55095,5.514319249750686E-7
49053,7.722702856310494E-6
55097,6.652236119689902E-7
49055,2.1363466324771642E-7
55099,1.7977840596684705E-7
28103,3.283580392622058E-8
26091,3.7866626017217313E-7
28101,5.6559318569098904E-8
26093,6.142511722173054E-7
26099,2.60613877347436E-6
26095,4.9551822509760404E-8
26097,6.676137219262962E-8
28109,1.1422997585835307E-7
28107,1.1975345179733265E-7
28105,1.1994186969385252E-7