uid,population,distance,radiusPopulation
C1001,242875,1626.4498492719852,176100467
C1002,24371,1533.1565381948333,167548243
C1003,19370,1390.0233760686915,154632371
C1004,22162,1299.621891023389,147356115
C1005,40466,1409.1764394609836,155586837
C1006,36208,1461.0645338449092,161336349
C1007,37335,1692.7828274538908,180566634
C1008,42188,1628.937987888388,176380958
C1009,20091,1626.5005334996072,176343342
C1010,27864,1699.3897816557594,180754211
C1101,19180,941.2243522975455,106039600
C1102,71619,895.3666115621744,102707498
C1103,44495,856.3238106543961,98974677
C1201,16231,681.8907451016443,83404355
C1202,26843,646.9722230287273,80261183
C1203,19548,648.9689806643191,80583369
C1204,11723,715.1821572931385,85185303
C1205,21773,698.3134033519494,84655208
C1206,47591,755.7631850242509,89129109
C1207,58866,752.5896147144682,88689115
C1208,40513,808.6563850964728,95924106
C1209,359183,859.8660872452215,100223278
C1210,49307,858.8525857977954,100159445
C1211,32605,806.3449380261267,95684371
C1212,46965,913.7580598399325,104069067
C1213,9827,972.5225220932825,109919189
C1214,19578,971.1753470143844,109864702
C1215,19937,1050.0956822231822,117300524
C1216,10225,1069.5411522535492,118384150
C1217,109330,1114.4222791320456,125289161
C1218,7962,1106.0980564250144,123935998
C1301,76407,646.5128075742698,80184776
C1302,27366,567.4168984832106,71407398
C1303,25776,649.0699573080099,80602917
C1304,11862,669.1925862716427,81505789
C1305,64208,678.6130106210901,83292720
C1306,26749,757.7064572277411,89489126
C1307,124688,782.8317024972149,94316434
C1308,31383,745.9438618369742,88528261
C1309,50817,726.6337255860933,86187306
C1310,87212,611.9975322702036,76187082
C1311,27184,589.7770623137798,74191063
C1312,21172,627.9946227039419,79100080
C1313,35611,605.8242596325347,76004630
C1314,36134,726.3933679044022,86123833
C1315,82929,876.4522405612943,102019597
C2401,12824,1024.9507241728775,114643953
C2402,19298,942.2442447894272,106078187
C2403,18545,935.1899872321798,105259619
C2404,12722,866.357111229891,100927257
C2405,18267,817.5530771086145,96821481
C2406,15268,752.6954881505236,88747981
C2407,19920,716.4392360674409,85365814
C2408,22507,762.3076616489093,89701112
C2409,19326,717.1176228495731,85385734
C2410,52289,674.7878183962424,81664203
C2411,9848,626.0876630089966,79090232
C2412,31826,581.5477200268663,71860296
C2413,22420,593.4270913696417,74618857
C2414,22494,542.7246269703569,68995648
C2415,16624,552.8616909402566,69566736
C2416,13166,509.0683626377523,65230915
C2417,19368,479.6185924882475,63042111
C2418,23438,459.38575034677194,60451465
C2419,29570,429.9632429699194,55307363
C2420,6779,443.30307898454174,58725452
C2421,20984,473.2776480730998,61723096
C2422,26459,425.1640521348935,54080699
C2423,509950,414.5981950021783,52307945
C2424,51855,414.4944888400645,52256090
C2425,78808,403.13300629093146,48579715
C2426,25850,392.238774247267,47528137
C2427,18771,381.6523008788553,46905570
C2428,17745,407.15841769205764,48696437
C2429,47873,373.77449022946223,46761854
C2430,21830,324.6504803984775,38319543
C2431,43247,352.0710948111165,43923211
C2432,24021,340.7533408608422,42200230
C2433,26851,371.9881873295678,45987032
C2434,44955,381.53418939738316,46860615
C2435,12809,395.5977052186596,48347060
C2436,64841,348.0475112480884,42915303
C2437,138355,346.07920730997364,42776948
C2438,19088,329.9614261804805,40806699
C2439,64089,301.4450731552422,26734096
C2440,14535,289.02169665583267,23924186
C2441,21394,291.8070486961578,24923063
C2442,28176,257.84413835068347,16483543
C2443,141212,246.75190793600916,14835658
C2444,16595,238.75684283685692,13190270
C2445,41871,226.84243736898924,10628046
C2446,46165,193.99109664350337,4694441
C2447,79175,223.14881337800108,9868966
C2448,15167,249.06518308677272,15073371
C2449,87808,276.95847535202796,22532812
C2450,23496,304.4992246071578,27471550
C2451,23401,315.31547060104634,34982039
C2452,38347,294.6094047272935,25135760
C2453,50066,276.27983529899393,22215284
C2454,78917,240.2710943707505,13206865
C2455,29980,218.0694804301716,9757569
C2456,100753,193.0469327844681,4593688
C2457,119993,232.60398135660165,12606868
C2458,311838,341.77664005685483,42224251
C2459,100263,234.9587956511717,12961151
C2460,103977,253.5810333310901,15272979
C2461,54167,276.32739052904543,22265350
C2462,43177,361.35893986197283,44866206
C2463,38740,261.174238360852,16987251
C2464,110087,245.39897299456575,13812893
C2465,343005,225.7079616231187,10285041
C2466,1812723,213.02900304225219,6970031
C2467,138172,202.54952370420102,5827132
C2468,22820,176.42440874859096,3000840
C2469,21851,168.71861804162248,2949287
C2470,59137,189.32963952456592,4385897
C2471,102100,206.08987939830072,5965304
C2472,81417,221.02403685808417,9787549
C2473,130514,232.8611063658049,12726861
C2474,27330,234.90367167324567,12933821
C2475,90419,251.5691179836253,15130776
C2476,28931,243.81945360436055,13674871
C2477,30866,263.6570123644221,19253579
C2478,38433,294.35301614184436,25097327
C2479,33456,395.5875448958433,48313604
C2480,20367,276.1055433005964,22194917
C2481,226696,259.81791317903384,16666790
C2482,35188,285.8110139997562,23860918
C2483,18730,414.2898978357041,52237360
C2484,14565,285.04327200549085,23846353
C2485,17504,611.2947219449679,76169578
C2486,39621,656.5513034397413,81016951
C2487,21984,704.2961236988019,84837346
C2488,24613,641.5725658734766,79841757
C2489,42375,563.8066575388701,70491682
C2490,15862,499.75804153341016,64937651
C2491,32839,567.7472099589355,71434764
C2492,26900,615.4649082103475,77630142
C2493,51760,570.3794640111335,71501415
C2494,166780,622.0084480544958,78621494
C2495,12894,723.2930792670035,85992746
C2496,33620,765.692028279338,89991069
C2497,38931,1071.457945672885,118471790
C2498,12321,1161.0179155159346,135078652
C2499,38575,1044.0885690336872,116831522
C3501,109522,199.8713053441208,4796931
C3502,76446,234.66974811910546,12857375
C3506,774072,246.29281904161675,14061586
C3507,96606,207.1144393270876,6067404
C3509,62495,257.70816713055814,16421048
C3510,138606,245.94329985868725,13922980
C3511,39461,293.14670749599804,25007218
C3512,125915,332.4828573404027,40948917
C3513,24901,278.4256145465383,22764786
C3514,77497,345.8239789489487,42699451
C3515,125856,360.988346637609,44740350
C3516,69179,419.0638267243758,53376701
C3518,506901,411.1901981871935,51219543
C3519,729254,454.85087060774686,59307505
C3520,2481494,439.18078013173084,55853527
C3521,988948,478.9689920543784,62053163
C3522,51013,512.5715179480834,65998373
C3523,187313,528.402331734176,67354948
C3524,375229,486.312182767683,63251780
C3525,490268,488.2640256122879,63672595
C3526,410574,445.59448287149553,58732231
C3528,104670,539.8540322702853,68548531
C3529,118485,530.2857104773001,67542261
C3530,438515,539.0123614661281,68095755
C3531,73675,583.4068692252422,73385989
C3532,99270,557.9363888821283,70392412
C3534,81553,588.7145548174615,73729140
C3536,107709,687.5601045999849,83528832
C3537,374975,745.0951473824014,88073735
C3538,126971,666.0328803614788,81329813
C3539,403185,618.6536536521128,77712380
C3540,59701,632.4142897981335,79352113
C3541,63892,612.7275242947766,77566250
C3542,89073,552.7422204886306,69477663
C3543,377050,489.8903945856707,64162863
C3544,53106,472.20891899371276,61669990
C3546,15085,415.6513655803157,53361616
C3547,95138,350.97721931582305,43828073
C3548,82910,494.5549819959792,64758503
C3549,39665,530.988243291527,67660746
C3551,12679,705.388086568964,84859330
C3552,22894,758.7004594311777,89515875
C3553,155268,656.0695909259892,80861683
C3554,34442,692.1960670873666,84557538
C3556,85247,1035.8062485286846,115392398
C3557,118567,965.270302094312,109499780
C3558,150860,1250.2779500245317,143511115
C3559,22109,1557.2704657786762,169818431
C3560,61802,1573.5087931185465,171687601
C4601,16432,1803.1665615886543,187813031
C4602,50869,1870.4753713582231,193736715
C4603,42184,1927.3420500597035,200009143
C4604,9942,2012.0421002509281,204559346
C4605,13848,2119.327741090257,214112337
C4606,10110,2164.7831821689174,215866818
C4607,57148,2095.8081664279825,212810063
C4608,14603,2029.5892268481296,207096349
C4609,23322,1978.2214888857247,203344605
C4610,9464,1922.66279295162,199641797
C4611,621451,1905.455815630276,197052028
C4612,19251,1860.6949384863535,192044205
C4613,42183,1888.4417444940138,195054234
C4614,17589,1929.6330719172254,200230181
C4615,21914,2138.416196819711,215189344
C4616,10341,2210.4482183697014,217890607
C4617,22899,2126.9592197577626,214721133
C4618,22593,1970.5023318923625,201722314
C4619,15805,2016.7242208271641,204797033
C4620,11013,2235.501374827589,218509126
C4621,22556,2243.6251611047983,218853925
C4622,35077,2028.096466440014,207001749
C4623,8989,2228.0710832794066,218440429
C4701,30238,2272.597142506199,219435201
C4702,21635,2374.5957931968755,226243910
C4703,14839,2547.0073672288736,233977252
C4704,11714,2778.8813348337712,243736081
C4705,32492,2286.536702760812,220374379
C4706,219250,2423.0135781003105,227396917
C4707,46982,2570.294292612944,235530683
C4708,30720,2730.2593441981467,242554191
C4709,36895,2299.6029989230333,220689747
C4710,19365,2381.347871052472,226355463
C4711,237629,2552.2918585390426,234387482
C4712,23697,2663.771134664138,240323124
C4713,24054,2777.1578927829732,243703049
C4714,39476,2373.6338679952764,226204434
C4715,80668,2562.3902940689914,235366171
C4716,37663,2653.371500520833,239984827
C4717,39587,2782.2641889763945,243875518
C4718,32029,2647.398732039258,239882527
C4801,67402,2883.023369614639,245788084
C4802,133913,2978.4249925666413,251229509
C4803,37580,3081.708876645499,254047325
C4804,11300,2894.5579602429016,246459606
C4805,47606,3057.6014439888327,252564989
C4806,1021060,3103.2977600634167,255699548
C4807,40407,2931.4920813783892,249161507
C4808,153049,3087.9621218309517,254187849
C4809,19573,3207.8912082125216,265278897
C4810,83061,2940.1898327999156,249783034
C4811,975477,3075.903313869278,252937297
C4812,58362,2968.136930412373,251050696
C4813,63954,3123.1650814628256,260602537
C4814,26871,3292.456671047981,267347799
C4815,34068,3193.8445640375235,265109892
C4816,42971,3086.7122823634068,254144878
C4817,57508,3330.057251784361,269561665
C4818,14346,3382.7452243451125,274787662
C4819,86299,3425.52078283204,279504683
C5901,56291,3226.785601366934,265476520
C5903,57019,3354.8714617248324,271853138
C5905,31843,3439.4984434838548,281850760
C5907,76635,3545.3458108445925,300798881
C5909,237550,3666.297475579456,340433587
C5915,1986965,3761.2957789287307,359242645
C5917,325754,3837.391407720406,369327176
C5919,71998,3839.0493997822637,369755999
C5921,127016,3850.7903744962655,371259352
C5923,30345,3952.2400997881127,394223802
C5925,96131,3884.90283182736,376243761
C5927,19765,3848.610232869326,369936951
C5929,25599,3800.7561096201816,367989846
C5931,33011,3712.7688492037582,348325218
C5933,119222,3576.0654472299657,322485406
C5935,147739,3499.110325507855,289720954
C5937,73227,3439.892910202495,281901795
C5939,48219,3382.9327239810373,274802008
C5941,65659,3743.1457967163146,357149795
C5943,13111,4091.1813694859966,404380345
C5945,3781,3995.725086710198,397405191
C5947,21693,4321.83525744101,406987528
C5949,40876,4131.505986199787,406149703
C5951,40856,3861.1319977217163,371616356
C5953,95317,3611.686797074719,331598610
C5955,55080,3710.0468878083784,347983973
C5957,1316,4128.93365478508,406148387
C5959,5720,3738.535094730511,356211113
C6001,28674,4384.986864418532,407055152
C6106,28824,3342.7207244676006,270808529
C6107,8536,4363.905628520341,407046616
C6204,14372,2961.8891356775675,250917752
C6205,7557,2451.465064508886,231661367
C6208,4816,3215.5247049101504,265370311
M01001,643419,3559.892071165112,308921981
M01002,37763,3515.491870533444,292386341
M01003,51291,3590.8742997961645,328647089
M01004,12619,3518.7812064704867,295728489
M01005,64097,3555.8790025550065,307918182
M01006,34296,3535.805240433365,298996445
M01007,41655,3531.648793450937,298448587
M01008,7244,3545.0597020969494,300757202
M01009,16508,3522.066647203453,296236958
M01010,15327,3534.040794157331,298638298
M01011,20066,3541.2372491143515,300259611
M02001,370730,3892.7524801850936,376521527
M02002,764602,3794.7437473522923,366048077
M02003,77795,3894.2344330016554,377048556
M02004,1210820,3928.8290819814865,382757636
M02005,63420,3940.8639025247367,393957211
M03001,63864,3991.691988523238,397341327
M03002,45989,3875.14838267095,372572599
M03003,196907,3954.1002470068615,394254147
M03008,105469,3990.8765203728703,396672260
M03009,11812,3896.202091781585,377297451
M04001,46899,2985.7556058350497,251390418
M04002,216897,3061.0876039218624,252613617
M04003,172076,3241.9204596475347,266309371
M04004,70554,3118.422846461739,260128022
M04005,24889,3009.2249829060656,251751588
M04006,31214,3038.9126711711187,252370734
M04007,8401,3292.873659317452,267527172
M04008,8400,3027.078684274193,252139370
M04009,50563,3193.659272750452,265059329
M04010,23115,3143.900869878819,263836866
M04011,37681,3250.2935087820288,266573160
M05001,1126,3070.7479911084893,252920123
M05002,110487,2875.179321346778,245157112
M05003,20943,2941.1132186912405,249977867
M05004,19374,3166.381000282002,264041653
M05005,1677,3042.9390694226367,252407285
M05006,22530,3101.963107056305,255677018
M05007,12154,3131.7583053062663,262356464
M05008,2784,3065.706666813661,252857173
M05009,46452,3311.7363292340756,268757470
M05010,66579,3092.0367800496424,254680172
M05011,11316,3215.6502914932225,265375127
M05012,2050,2909.8480121308153,248282990
M05013,1441,2913.236427270106,248609198
M05014,9724,2874.3575560766703,245147388
M05015,1610,2988.066611906347,251503469
M05016,1781,3107.271583428311,258099457
M05017,92029,3327.7283410428754,269379538
M05018,193744,3091.7889492191416,254486428
M05019,7263,2939.1193684296813,249775771
M05020,62773,3024.2577622727276,252029959
M05021,5946,3094.3180653856766,255036892
M05022,23019,2929.4730172095497,249083970
M05023,12053,3130.736564922659,261071075
M05024,43339,3260.2694591637332,266647094
M05025,128130,2890.8687359382157,246292881
M05026,3608,3020.290595208249,251938030
M05027,39853,3165.820741067598,264001800
M05028,52379,2997.956948941925,251524569
M05029,2006,3105.757788713767,257887648
M05030,578046,3177.9857260632275,264175475
M05031,20046,3088.866107846936,254340898
M05032,40138,3005.1930986417283,251642859
M05033,88343,3292.2091211749907,267232407
M05034,6023,3227.84214811653,265532811
M05035,529512,3341.741718223521,270184188
M05036,18969,3312.358842068768,268803922
M05037,6159,2941.2754809337803,249998810
M05038,12664,2934.932943388662,249327639
M06001,28574,3922.5289413782966,379734071
M06002,129958,3880.3625787189485,375583459
M06003,19384,3875.66152301623,372618588
M06004,18756,3889.6588906798943,376348358
M06005,26771,3864.590333840589,371769833
M06006,5478,3901.9272337284865,377648991
M06007,125143,3935.7603790378516,393651050
M06008,8466,3889.350952934769,376339892
M06009,99289,3918.8019373323477,379549249
M06010,80808,3878.787711088196,372688818
M07001,14189,3610.68932036099,331509973
M07002,24754,3495.658460732962,289288183
M07003,25154,3617.253580033962,333556446
M07004,21948,3441.3223588376227,282061699
M07005,18778,3415.3730854139244,278347279
M07006,26094,3575.379399441142,321960782
M07007,6559,3480.800638428884,286676804
M07008,21848,3559.93224538619,309588228
M07009,37989,3581.058746512287,325008575
M07010,6673,3575.1829681284357,321902120
M07011,18205,3566.400481565622,314355276
M07012,28719,3494.4036600670042,289205109
M07013,22722,3456.364079560437,284572334
M07014,14993,3441.4331403867996,282083647
M07015,39033,3622.394424716322,334222701
M07016,15709,3341.6730336323785,270168479
M07017,64013,3526.899529165999,296878452
M07018,7217,3456.0720661972728,284561493
M07019,105210,3494.232902078805,289077814
M07020,39770,3533.8230998276,298557838
M07021,19298,3462.291811283397,284824366
M07022,12256,3446.4913549225166,282762192
M07023,59005,3467.095618460489,285485991
M07024,7568,3459.427663414351,284706541
M07025,6965,3434.122899612498,281113749
M07026,27331,3453.51875130955,284153009
M07027,60620,3490.8043520214424,287998376
M07028,5242,3490.2749672074688,287805733
M07029,4345,3469.725300991521,285890296
M07030,24994,3552.269519007236,306306216
M07031,77686,3415.716056402323,278366057
M07032,28064,3611.9513370816535,331696349
M07033,5236,3445.363776895524,282688119
M07034,52168,3553.9892545660723,306987807
M07035,10917,3644.308137799038,337192363
M07036,5969,3572.904429428578,319692860
M07037,31464,3629.226365935222,335420414
M07038,18630,3463.465415792323,284971109
M07039,20041,3428.8487166621126,280519526
M07040,48476,3621.1119880207575,334086491
M07041,32245,3488.9286016410806,287581450
M07042,8877,3432.7336589796937,280905873
M07043,9143,3423.4409971491486,279282932
M07044,18533,3475.9972706146705,286293411
M07045,4707,3412.397925324243,277550899
M07046,34937,3526.1086238678195,296703112
M07047,13076,3447.7205167404604,282947292
M07048,19956,3411.3481731187567,277473084
M07049,16538,3458.7317513705257,284660013
M07050,5288,3331.088277197488,269683941
M07051,39055,3610.69389366186,331524162
M07052,87034,3480.7040494063344,286589770
M07053,7180,3583.3887389355114,325326116
M07054,24079,3648.1577232123122,337858936
M07055,4794,3638.9956454947564,336610825
M07056,7602,3456.8611084477584,284624020
M07057,59875,3588.446683046723,328253433
M07058,3135,3496.89321683187,289408227
M07059,146696,3426.911840909741,279751349
M07060,9271,3447.185135554351,282788553
M07061,65673,3503.0327622974273,290461541
M07062,17026,3437.898758302312,281688072
M07063,3132,3471.618837150894,286008081
M07064,37887,3450.6838039025456,283868298
M07065,85464,3361.5872849798307,272668187
M07066,16262,3434.892931124762,281385825
M07067,8566,3445.093096819323,282597990
M07068,29357,3416.8981521553706,278480392
M07069,46949,3601.423261344402,330427204
M07070,11641,3580.7644677694007,324934960
M07071,26706,3618.6437806102967,333804338
M07072,24405,3440.510021759063,281983537
M07073,6870,3441.9202850061356,282119328
M07074,34809,3383.437303287927,274850227
M07075,21100,3494.19967364555,289056714
M07076,21156,3411.2795535895643,277451928
M07077,49300,3373.8366432190337,273796137
M07078,132421,3469.6927447594585,285752930
M07079,26436,3484.0672020455763,287246273
M07080,32457,3572.5299779198817,318786832
M07081,31615,3433.3850958252838,280990445
M07082,7987,3425.310047624176,279477203
M07083,15171,3505.1677306413603,290937525
M07084,7784,3420.387155208234,278644003
M07085,7767,3468.3272250767313,285638694
M07086,15890,3502.260173402611,290232082
M07087,30251,3653.030475564549,338600811
M07088,1936,3425.0457570212134,279443528
M07089,271674,3634.9051968320914,335725325
M07090,3639,3447.5854509535156,282895261
M07091,10349,3437.4558600112464,281664868
M07092,38383,3463.0920930938482,284882730
M07093,33161,3455.4070771002553,284519245
M07094,26996,3481.430473879318,286813957
M07096,58153,3403.5495645617198,276973845
M07097,78438,3588.4598698510645,328313308
M07098,5513,3490.837605356161,288058996
M07099,59686,3503.7514191357086,290668135
M07100,26866,3400.5456864551747,276632010
M07101,434143,3491.2900861475964,288079268
M07102,33467,3627.5881825887304,335122855
M07103,23180,3618.4023560451215,333702646
M07104,11925,3503.5255150633548,290611631
M07105,13934,3611.154863566573,331581186
M07106,52833,3505.7751887280983,291054261
M07107,68685,3554.8328817481943,307098181
M07108,85957,3549.953399083583,305925979
M07109,26044,3411.8402047797767,277518062
M07110,5673,3485.9339333546523,287436264
M07111,29754,3471.4438901345125,285978327
M07112,20688,3441.4903365953805,282098640
M07113,3635,3454.1516428356367,284451987
M07114,14436,3400.060593548018,276617574
M07115,10526,3467.144924589306,285544996
M07116,8580,3423.6925076132734,279300269
M07117,5086,3572.7578186087453,319687774
M07118,3423,3438.6973703391186,281837589
M07119,2174,3453.2250340714854,284150835
M08001,11901,3208.4840951908673,265298470
M08002,19378,3282.0084844996304,267071672
M08003,8561,3379.0025854738196,274412434
M08004,5327,3297.2867070639327,267687586
M08005,21939,3293.933738239835,267535573
M08006,6403,3389.45868870268,275941595
M08007,16770,3448.965431307895,283740164
M08008,12545,3548.7403488797795,302115524
M08009,27907,3479.5902930773373,286496542
M08010,20056,3333.8148372273868,269736825
M08011,45852,3307.8732540102437,267898446
M08012,7760,3433.6612198381827,281073870
M08013,10004,3336.049910731084,269988003
M08014,2205,3376.3731744164397,274374345
M08015,1708,3177.0219957466265,264173767
M08016,3777,3296.898648067905,267683809
M08017,124378,3384.9832212025817,275328810
M08018,5784,3394.134873577897,276067080
M08019,671790,3309.681885299683,267989573
M08020,6768,3583.3443273795833,325319348
M08021,116426,3293.997859261024,267557512
M08022,3853,3372.821152123356,273644856
M08023,3876,3327.276032754164,269259342
M08024,4759,3351.417697298971,271750777
M08025,8867,3386.8366719677338,275591840
M08026,3875,3368.7521374275757,273513449
M08027,40615,3513.111842431598,292162822
M08028,10032,3126.942464234981,261006180
M08029,48355,3558.2213151922138,308183835
M08030,8066,3571.946949077331,318676696
M08031,39109,3422.439506508527,278721808
M08032,100821,3399.470937244817,276509527
M08033,1169,3429.0350841758795,280551051
M08034,7832,3369.7338119444366,273533332
M08035,10214,3322.0888697735304,268930016
M08036,38323,3329.9375270566566,269523342
M08037,1218817,3135.0521679306253,262368618
M08038,5165,3274.658093843422,266905000
M08039,4080,3347.472028544151,271366780
M08040,34056,3429.26673298326,280567535
M08041,1795,3509.253482504249,291566005
M08042,1746,3111.4870022114296,259230322
M08043,3221,3422.8649829963756,278980475
M08044,4429,3405.8760360344772,277150166
M08045,40018,3289.5508374210895,267112283
M08046,9482,3569.6740256160097,316600831
M08047,5219,3529.6069173895244,297301798
M08048,23643,3368.637933611921,273489806
M08049,2946,3440.8859625982745,282038416
M08050,54390,3330.790581810888,269629551
M08051,7276,3514.559971713227,292318621
M08052,24307,3118.1602766175934,260103715
M08053,8905,3120.5515403094296,260338833
M08054,10020,3347.344551013012,271276488
M08055,14969,3300.7379483776444,267791018
M08056,2575,3418.7151091977757,278557157
M08057,2331,3406.428016599243,277174798
M08058,2843,3327.107638435781,269249829
M08059,6054,3418.6026332285924,278544927
M08060,11597,3420.7547414704677,278669253
M08061,4962,3358.955743687626,272088024
M08062,30644,3291.7878032243184,267201763
M08063,6989,3421.235825959132,278680850
M08064,2177,3435.6731715595865,281412062
M08065,17655,3548.707340309618,302097869
M08066,8282,3525.5989728888803,296688567
M08067,5309,3372.312583514133,273580812
M09002,441008,3568.685549194675,314769096
M09003,640423,3579.358725934029,324072762
M09004,151222,3584.6778272309675,326697914
M09005,1235542,3564.4014468698624,311556081
M09006,411321,3571.360910123035,318238404
M09007,1773343,3574.4169441716394,319743102
M09008,222050,3584.057333446132,326471196
M09009,96773,3585.2094471364594,327243199
M09010,687020,3577.1818917913015,322924094
M09011,302790,3576.9505459716497,322621304
M09012,581781,3586.996989732693,327531986
M09013,369787,3584.7557822503136,326849136
M09014,360478,3574.482526950996,321516445
M09015,516255,3569.8932592532374,316610313
M09016,352640,3576.035302457762,322114621
M09017,462806,3570.410675857221,317162946
M10001,31291,3517.093422282911,292473703
M10002,4298,3599.969706384062,329926644
M10003,4554,3481.149193447234,286733570
M10004,32805,3412.67346811463,277555606
M10005,491436,3548.9616170269833,302150564
M10006,10644,3393.5604726252827,276056436
M10007,273315,3344.5140377761454,270837353
M10008,32011,3476.496257022958,286326777
M10009,10794,3495.261165654261,289262320
M10010,4619,3394.5622286614357,276114160
M10011,6011,3443.0464489578017,282359545
M10012,112435,3348.331429944231,271535497
M10013,22367,3348.6892767477075,271647932
M10014,27512,3573.344457511562,319701380
M10015,12467,3414.699565484671,277854499
M10016,18039,3532.7492256489286,298522076
M10017,10156,3424.1774990698373,279319618
M10018,12247,3450.482384170477,283856051
M10019,5093,3591.8831494147157,328828166
M10020,12853,3494.129292039582,289043861
M10021,10490,3443.011280129629,282349055
M10022,24331,3508.374360035941,291451462
M10023,45217,3617.76423634101,333592685
M10024,12497,3450.313387249802,283843554
M10025,4147,3458.848510010168,284682164
M10026,21907,3633.447382170356,335656257
M10027,6548,3366.889093277843,273052192
M10028,12290,3474.598527689743,286085713
M10029,2070,3411.805963460267,277515992
M10030,1876,3401.418145505016,276724258
M10031,6969,3419.8522440562892,278625983
M10032,43517,3523.4281647179255,296339119
M10033,7331,3527.896653556947,297142634
M10034,27144,3642.4829705058664,336984134
M10035,12937,3522.727250346792,296290685
M10036,19918,3297.7426022107466,267692913
M10037,8727,3595.328260611788,329109950
M10038,19813,3523.8481444203985,296431218
M10039,25985,3510.367279909543,291717260
M11001,79093,3631.2542785425862,335505341
M11002,110718,3615.889740687722,333343054
M11003,134880,3539.972663681407,299846463
M11004,56817,3572.307212109093,318694967
M11005,68738,3568.4612406380993,314700358
M11006,5198,3443.336458487457,282375013
M11007,382958,3578.2875927663645,323668554
M11008,38309,3634.769168266042,335687016
M11009,67642,3558.2642307047636,308232190
M11010,10347,3578.5337128580145,324061299
M11011,81359,3591.7258096437545,328746807
M11012,25610,3625.562771103445,334907275
M11013,19943,3492.7781388540193,288961379
M11014,128994,3531.285053432109,298319593
M11015,141196,3564.390611512782,311414885
M11016,19693,3636.4476915790356,336256282
M11017,440134,3600.080316476075,329930942
M11018,31803,3608.0797892175437,331056387
M11019,55311,3592.084489114273,328836553
M11020,1134842,3583.4079234260544,325333296
M11021,47132,3637.359657807672,336307969
M11022,20984,3524.9190914111846,296628934
M11023,144426,3645.589139660304,337264191
M11024,10398,3614.5505124989154,332112120
M11025,44778,3604.1640190176126,330688500
M11026,51825,3594.138136219628,328940113
M11027,226654,3599.3524151102347,329690395
M11028,94558,3609.844923251979,331280256
M11029,34088,3500.5854636044846,289928817
M11030,95359,3521.654179523123,296104430
M11031,100239,3603.8025016989686,330540112
M11032,54661,3509.692383519329,291582566
M11033,96729,3491.9178625887603,288513411
M11034,4533,3476.8758654477547,286369860
M11035,65479,3579.899786713337,324867683
M11036,7151,3620.7528438796157,334057497
M11037,134337,3581.9137510636288,325064378
M11038,11583,3605.5940542172316,330819888
M11039,37418,3595.6957930509757,329298090
M11040,14515,3486.028303369055,287455751
M11041,52931,3635.8947635873237,336154634
M11042,130821,3614.4490646725517,331981299
M11043,17764,3479.9592306649392,286524449
M11044,45941,3591.2858973860984,328700866
M11045,11323,3462.095711688745,284813043
M11046,73820,3626.111567550216,334955831
M12001,722499,3850.1293885654536,370477045
M12002,19388,3715.2135862471196,348475670
M12003,41266,3769.5858213650063,362701370
M12004,15828,3706.094442785507,347359887
M12005,6062,3694.3205320792295,345127823
M12006,13146,3736.98007855909,356169445
M12007,32818,3741.7422450349527,357079428
M12008,8504,3689.5998250172606,344810484
M12009,5080,3733.347008336377,355552190
M12010,21407,3729.1364456088036,349566947
M12011,61736,3851.4238689414847,371386368
M12012,55350,3794.0910736297287,365992727
M12013,32400,3786.6222050083597,364977270
M12014,15448,3860.227291989335,371533714
M12015,12619,3675.223774890894,341942982
M12016,15372,3832.198773251009,369244366
M12017,15666,3710.502173475968,348039053
M12018,13060,3820.5781622800505,368544181
M12019,12730,3692.120695229111,344923013
M12020,15753,3725.446574603813,349486854
M12021,69059,3848.967068711603,370402058
M12022,46172,3766.348675962789,362213352
M12023,25641,3800.7123398540884,367964205
M12024,6575,3696.5188594637143,345169379
M12025,15156,3808.7840447056196,368298477
M12026,9869,3730.457549960661,350158147
M12027,26166,3746.430333330106,357419076
M12028,102853,3740.183835062262,356952336
M12029,192947,3763.842189802667,361691168
M12030,19061,3818.257318704919,368509046
M12031,7687,3719.340834800324,348837380
M12032,35625,3770.7231839244705,362834097
M12033,14291,3685.359472390723,343221250
M12034,35668,3684.8131268180055,343178287
M12035,123960,3693.67369883029,344949734
M12036,10192,3778.518414387537,364755360
M12037,7119,3694.6600777627923,345133885
M12038,95548,3880.7410817014415,375713417
M12039,21994,3800.8767760977807,368015445
M12040,22906,3764.606049782236,362026476
M12041,34925,3743.20950539421,357215454
M12042,13801,3736.1562320356147,355764837
M12043,30039,3732.4809615642193,354584865
M12044,10133,3763.347373546563,361614406
M12045,22645,3697.785363843854,345235293
M12046,50356,3780.2141954842546,364814540
M12047,7852,3699.5604184812996,345307194
M12048,46328,3873.140930737196,372441279
M12049,10851,3665.3117305144187,340359886
M12050,34740,3761.39477372025,361229610
M12051,32541,3761.1134204555215,359207482
M12052,36813,3787.544367345103,365052315
M12053,48782,3827.174488242069,368809495
M12054,28986,3762.404458493557,361348541
M12055,100245,3678.2183640656576,342048577
M12056,43128,3801.7783166617496,368038355
M12057,60313,3862.225058308911,371666489
M12058,53950,3711.860201296814,348066787
M12059,30838,3694.3002675944313,345096985
M12060,13318,3672.5922017823414,340949646
M12061,33620,3756.435929660629,359018200
M12062,15696,3762.36041350514,361332845
M12063,9195,3746.2269447315957,357409881
M12064,12942,3745.22906492367,357341727
M12065,6699,3694.8971052568286,345144551
M12066,57346,3709.6536540359966,347890527
M12067,22677,3763.8274297975813,361668491
M12068,27619,3866.2756503083974,372024655
M12069,11687,3718.402517938644,348777652
M12070,7863,3671.3016016803053,340797648
M12071,22781,3760.7430154876765,359173386
M12072,10271,3733.1837942962575,355537734
M12073,23563,3770.3180621217007,362810534
M12074,17361,3732.4286974748275,354557967
M12075,40064,3756.1400167793686,358978136
M12076,25060,3749.999688141143,358183352
M13001,18619,3463.3809146015674,284938056
M13002,36978,3448.0185295841543,282982705
M13003,46010,3483.276660234557,286939925
M13004,8515,3439.9964782629354,281975022
M13005,14507,3509.9732829368872,291659962
M13006,17018,3495.9080922367325,289317579
M13007,10290,3501.3587492984525,290049806
M13008,39513,3503.52540373729,290572118
M13009,14223,3485.5104072036106,287379818
M13010,21636,3519.1796327094144,295741108
M13011,18029,3379.455807033215,274420995
M13012,25423,3464.8205924178633,285064604
M13013,24848,3523.600326874011,296382636
M13014,16381,3404.6643229694914,277044979
M13015,16943,3463.2296910862533,284921113
M13016,45110,3465.512916673691,285212301
M13017,11257,3510.894615492971,291790945
M13018,20362,3401.2803187221753,276671631
M13019,15069,3495.475882730556,289273114
M13020,3044,3431.895619762937,280809049
M13021,12281,3514.3767412932225,292301753
M13022,11054,3486.939798364151,287499246
M13023,28492,3494.406459394787,289233828
M13024,15308,3466.487154796058,285274027
M13025,23339,3374.4088745185795,273845437
M13026,11130,3392.555375141638,276045306
M13027,25098,3412.8729293686747,277611800
M13028,108239,3372.886652378363,273648709
M13029,38044,3517.769251233188,295593600
M13030,75833,3481.227336076267,286738124
M13031,12895,3432.9477711572263,280955005
M13032,10100,3380.853455940244,274467343
M13033,3207,3430.2454297187696,280690069
M13034,9867,3417.8744010601145,278535060
M13035,10200,3447.8940713271545,282972505
M13036,8803,3440.667462637363,282007942
M13037,20599,3442.7437466395118,282148160
M13038,7013,3474.943638803815,286152188
M13039,12885,3478.1007148774447,286440158
M13040,11051,3420.3695693454115,278632952
M13041,35065,3503.488235903207,290537053
M13042,10769,3423.708357131156,279308849
M13043,6838,3451.6439796672144,284127913
M13044,14762,3528.3328025449896,297151449
M13045,8022,3473.9695282906846,286064109
M13046,37685,3381.8509538926173,274733740
M13047,5583,3435.5739674954266,281402087
M13048,245208,3483.600310943267,286985935
M13049,16530,3404.667274548351,277061360
M13050,19041,3500.701751067389,290030765
M13051,42223,3485.6802381009356,287394041
M13052,24248,3493.5099880534567,289019613
M13053,18650,3425.920747669728,279592129
M13054,28980,3486.1735009502345,287470266
M13055,13582,3474.3503394301206,286072131
M13056,26254,3467.9672056879012,285595883
M13057,13269,3484.3208509473857,287293484
M13058,16648,3480.899221085912,286695233
M13059,30970,3502.592939905807,290262439
M13060,17175,3433.0277022121645,280967900
M13061,49539,3502.900401536992,290293409
M13062,25880,3410.492080892332,277426048
M13063,67858,3540.5254088816428,300117055
M13064,8498,3517.7129769612316,295585102
M13065,8935,3511.33412120924,291821235
M13066,8982,3510.696750709622,291781963
M13067,38718,3510.429355686712,291743245
M13068,13590,3422.710050184425,278966885
M13069,46344,3523.962228591568,296451031
M13070,13936,3513.339316600674,292219234
M13071,10425,3425.2413753191668,279461897
M13072,9839,3503.0545146307177,290527214
M13073,32265,3401.373554204006,276691993
M13074,22641,3516.342668831146,292428299
M13075,11317,3509.8840388820963,291637227
M13076,86840,3527.1732114609695,296959147
M13077,122274,3465.0105799657513,285090027
M13078,16977,3391.9872458730483,276028329
M13079,7519,3421.4283856705256,278696738
M13080,20727,3387.6095581791587,275630634
M13081,24933,3431.670211518881,280768606
M13082,14888,3504.7918728771137,290922637
M13083,24516,3498.255687546512,289524588
M13084,37435,3468.7589860173234,285672760
M14001,19282,3694.0003469182443,345076845
M14002,20236,3770.2203974499375,362790298
M14003,20118,3772.541363918476,362988922
M14004,5494,3805.790109749786,368205390
M14005,12509,3744.464757082024,357311273
M14006,56681,3790.232153100112,365123114
M14007,8610,3766.1623412146178,362204742
M14008,76293,3662.713461919293,340030982
M14009,14523,3747.028830750873,357491219
M14010,5958,3803.3550050497106,368081483
M14011,5394,3826.2058045203767,368744408
M14012,4318,3831.6278253834735,369240048
M14013,51798,3686.9049111551053,343995964
M14014,8697,3800.176794208964,367955508
M14015,50846,3877.874792826879,372637972
M14016,35432,3676.749173618449,341982974
M14017,13135,3845.791936822327,369923816
M14018,59086,3713.09677012144,348359904
M14019,5377,3664.4640148521635,340314213
M14020,9133,3896.733259443857,377330840
M14021,21577,3896.668043448985,377309263
M14022,32019,3936.3226710722083,393776193
M14023,90509,3822.984797096493,368642782
M14024,26460,3790.472825230947,365179795
M14025,17557,3605.76948552738,330910686
M14026,5726,3785.8927550862595,364971544
M14027,16097,3904.494238164034,377777578
M14028,2477,3843.6995284435634,369856814
M14029,17554,3688.9910812254548,344185395
M14030,43444,3754.4356625723103,358375342
M14031,3926,3668.657010713971,340744088
M14032,5536,3816.671362900933,368472515
M14033,21044,3671.4162799443443,340808926
M14034,2155,3852.467758422557,371448104
M14035,46421,3585.680394951156,327408766
M14036,17342,3774.208328185361,363055116
M14037,22499,3864.6699685067024,371796604
M14038,4769,3810.4980886793833,368313633
M14039,1646319,3732.015814344602,351202214
M14040,8659,3747.586824252004,357508615
M14041,6273,3581.707317803419,325057218
M14042,9047,3606.928227974284,331040944
M14043,22827,3920.726160523652,379648538
M14044,21605,3749.6163834032695,358151875
M14045,19503,3708.834791859047,347577078
M14046,28110,3631.185318360852,335477231
M14047,21157,3722.5562056392605,349294117
M14048,19842,3663.2200604177438,340122077
M14049,10280,3822.3969769569476,368606549
M14050,35713,3771.0369304031574,362869722
M14051,11792,3734.499709516123,355667970
M14052,5831,3832.9713016576984,369277785
M14053,128118,3579.78567057678,324729108
M14054,6026,3858.992065768417,371521155
M14055,18177,3755.4336968595526,358816574
M14056,2769,3796.5221010459095,366838010
M14057,3813,3776.604709325356,363111819
M14058,13873,3842.485200333538,369841733
M14059,11004,3775.293283813593,363076223
M14060,6974,3643.825102689666,337067381
M14061,14614,3614.9002723291455,332798119
M14062,3938,3824.049663976543,368733291
M14063,84200,3721.454189770688,349148590
M14064,27230,3513.686669790927,292233170
M14065,14115,3856.3176702163146,371485664
M14066,40827,3729.2269142399223,349718683
M14067,184728,3865.680780793092,371819103
M14068,12357,3897.9864607842565,377588372
M14069,11528,3764.8413325258616,362049382
M14070,83453,3734.1660290907953,355584517
M14071,4348,3706.448440107972,347413107
M14072,6384,3614.708093157936,332122518
M14073,55305,3615.615184637098,333047227
M14074,14760,3625.6553520255934,334933811
M14075,3497,3779.7953294938056,364811043
M14076,3977,3679.0306573943194,342152477
M14077,27286,3791.897432843254,365613880
M14078,27666,3638.7958917903898,336572042
M14079,12705,3816.1126519926956,368459810
M14080,6577,3827.073226852375,368802918
M14081,4204,3598.1310056801835,329625131
M14082,30995,3816.736393296604,368478051
M14083,53616,3758.3132473759906,359056122
M14084,13797,3857.0783297995736,371499779
M14085,41111,3811.47040509487,368318402
M14086,15480,3821.94535724062,368591069
M14087,18047,3832.7674859007425,369259738
M14088,16074,3819.5499292304967,368528107
M14089,3204,3797.047216680193,367186017
M14090,7179,3826.0888987225726,368737229
M14091,37999,3615.9330076047013,333458703
M14092,11817,3783.6793766845044,364902549
M14093,119197,3680.8945104431577,342478205
M14094,35502,3747.6981503609345,357517274
M14095,8361,3765.2726590174398,362161223
M14096,19766,3756.0074671382376,358834751
M14097,123619,3756.075957357557,358854517
M14098,474178,3732.8613079076263,354974050
M14099,9277,3861.7593959104574,371657212
M14100,34329,3923.197095577307,379776619
M14101,337149,3729.4531269045647,349759510
M14102,5928,3849.81639483308,370471117
M14103,7374,3854.089932370082,371454083
M14104,5089,3633.4143609986054,335651168
M14105,20034,3706.4470238354606,347393073
M14106,4024,3858.195284266621,371513576
M14107,6109,3765.796101758141,362178405
M14108,33162,3830.0335828098564,369206886
M14109,15664,3603.9883030229985,330672836
M14110,14054,3855.407549009083,371471610
M14111,5958,3654.732216780846,339423029
M14112,5758,3768.872599019926,362695612
M14113,13736,3839.614510126779,369827997
M14114,15936,3775.610955065415,363095883
M14115,5938,3639.0912971135217,336621213
M14116,15381,3596.6565020875105,329415198
M14117,4407,3647.838794227527,337765949
M14118,23773,3658.542455725823,339670168
M14119,25829,3785.1770443309056,364932288
M14120,1001021,3731.372957710685,350190842
M14121,28981,3826.601018876818,368749802
M14122,6533,3859.6796002372307,371527181
M14123,15478,3721.7287045983926,349238466
M14124,53461,3718.0001079039193,348644452
M15001,58389,3567.2731065176945,314390839
M15002,61250,3537.902980819569,299332310
M15003,38827,3553.402326906367,306774628
M15004,15584,3668.1537045753826,340711887
M15005,110591,3614.2724015069434,331868596
M15006,8873,3616.666045013697,333541388
M15007,21095,3641.042591805966,336927374
M15008,30141,3702.5520374560606,345492569
M15009,45255,3575.311590029055,321915527
M15010,23734,3523.7033521382755,296407484
M15011,34435,3545.307668290889,300764446
M15012,8172,3615.1352619234085,332837312
M15013,467886,3565.5201887764156,313819423
M15014,76750,3583.181375834388,325237758
M15015,25950,3585.546484165009,327382816
M15016,20516,3520.9845228506615,296083914
M15017,5947,3577.8522448092413,323662607
M15018,35196,3624.363775972078,334858444
M15019,28808,3612.2167452949484,331736237
M15020,252555,3549.568053935094,304048307
M15021,35068,3655.0755930579585,339447160
M15022,10205,3572.032653339824,318684762
M15023,35358,3543.6665028070424,300577784
M15024,75836,3551.8209320978667,306225919
M15025,217972,3571.007864202293,317669572
M15026,22828,3559.928462231489,309565400
M15027,5735,3617.306535576326,333582965
M15028,19620,3544.374885169308,300640240
M15029,77579,3557.5680298107086,308106256
M15030,17972,3544.088689404352,300620224
M15031,490772,3558.783478168047,308338084
M15032,28006,3643.6090458832814,337029684
M15033,1622697,3549.673424454596,304300862
M15034,7916,3590.3843738602354,328620474
M15035,38458,3538.2589190155195,299599192
M15036,33343,3523.965840671886,296497375
M15037,193468,3589.934146865934,328424460
M15038,8168,3576.022271313981,322106453
M15039,297570,3565.1887385450855,313521853
M15040,30529,3656.528691296198,339621080
M15041,6425,3655.3278699567954,339486981
M15042,115165,3596.9312580896512,329433670
M15043,19182,3610.2072297420887,331374814
M15044,31629,3539.2599287759313,299780153
M15045,68336,3547.9980705804414,301825431
M15046,15086,3576.8125398658735,322606218
M15047,56614,3588.26228943353,328195861
M15048,51979,3585.7745951523525,327455187
M15049,10720,3629.2108925779157,335409694
M15050,18968,3584.894819175275,327218923
M15051,99870,3606.7194323561134,330933112
M15052,21712,3636.0545854074217,336231021
M15053,37716,3545.9607224948986,300908627
M15054,194463,3615.456845225142,332852390
M15055,9225,3618.0750049517405,333678623
M15056,26971,3571.6597076557555,318649725
M15057,858711,3572.6990779789053,318820163
M15058,1225972,3564.2947866494674,310172138
M15059,19532,3538.6645081883776,299660379
M15060,269546,3563.8991150052384,309859332
M15061,7512,3512.891753033418,292152914
M15062,49643,3604.774354885306,330766010
M15063,25989,3628.4519965534005,335354190
M15064,30411,3598.9738588361743,329632315
M15065,29097,3523.1531575148006,296310022
M15066,5196,3670.265551188336,340783970
M15067,57583,3596.2837103185648,329344266
M15068,23592,3585.2436928212605,327339972
M15069,3469,3541.487049539248,300417109
M15070,212694,3567.3266006180365,314449228
M15071,11065,3541.5473161255054,300420578
M15072,9024,3623.3617748922234,334845416
M15073,10321,3621.089613511641,334076170
M15074,177287,3595.5573836989524,329120803
M15075,19694,3527.450179841541,297081176
M15076,59647,3609.3365255948074,331220609
M15077,5436,3660.812950850881,339847549
M15078,8592,3662.2191974794364,340019519
M15079,10007,3542.4508161733825,300456037
M15080,27592,3673.170623875603,340981147
M15081,172813,3534.7357110162375,298653625
M15082,95032,3680.3777974411796,342355053
M15083,8840,3575.0854901950042,321893280
M15084,29307,3520.345791978176,296021123
M15085,61974,3580.819693792715,324946601
M15086,31192,3661.118119422197,339852985
M15087,69306,3595.1803541308072,329040644
M15088,77531,3640.788113859565,336847420
M15089,8486,3578.3620457160346,324051512
M15090,65119,3627.8864883147303,335160033
M15091,66556,3544.9863703107876,300669210
M15092,44653,3530.273648887386,297356048
M15093,22729,3538.357384701082,299637650
M15094,16863,3588.083574710748,328178998
M15095,62280,3550.1264482675087,306011936
M15096,28067,3527.882762296315,297114567
M15097,16370,3664.9048051088803,340338414
M15098,3997,3619.9337003607184,333863687
M15099,204102,3548.22300299579,301893767
M15100,18852,3542.316986053323,300437185
M15101,58381,3613.4405949574452,331766271
M15102,14512,3567.811604101222,314668521
M15103,42507,3570.7328601504846,317625752
M15104,721415,3564.5198600551066,312791623
M15105,36100,3709.7581083860455,347947873
M15106,666596,3614.78402320612,332131523
M15107,11502,3660.0844952261696,339815742
M15108,93277,3547.0562283972295,301677732
M15109,432141,3553.20046568894,306342487
M15110,57375,3653.26008851749,338647403
M15111,40164,3637.9975479248455,336453685
M15112,37993,3563.901520296289,310128878
M15113,50829,3643.8933600209043,337074355
M15114,74043,3622.912959655328,334771029
M15115,41402,3597.1270080367317,329548835
M15116,3797,3671.7324467458334,340847973
M15117,16101,3674.2072754298183,341114768
M15118,121850,3620.4866075219825,333928394
M15119,15372,3651.317840137985,338441372
M15120,99774,3535.1976752631945,298849969
M15121,453298,3555.676964666437,307233045
M15122,323461,3571.0735313926734,317887544
M16001,9933,3702.0371601616175,345482636
M16002,19645,3862.6199676710507,371726802
M16003,19502,3654.4608022574885,339390858
M16004,15108,3669.0213775244956,340749352
M16005,10287,3624.980415010508,334896988
M16006,117949,3803.4353184734023,368087441
M16007,2826,3628.167205623695,335225152
M16008,22152,3921.3096446481813,379671365
M16009,30584,3751.5982963056754,358208412
M16010,23386,3863.859005485031,371746447
M16011,9641,3714.453936133679,348462714
M16012,38188,3808.1499798744926,368260289
M16013,10351,3731.4158719851916,351191863
M16014,13974,3923.180645792088,379762645
M16015,21706,3883.246402085739,376222055
M16016,23221,3689.7047020890877,344821085
M16017,30107,3587.4261517185673,328117331
M16018,9151,3659.6235781043106,339805741
M16019,21169,3763.6917824096413,361624539
M16020,26269,3648.143026050032,337832667
M16021,10898,3747.8475133215748,357552776
M16022,19169,3661.6724465560023,339902025
M16023,10968,3730.489858271819,350168016
M16024,16243,3725.446404224433,349470611
M16025,30711,3722.284568271425,349253944
M16026,6870,3898.5625430873038,377600729
M16027,7463,3666.5015420410837,340671137
M16028,7077,3692.225816750779,344941340
M16029,14866,3795.93962457416,366823144
M16030,14915,3699.56653248253,345315046
M16031,15923,3579.554335473131,324713185
M16032,13161,3718.948584554541,348793062
M16033,20015,3777.9700711672253,363189958
M16034,106421,3635.296964447218,336044948
M16035,34245,3779.4323498642148,364769274
M16036,11808,3655.024669027384,339435352
M16037,10153,3677.7448668425723,342031600
M16038,45441,3751.7759163289147,358238996
M16039,6711,3704.4401253065694,345604052
M16040,16341,3653.142905669857,338631062
M16041,13260,3629.9771264221727,335455213
M16042,14393,3712.2739677013233,348123207
M16043,54130,3724.627425147796,349414740
M16044,14430,3691.318954856892,344898068
M16045,36389,3748.599849162195,357593855
M16046,11648,3661.311918538773,339884177
M16047,18586,3652.282814922845,338561640
M16048,5136,3701.5830854766455,345411860
M16049,16620,3707.8444631079,347464583
M16050,69382,3610.414307910504,331429538
M16051,11235,3769.6059538098816,362742636
M16052,171100,3894.381722739296,377126351
M16053,620532,3674.538240568701,341130869
M16054,10914,3662.803176457146,340107275
M16055,42877,3792.4396727562957,365892714
M16056,23221,3725.7983229104257,349502607
M16057,8724,3731.3227947388677,350182118
M16058,15280,3760.3012839239354,359126904
M16059,8821,3765.5345325217977,362169584
M16060,9703,3675.453382885169,341956547
M16061,18804,3631.4201580717645,335584434
M16062,19688,3728.0085380965993,349536058
M16063,18504,3686.9530160455847,344047762
M16064,23868,3789.8735734399843,365099246
M16065,31096,3735.3692519886467,355733741
M16066,77872,3718.0810994578956,348697913
M16067,20097,3687.7011307697007,344069270
M16068,20256,3770.068176886399,362753871
M16069,84946,3673.2680476132246,341008739
M16070,15666,3709.312931897452,347597459
M16071,71770,3661.9476135373307,339940441
M16072,13438,3646.4617064010545,337637525
M16073,23893,3699.382613473759,345282101
M16074,9905,3746.727069785694,357445242
M16075,57006,3767.6704109302373,362638606
M16076,60894,3743.576530546701,357250379
M16077,19506,3748.3275832043223,357563674
M16078,13952,3637.177285806347,336293209
M16079,38331,3729.705876572257,350096659
M16080,17181,3618.942873650927,333833716
M16081,9085,3668.5217644572335,340730925
M16082,59192,3733.038880484831,355452297
M16083,25670,3782.447631690385,364876879
M16084,26245,3733.158261855744,355511489
M16085,32821,3724.108460969762,349381919
M16086,14413,3697.888488863261,345262332
M16087,13287,3753.9728229003526,358362055
M16088,39408,3665.959273056281,340392779
M16089,24135,3826.673277617481,368778783
M16090,11742,3734.982919544467,355679762
M16091,12833,3755.2815324483736,358803741
M16092,16656,3717.3059210488964,348570909
M16093,25392,3601.3394272184332,330401812
M16094,8830,3707.259882594301,347446876
M16095,11315,3760.90790503848,359196167
M16096,10153,3854.691434511824,371461457
M16097,36072,3746.8116154894146,357455147
M16098,23959,3640.669416989094,336823461
M16099,18103,3679.8114653772127,342332349
M16100,12414,3706.2658963503363,347378721
M16101,11124,3668.1051074789907,340690388
M16102,265699,3755.093815605345,358422675
M16103,22512,3733.8833153274927,355557270
M16104,20579,3738.437877530176,356190534
M16105,17687,3708.7217640331687,347557499
M16106,26691,3690.372942238283,344850055
M16107,69700,3703.4531188333353,345530116
M16108,161918,3720.8202145231326,348986672
M16109,4084,3685.9604023051115,343242515
M16110,48917,3637.8592220677187,336404768
M16111,12879,3746.2115861380994,357397002
M16112,138050,3645.594929261219,337408617
M16113,26500,3648.492712300701,338105596
M17001,16482,3660.171487005157,339829434
M17002,14708,3601.043136642739,330377824
M17003,30436,3631.881779250432,335603238
M17004,69381,3621.725994495452,334148171
M17005,9356,3650.719690702411,338428364
M17006,153329,3615.6947244515804,333186937
M17007,338706,3622.8719804492735,334432323
M17008,57617,3627.0334016794723,335053437
M17009,15184,3614.92644287198,332820438
M17010,13745,3613.570009025131,331824652
M17011,170589,3622.6872035395263,334261734
M17012,53351,3647.260770702432,337685077
M17013,13623,3618.3184169905867,333689023
M17014,8821,3648.0289653352293,337814720
M17015,23984,3644.1077162548972,337125184
M17016,15090,3599.2021329828603,329665987
M17017,54149,3655.515169198343,339505752
M17018,92850,3628.2801747802687,335261340
M17019,24133,3628.686845750877,335380179
M17020,32921,3608.6550308401306,331108169
M17021,6917,3650.071197699192,338414598
M17022,16428,3594.8159274775085,329021543
M17023,5626,3600.4838903404125,330372198
M17024,45272,3637.40759142735,336355101
M17025,30017,3644.7613525485644,337212363
M17026,13851,3604.1765020715784,330733278
M17027,8742,3597.610089027478,329590237
M17028,45643,3635.0484599581487,335999305
M17029,84405,3615.6812952373334,333102532
M17030,36582,3603.1689035966992,330499504
M17031,33331,3644.116721507634,337149168
M17032,7962,3606.873019053526,331032982
M17033,12065,3608.446769117126,331095173
M18001,36512,3720.4898146158944,348919581
M18002,15371,3777.533728641802,363174587
M18003,12088,3792.8287830899035,365978353
M18004,65943,3791.0342979586258,365206255
M18005,10294,3705.950446327532,347349593
M18006,25382,3771.2258507358774,362905435
M18007,16171,3770.1142287989137,362774127
M18008,37664,3773.974560322588,363013634
M18009,26649,3680.8762002812746,342451556
M18010,34683,3739.4652810430684,356917653
M18011,21722,3749.399895319679,358130153
M18012,42762,3792.8141891079395,365935591
M18013,7753,3782.0035101828107,364869126
M18014,20849,3761.429873102001,361264350
M18015,94979,3765.0320173997293,362066244
M18016,42237,3734.99854687593,355691504
M18017,305176,3767.494338538638,362333430
M18018,31202,3760.727263359065,359142184
M18019,12940,3722.9104406100378,349365712
M18020,59808,3850.7896519900237,371199544
M19001,2514,3095.1818565617423,255042838
M19002,4390,3006.3728176160243,251682997
M19003,2464,3002.7581980108826,251640395
M19004,27773,3122.5861391828676,260574764
M19005,18524,2974.1719941175534,251131912
M19006,283497,3093.7812700938507,254753395
M19007,14840,3206.762125151722,265259322
M19008,3499,3055.609842879332,252486692
M19009,75059,3096.3199733732504,255045352
M19010,6644,3093.5399523152605,254746751
M19011,9343,3029.390802393137,252212275
M19012,11204,3078.456381021102,253920078
M19013,11540,3034.921758050052,252295540
M19014,33721,3266.845698693128,266842069
M19015,2246,3013.1661604638757,251789211
M19016,3185,3070.5018586507126,252916938
M19017,39519,3164.1195284344035,263962281
M19018,28974,3119.748136371879,260273047
M19019,125978,3117.948789900413,259977737
M19020,5799,3023.7915037103157,252024160
M19021,233457,3101.157633072236,255428086
M19022,15475,3101.732292772069,255661543
M19023,1699,3009.3077240281596,251776477
M19024,5576,3214.3319512280978,265345898
M19025,6033,3079.0090568613973,253931282
M19026,670162,3105.228232843138,257217486
M19027,2795,3029.7715131630575,252221618
M19028,1371,3067.5662692066317,252884789
M19029,6413,3131.6627805027983,262350051
M19030,3484,3160.2864431212415,263950991
M19031,66497,3098.1218538197663,255145546
M19032,5305,3017.5449260995993,251932725
M19033,69205,3126.641269349189,260936975
M19034,4719,3075.0708025042177,252932578
M19035,1215,3026.902659035062,252107103
M19036,7078,3283.679635659714,267091050
M19037,5049,3099.897846373922,255423037
M19038,52741,3117.2683984683918,259924996
M19039,1110997,3110.936277134412,258119325
M19040,1226,2990.1455290564086,251505079
M19041,11321,3084.008022863477,254114533
M19042,6237,3062.1119587932953,252850936
M19043,2613,3147.851443631582,263859981
M19044,32329,3035.8123744759887,252307080
M19045,19024,3086.359546324461,254125854
M19046,496878,3104.8316621392046,256720608
M19047,14275,3096.3684804686895,255120411
M19048,227026,3121.2195781576097,260347738
M19049,36812,3119.971573279025,260302021
M19050,2169,3009.6084583785573,251778176
M19051,4247,3052.9424534066234,252475265
M20001,1540,3607.750909084908,331052250
M20002,44579,3503.5581817844327,290623556
M20003,2567,3610.2965826118884,331426373
M20004,883,3621.423069129214,334137499
M20005,14249,3614.0116412248212,331841185
M20006,13745,3640.2647694817115,336723919
M20007,3655,3678.359647270961,342148822
M20008,918,3668.638586877247,340743170
M20009,5660,3558.64137085108,308332424
M20010,13186,3587.518225999503,328147438
M20011,1317,3693.564715905369,344948417
M20012,9566,3745.564628452924,357382996
M20013,2942,3668.153529707638,340708945
M20014,22675,3610.2378374182363,331393996
M20015,5803,3696.49928186979,345163576
M20016,5733,3717.5257628783065,348589248
M20017,3998,3702.939327632204,345526118
M20018,946,3610.649215868098,331507326
M20019,3077,3584.6353781418884,326694837
M20020,3295,3720.2049566930673,348916286
M20021,14467,3502.367204396686,290247972
M20022,931,3608.549658575247,331107238
M20023,12812,3659.0642460731974,339701306
M20024,4298,3570.310315031309,317150155
M20025,9799,3590.782349288969,328637290
M20026,7828,3700.0443341813457,345333351
M20027,2501,3562.5673472782682,309846822
M20028,17573,3697.183369879492,345215232
M20029,4149,3552.9275603641595,306336992
M20030,7705,3614.9025056471683,332812733
M20031,6704,3614.2242597444297,331856638
M20032,1138,3650.4089581495537,338427226
M20033,2004,3644.128023785431,337182499
M20034,1400,3666.1843547949084,340432187
M20035,754,3612.5616182300128,331765045
M20036,5610,3599.6870368249706,329921034
M20037,4185,3733.236452124624,355548005
M20038,2132,3607.9535326511095,331053790
M20039,53219,3638.562880389841,336518823
M20040,6567,3555.623178880911,307223565
M20041,31040,3555.3409964321727,307182833
M20042,7287,3611.0505735535467,331572508
M20043,78512,3618.6068118436533,333725826
M20044,40877,3503.864482494899,290727821
M20045,3942,3638.0539434753086,336493849
M20046,3717,3652.809521138091,338597094
M20047,109,3621.435047685172,334138382
M20048,946,3675.436915459831,341955601
M20049,1029,3682.543361957119,342673814
M20050,3473,3679.8057674783154,342328876
M20051,3604,3467.06339534722,285482387
M20052,6011,3652.5218013917383,338587833
M20053,1116,3621.7405691214767,334217552
M20054,434,3646.5998416709926,337650963
M20055,3383,3655.2506491829386,339482228
M20056,1275,3785.246756482536,364958117
M20057,40709,3577.2042324903823,323615951
M20058,13947,3570.2580932915957,317136208
M20059,32555,3712.477770306035,348289787
M20060,2666,3608.109136633078,331088190
M20061,2392,3711.176535960574,348063264
M20062,579,3611.2502651125146,331595120
M20063,3368,3644.1474640529505,337184503
M20064,7607,3652.4055985043865,338580226
M20065,1835,3682.401898858271,342671979
M20066,5308,3585.093740261121,327237891
M20067,256130,3648.878475738447,338135152
M20068,18183,3672.6791922060447,340962964
M20069,2032,3694.96532283542,345151250
M20070,6226,3779.6965778807366,364804817
M20071,3828,3741.65912453281,357075600
M20072,5661,3683.386613434629,342678568
M20073,26406,3720.7962946906796,348960266
M20074,424,3697.1897611134455,345232805
M20075,2675,3592.9381563267175,328911685
M20076,3548,3753.8409979066414,358358507
M20077,2423,3640.8626692004154,336924951
M20078,1061,3649.926082876627,338410623
M20079,76452,3652.14345039283,338476811
M20080,1796,3705.7401490807315,347347797
M20081,2318,3671.0074960354173,340794916
M20082,4594,3772.718120946631,363009040
M20083,4970,3653.803258160942,338757584
M20084,3206,3639.777404091409,336683516
M20085,22495,3742.1157706866647,357112246
M20086,751,3681.052283866572,342597402
M20087,3400,3644.79329910627,337242380
M20088,3100,3719.5445997565994,348852511
M20089,2136,3647.081061432927,337677167
M20090,5638,3785.7647746816833,364962791
M20091,3909,3642.6190365843822,337013173
M20092,1377,3654.4046186028095,338779652
M20093,563,3646.2232198840848,337623455
M20094,2067,3654.270244227453,338777172
M20095,3723,3718.633540174094,348789339
M20096,677,3642.8541351048543,337018530
M20097,1678,3602.8530036349016,330497826
M20098,4295,3561.385246142317,309648934
M20099,548,3687.796599387609,344089367
M20100,537,3596.3995796703334,329412806
M20101,916,3701.018175137172,345401447
M20102,3074,3645.5882024257844,337261117
M20103,4809,3672.128612445348,340855123
M20104,1929,3689.755732777174,344845031
M20105,6200,3661.4189811978495,339895825
M20106,339,3628.9286456559585,335409355
M20107,15261,3651.552766496724,338457254
M20108,4315,3685.797517729681,343237790
M20109,1313,3570.925026486387,317668259
M20110,1362,3688.5120465338787,344173267
M20111,3818,3773.9997517472466,363051298
M20112,2881,3665.4536891547323,340370737
M20113,2873,3747.3948756596324,357505742
M20114,788,3606.2997974551163,330928243
M20115,4740,3658.670177929827,339693941
M20116,3833,3554.9636089162454,307168245
M20117,2512,3753.113485768657,358355995
M20118,2731,3652.6181990300106,338593844
M20119,523,3673.5388627579714,341109609
M20120,638,3606.501446378242,330929031
M20121,827,3632.384624542159,335645885
M20122,752,3669.407484803809,340765027
M20123,2727,3681.874738154545,342645270
M20124,15886,3639.7219534568217,336634541
M20125,10882,3670.1067841832,340767384
M20126,4236,3703.5174885383294,345599816
M20127,1180,3676.2085653243676,341977426
M20128,1252,3592.962637842973,328914360
M20129,344,3622.9989921649512,334845072
M20130,4931,3615.909227453984,333453772
M20131,9788,3656.848837325184,339655039
M20132,1043,3677.0974619851104,342018406
M20133,3408,3702.750745475979,345522710
M20134,23238,3543.6082448561615,300554546
M20135,6150,3652.204307907033,338553529
M20136,11680,3561.316050922282,309637254
M20137,3324,3697.851926423419,345259008
M20138,472,3613.223729204725,331765799
M20139,1914,3568.310612466955,314698444
M20140,783,3648.0424445114813,337823541
M20141,5782,3602.5346329305708,330475353
M20142,1379,3554.93863107307,307166866
M20143,9318,3599.2066198733196,329681077
M20144,1184,3649.3157915541224,338407451
M20145,1789,3647.811828235256,337764160
M20146,1868,3698.6817692876407,345277619
M20147,413,3654.3384274295922,338779239
M20148,1991,3714.3154461008976,348459598
M20149,1250,3715.503000856952,348502602
M20150,9694,3636.9168362337196,336280016
M20151,452,3618.06292240176,333678171
M20152,2064,3697.4287564470146,345233229
M20153,3959,3761.6966202031454,361322181
M20154,1938,3706.379349779309,347391135
M20155,849,3715.596911278352,348503852
M20156,3294,3591.9388608881404,328833259
M20157,8343,3648.119009308153,337824324
M20158,2355,3737.913657484723,356184957
M20159,5227,3736.926825197971,356164218
M20160,1895,3642.613157970082,337011278
M20161,2717,3638.124385471141,336502862
M20162,1529,3675.8487826294113,341974720
M20163,1702,3555.881612043413,307982279
M20164,3353,3672.0423052212036,340851770
M20165,1271,3637.527620172108,336400373
M20166,9867,3535.0746781301714,298829672
M20167,1892,3708.7252539513224,347575186
M20168,916,3801.286229382281,368037439
M20169,4538,3533.973563086767,298633760
M20170,3151,3693.7118891875707,345073694
M20171,19969,3546.454464779201,301644479
M20172,531,3666.837787756003,340679894
M20173,1572,3604.752451039569,330764438
M20174,2887,3655.8447069673093,339573743
M20175,1775,3610.9560230652673,331565107
M20176,3223,3620.8095990993806,334064648
M20177,9298,3593.151595877009,328915612
M20178,3499,3637.028906455738,336289710
M20179,1236,3620.926661282909,334068598
M20180,2286,3793.1262993976206,365990441
M20181,442,3616.8239117057483,333552792
M20182,2242,3566.412281745767,314373481
M20183,1511,3688.9931383234857,344202949
M20184,133913,3519.2759880822973,295783382
M20185,7514,3772.5022900566137,362981408
M20186,666,3663.9546401054995,340308859
M20187,2479,3558.4999885632046,308329945
M20188,8656,3775.3694637130407,363087227
M20189,2338,3582.3483325606744,325200546
M20190,21679,3588.5181947714755,328391746
M20191,374,3615.572422740255,333046853
M20192,1338,3668.862522819156,340748014
M20193,2285,3633.8890645134206,335679727
M20194,1350,3635.882038006607,336153284
M20195,1468,3665.2546213171277,340355605
M20196,422,3606.6807482801396,330932690
M20197,2914,3650.0106503644975,338411684
M20198,27399,3571.249022121764,318211005
M20199,849,3674.9247502446365,341892051
M20200,3588,3617.7357677898135,333589097
M20201,1830,3598.679029367784,329630485
M20202,4302,3757.7805965884927,359051820
M20203,3198,3684.8665735984823,343213955
M20204,675,3659.1840084520964,339803633
M20205,16775,3564.37007860673,311398110
M20206,2466,3575.471327989531,321986876
M20207,17090,3583.0628245784133,325220668
M20208,9543,3688.9599447677483,344175852
M20209,932,3701.53905127447,345410928
M20210,6750,3673.3232580666613,341093685
M20211,3125,3713.259079719885,348418990
M20212,2551,3573.3101282842285,319698829
M20213,3889,3754.87106487541,358418786
M20214,2486,3590.9941479073664,328698380
M20215,665,3644.2152142726063,337190705
M20216,1150,3598.230517781363,329629335
M20217,3454,3668.397162016292,340727471
M20218,572,3685.008426039968,343217153
M20219,2817,3655.700972419502,339570926
M20220,2974,3593.575270019404,328925189
M20221,1448,3642.819415780397,337017082
M20222,1605,3590.44300592657,328628390
M20223,496,3586.939818774655,327528921
M20224,720,3637.724816381121,336401644
M20225,5380,3777.18857478971,363169207
M20226,2587,3638.5325056263287,336516236
M20227,9965,3647.5633590563066,337740367
M20228,737,3552.04018771521,306301755
M20229,5676,3721.583863456911,349232790
M20230,1202,3671.705339201533,340846771
M20231,3144,3605.6703999757992,330836803
M20232,20118,3536.8915286970255,299217260
M20233,1941,3651.163431595076,338439431
M20234,7227,3558.435067632401,308322718
M20235,3618,3701.3585381424127,345407310
M20236,1741,3725.368105585509,349468870
M20237,2303,3651.8996012599,338472675
M20238,757,3688.386255914243,344172510
M20239,1078,3667.2509939998395,340680425
M20240,2614,3699.0781505493874,345279487
M20241,1200,3699.4048775862607,345305994
M20242,8877,3707.3593747936834,347455706
M20243,1776,3667.351491986415,340681503
M20244,3254,3570.3530509779844,317159692
M20245,1370,3655.3156412444855,339485611
M20246,642,3611.798471428575,331693927
M20247,1391,3611.1073428590653,331579795
M20248,10657,3638.3677927680283,336505579
M20249,2913,3555.6594159119877,307230132
M20250,1108,3646.9705947709076,337660369
M20251,1150,3690.1363983530982,344846960
M20252,1838,3686.5443951443713,343994126
M20253,4148,3730.133327469945,350153999
M20254,3495,3722.4523283381536,349288989
M20255,1945,3690.3186606637773,344848110
M20256,250,3618.9373502982894,333833466
M20257,1122,3600.336963311439,330371076
M20258,880,3669.542865466119,340765779
M20259,2261,3682.848061010081,342676307
M20260,2621,3614.7828050195008,332128902
M20261,6143,3645.4054386855364,337254974
M20262,1089,3615.1260054073623,332836223
M20263,3134,3730.625592340928,350178984
M20264,2276,3621.7442164328063,334218668
M20265,5947,3577.3094055961346,323656660
M20266,8584,3728.8568095181663,349558363
M20267,307,3616.4281380641946,333541081
M20268,884,3696.4196564946296,345162692
M20269,3635,3701.304718727529,345403675
M20270,1703,3608.998299341729,331218906
M20271,2097,3689.637512234175,344818988
M20272,6705,3762.113360737711,361326140
M20273,3205,3677.3904567760055,342027367
M20274,1193,3684.322954143647,343177094
M20275,5332,3605.6089531804314,330831471
M20276,874,3572.5647382616867,318819289
M20277,12668,3715.709657825234,348504701
M20278,36036,3520.026122556368,295926750
M20279,2617,3728.18684004513,349555746
M20280,2673,3594.945477341975,329037971
M20281,268,3648.7386677479803,338134884
M20282,821,3664.943956815269,340354784
M20283,1038,3614.427522813954,331979187
M20284,3160,3668.532269933995,340740010
M20285,3115,3785.7981449142712,364968429
M20286,3525,3685.0861602154973,343217725
M20287,432,3624.9771769502017,334896556
M20288,601,3599.137800529136,329662726
M20289,1131,3711.821495626185,348065656
M20290,991,3662.434847602665,340029991
M20291,4069,3732.942455325049,355448228
M20292,1294,3666.508288079788,340678600
M20293,7103,3643.8155901719992,337060278
M20294,5071,3638.1206970651256,336497791
M20295,8470,3675.692477120858,341966250
M20296,1135,3595.365061588536,329119668
M20297,2489,3697.1677865123097,345212743
M20298,10477,3643.0932478737127,337019207
M20299,1074,3614.4470481976186,331980225
M20300,5334,3764.9752828249707,362060910
M20301,1471,3680.78198895423,342450085
M20302,3765,3774.5325447745886,363072458
M20303,1204,3614.095432084655,331855434
M20304,1050,3647.187712627587,337684027
M20305,3634,3620.3865149502885,333924005
M20306,4735,3734.1317602679883,355579782
M20307,9862,3691.9765014235218,344913151
M20308,2588,3643.795940433882,337057690
M20309,10854,3535.2645322943845,298949743
M20310,3604,3654.7571004980778,339428987
M20311,677,3607.6910266910945,331051573
M20312,1298,3779.5412118791987,364803519
M20313,1010,3602.7355214403597,330496816
M20314,1548,3738.3234931695347,356188986
M20315,1903,3679.306434233867,342326701
M20316,821,3685.4640001256284,343236969
M20317,1555,3664.676271261855,340336859
M20318,32471,3772.2004403795904,362930817
M20319,1312,3701.1454973588866,345402363
M20320,653,3691.750483503897,344912498
M20321,926,3625.6430101325104,334932885
M20322,877,3554.1049780669414,307041238
M20323,1780,3611.9493712667013,331694569
M20324,36982,3761.566712756939,361285199
M20325,9570,3638.838654697413,336601255
M20326,4535,3573.7120894277277,319730541
M20327,13377,3582.8317299703267,325202884
M20328,1052,3679.9125664545154,342350452
M20329,1428,3685.371983189391,343235541
M20330,4173,3562.151103129256,309832005
M20331,850,3659.8469194407326,339814892
M20332,420,3649.004542827999,338407031
M20333,2684,3664.3076865246626,340311529
M20334,42645,3787.242008651068,365009670
M20335,991,3595.3607862269873,329118677
M20336,2546,3590.244482360729,328617928
M20337,5504,3617.8398008020913,333637902
M20338,7819,3640.054929202811,336696373
M20339,3486,3650.1767561232596,338423740
M20340,2061,3611.992971849306,331732744
M20341,246,3645.1785447492452,337254222
M20342,1584,3660.106467799413,339827850
M20343,2029,3648.6857012796486,338132855
M20344,2366,3737.310406828971,356182591
M20345,3722,3778.5544668676716,364765552
M20346,1633,3660.8085553404303,339845916
M20347,3288,3719.4480459810243,348849223
M20348,8671,3696.7133292352055,345204072
M20349,2062,3654.225707592768,338775110
M20350,15690,3647.0038426071706,337661477
M20351,2470,3711.9315431694386,348120737
M20352,2225,3650.073259997948,338421515
M20353,1867,3718.1202032064753,348775785
M20354,524,3551.34287704048,306222531
M20355,864,3566.3145581214503,314354412
M20356,2140,3642.133512868847,336981994
M20357,993,3644.2659141673867,337191370
M20358,1990,3686.236038162061,343246599
M20359,1149,3611.5336019330744,331595699
M20360,3415,3671.4130620679407,340805511
M20361,977,3695.468393542607,345155954
M20362,1545,3716.7005229570236,348565303
M20363,2532,3621.3430331823715,334134967
M20364,14036,3759.5712680524066,359112868
M20365,1542,3616.148202142611,333534555
M20366,4440,3746.1751834333636,357392562
M20367,4230,3780.4817449552716,364864896
M20368,1604,3670.651887031848,340793312
M20369,1758,3667.9187854840548,340686374
M20370,725,3669.62640823938,340766659
M20371,858,3694.2356055068662,345096127
M20372,1848,3706.1503781290367,347375715
M20373,573,3604.74675790608,330763865
M20374,1263,3554.070210456699,307039975
M20375,6457,3647.7495853618534,337757703
M20376,410,3685.849474417552,343242105
M20377,10688,3719.8845354831087,348905598
M20378,3311,3684.010108415266,342714514
M20379,2672,3695.3358692399283,345153282
M20380,1833,3652.046170502359,338474978
M20381,2625,3658.7426240315053,339698681
M20382,1158,3706.21435507403,347377563
M20383,567,3669.2195156920025,340764460
M20384,4061,3716.891055556786,348566848
M20385,52806,3653.5480448728076,338704778
M20386,15054,3742.6981151322434,357134741
M20387,3549,3680.2910939339977,342351504
M20388,2212,3670.565594512784,340791100
M20389,1177,3675.8983856426344,341976249
M20390,44364,3647.9057748077958,337770356
M20391,2808,3727.3313630220655,349533250
M20392,6663,3711.0456772245843,348056601
M20393,3455,3678.0386267361805,342041753
M20394,2660,3599.185238667679,329663327
M20395,2531,3616.688842889371,333550261
M20396,3329,3556.2260273511138,308032623
M20397,29026,3683.676097533583,342684229
M20398,5597,3692.1849863196617,344935743
M20399,15749,3648.8860213593352,338391282
M20400,1562,3625.723867647609,334954269
M20401,18120,3772.43881144364,362963288
M20402,1016,3795.246227391077,366822128
M20403,1658,3657.9457625241785,339664827
M20404,808,3637.2362877166565,336307161
M20405,1711,3651.025184079007,338437720
M20406,21436,3545.0065485782743,300735766
M20407,7106,3555.209557294824,307172078
M20408,414,3671.288423511607,340797234
M20409,7272,3646.0460673366592,337546667
M20410,3369,3678.1780997769943,342045208
M20411,759,3648.680600696776,338132096
M20412,3021,3606.6731661428444,330929669
M20413,28327,3745.2639846186817,357354669
M20414,10118,3788.059431806514,365089128
M20415,4910,3763.140720657118,361609496
M20416,594,3601.250565517103,330401218
M20417,9783,3545.4327466540462,300881585
M20418,10491,3640.1392949791125,336704192
M20419,598,3610.312003338038,331428940
M20420,1070,3697.7970498634627,345257938
M20421,4041,3636.845764819855,336275975
M20422,770,3627.229094085284,335116030
M20423,606,3660.098617818813,339827244
M20424,4156,3719.3694083402565,348845067
M20425,2081,3585.52597519694,327380735
M20426,6914,3663.5550623198305,340301945
M20427,13648,3586.1910819228483,327507645
M20428,1506,3688.2099009315684,344089915
M20429,1675,3712.81208185952,348358229
M20430,272,3679.6125777748034,342328604
M20431,1831,3582.0024441194746,325198715
M20432,958,3588.3661670614565,328252475
M20433,2622,3761.1967198351736,359240023
M20434,4843,3558.9278030456044,308835041
M20435,2752,3616.9440532371154,333553234
M20436,1204,3607.291977177063,331049991
M20437,8406,3610.538565852396,331498920
M20438,1562,3566.432671703545,314375723
M20439,20228,3765.832976462431,362184514
M20440,1016,3634.2859750818857,335682012
M20441,5698,3625.6622089278917,334948571
M20442,378,3607.387753419246,331051195
M20443,460,3617.0318233998255,333555986
M20444,469,3710.7673424477607,348056132
M20445,1223,3688.6090924538858,344174629
M20446,6565,3712.428621427901,348137600
M20447,15417,3749.0662276088033,357775250
M20448,1633,3722.51195496397,349292484
M20449,3449,3677.2832725422422,342019449
M20450,9537,3732.429532781485,354575328
M20451,1365,3617.2543032296308,333581600
M20452,4636,3674.050130064313,341110132
M20453,2577,3696.1410740411775,345160115
M20454,2754,3603.220259887758,330536086
M20455,2404,3637.771537442074,336402364
M20456,1341,3644.9739235919888,337249682
M20457,3058,3583.574603140177,326468138
M20458,1544,3592.191323308339,328891864
M20459,4314,3597.802090367415,329604711
M20460,4837,3577.191914191385,323611114
M20461,725,3689.746532158438,344844306
M20462,3988,3634.4472408987385,335683028
M20463,933,3632.2804477270456,335644952
M20464,601,3614.9519705133052,332835622
M20465,1200,3601.8840725745904,330474153
M20466,10675,3748.553093078659,357583180
M20467,17922,3785.0147041653217,364914366
M20468,12682,3561.7250523372745,309676848
M20469,28118,3696.6840156049134,345175954
M20470,6336,3621.020948016295,334069834
M20471,520,3589.6036012994273,328422990
M20472,2788,3613.6329303461093,331838397
M20473,1432,3612.1734786196107,331734805
M20474,3291,3791.750126015497,365272198
M20475,1988,3649.723039374106,338408635
M20476,397,3617.387189297598,333588700
M20477,1674,3738.2997294170273,356187312
M20478,2422,3618.645156711659,333831044
M20479,266,3652.1463967512414,338553263
M20480,1028,3677.622113483633,342030572
M20481,2876,3712.6632621094977,348322342
M20482,44193,3792.154587246492,365641166
M20483,7937,3639.7366367131704,336675579
M20484,4469,3677.35837859576,342022898
M20485,3234,3814.7445816383943,368362860
M20486,2306,3634.9257945108334,335996999
M20487,1721,3640.3487816632824,336737664
M20488,140,3619.738188949345,333863547
M20489,4997,3776.997658068842,363129709
M20490,2712,3555.2569064638965,307180121
M20491,3315,3714.540092079669,348472355
M20492,3888,3663.073907514392,340118189
M20493,506,3645.368676666582,337254468
M20494,7433,3668.113386742767,340701512
M20495,3267,3723.3181631047064,349378652
M20496,1762,3611.620201016871,331596848
M20497,3130,3759.392321948954,359109738
M20498,6599,3567.68183514225,314661922
M20499,1725,3658.3932300132947,339668443
M20500,7544,3715.231561803768,348495058
M20501,1173,3681.8288538906345,342624915
M20502,4963,3596.0487894831726,329339303
M20503,465,3608.079075221351,331055922
M20504,1757,3622.328148812208,334220944
M20505,7295,3590.522692308371,328629995
M20506,755,3620.434811332698,333927639
M20507,3347,3811.524617410424,368359513
M20508,1488,3610.9303628559783,331563619
M20509,8725,3763.772010036548,361645708
M20510,878,3708.92456234243,347596581
M20511,3430,3656.686199238361,339651609
M20512,1125,3714.33737050466,348461589
M20513,7379,3587.6200146788683,328160624
M20514,950,3589.8893284503592,328423510
M20515,53229,3640.6069420511567,336770232
M20516,4334,3722.3530883772123,349284655
M20517,4004,3623.660770176302,334854440
M20518,160,3651.8073602687446,338472515
M20519,2834,3644.195579862894,337187871
M20520,7308,3661.9763797845226,340012211
M20521,327,3633.3962905004396,335650841
M20522,1041,3615.8497419387904,333342013
M20523,1565,3640.4899291295474,336768667
M20524,510,3651.3654661807714,338456744
M20525,10457,3579.8117823946563,324857226
M20526,14058,3763.7998382081505,361654433
M20527,2569,3586.94209011468,327529417
M20528,1464,3682.7596111744856,342674843
M20529,1456,3654.96835294782,339433896
M20530,3095,3667.4082912065865,340683279
M20531,1939,3647.336806367344,337738428
M20532,4139,3700.158625151831,345341179
M20533,1683,3717.4004234153213,348587565
M20534,4173,3720.63198108258,348956093
M20535,3390,3699.936192779004,345329961
M20536,519,3652.6891031885325,338596575
M20537,7786,3688.3382474652167,344164724
M20538,635,3706.9796078712484,347418426
M20539,3902,3644.8203102417374,337245780
M20540,6088,3639.4972668614855,336628453
M20541,1855,3596.505960381342,329413343
M20542,874,3698.460865273755,345276745
M20543,5306,3767.23470720843,362259524
M20544,1747,3615.826016474383,333340266
M20545,7476,3568.158968874135,314690968
M20546,5562,3641.523910476279,336948469
M20547,952,3632.7181820288924,335649889
M20548,1573,3608.81550181944,331217333
M20549,12346,3655.3770993881058,339493406
M20550,4724,3647.123228331294,337679303
M20551,13507,3646.2989588281876,337624018
M20552,514,3615.140746632739,332845484
M20553,6777,3644.65964045863,337205586
M20554,5626,3592.863482027084,328906059
M20555,2813,3665.2700255579716,340357073
M20556,316,3626.708022782234,335053121
M20557,12140,3604.7256347824864,330751725
M20558,1507,3596.8639966119263,329430579
M20559,22886,3558.3844903441377,308299832
M20560,5594,3639.043375206589,336615619
M20561,2256,3668.0598216445255,340688132
M20562,1305,3654.9194758802714,339432591
M20563,1413,3710.593607549563,348054719
M20564,1259,3683.970773323339,342713255
M20565,19247,3661.729615085536,339921194
M20566,3184,3696.0144678074566,345156931
M20567,3433,3679.2595877400895,342323268
M20568,1563,3633.6925408010184,335678164
M20569,1958,3658.1221463525885,339666485
M20570,16801,3671.701428073728,340829970
M21001,49462,3529.0467916301177,297243771
M21002,9199,3391.044676547976,276019130
M21003,34765,3618.0212957155013,333643406
M21004,40439,3530.4470193618477,297400701
M21005,3074,3605.5882634656973,330816814
M21006,13058,3441.056345828645,282041362
M21007,3795,3595.8869240668755,329335508
M21008,9087,3455.5260506494274,284552406
M21009,2614,3627.294357598014,335116800
M21010,48642,3556.035877554127,307983981
M21011,2004,3664.004164596542,340309525
M21012,6632,3504.7031973179496,290901275
M21013,15811,3559.296298451914,308853525
M21014,4704,3433.4367779721606,281069166
M21015,64315,3540.0258300670484,299981343
M21016,7664,3464.7356954641823,285049712
M21017,18565,3432.2852096132215,280887308
M21018,3732,3581.4195872374753,325046564
M21019,117111,3575.9701651726314,321989342
M21020,5782,3552.879480546944,306331210
M21021,1310,3616.0933242900855,333533245
M21022,11933,3592.271217578398,328893408
M21023,8104,3511.553581095811,291830170
M21024,1302,3639.3507202959954,336627151
M21025,7704,3405.9444516928634,277165662
M21026,13571,3559.5165829247135,308869336
M21027,5104,3586.8789845358715,327523817
M21028,2216,3431.8593431464956,280806833
M21029,3931,3420.4293210034184,278651787
M21030,884,3428.3027656716263,280016470
M21031,3564,3587.227169327385,328113767
M21032,1880,3662.30878052015,340028111
M21033,4596,3604.260736294883,330747129
M21034,27575,3547.709322404473,301797856
M21035,18692,3560.1999214460748,309612333
M21036,12662,3549.539443197892,303988916
M21037,2524,3586.5735953304547,327521293
M21038,6583,3538.7332025791825,299679911
M21039,8984,3445.706559910271,282748902
M21040,7086,3546.545752133878,301668943
M21041,46729,3549.5455274931783,304001578
M21042,3985,3599.561874902148,329917049
M21043,45010,3419.7771050663837,278580973
M21044,14434,3463.446684055858,284956675
M21045,38711,3510.1267382306264,291674469
M21046,5542,3542.2425537348086,300431643
M21047,21133,3641.766270201131,336954031
M21048,17788,3550.7911094235315,306139392
M21049,12855,3437.7156696035618,281675217
M21050,20252,3468.3631923293515,285646461
M21051,36606,3620.026857825892,333867684
M21052,1301,3578.5133343611324,324059998
M21053,49266,3466.574329955444,285289335
M21054,27216,3430.5901581588605,280698832
M21055,5043,3628.7016340872874,335404312
M21056,1961,3652.2080386885823,338559679
M21057,7279,3441.072742646716,282054420
M21058,17833,3469.9808101438516,285894641
M21059,2810,3630.7931314785224,335474421
M21060,5581,3555.7569634412994,307912601
M21061,26108,3527.18770171231,297045987
M21062,4845,3596.397458306053,329407961
M21063,13473,3518.006977672198,295715016
M21064,16331,3374.497527660672,273868776
M21065,22151,3524.794253581503,296606783
M21066,3177,3632.4457248177,335646712
M21067,14833,3476.041618781145,286311944
M21068,8194,3423.594280950364,279292075
M21069,28654,3594.7998345024553,328992889
M21070,8026,3574.1344473831236,319735076
M21071,83537,3437.2700763062326,281561944
M21072,16130,3417.738245464471,278518930
M21073,9651,3639.858994415979,336686722
M21074,50868,3550.935894256554,306157180
M21075,10206,3427.4158187262483,279971122
M21076,28345,3413.2099791950245,277636898
M21077,5465,3429.334916679853,280641187
M21078,11670,3434.474421185145,281188539
M21079,4591,3555.5175363050507,307213873
M21080,2761,3426.223481928309,279610779
M21081,4614,3672.3575081232175,340945032
M21082,6922,3581.4588674828606,325050296
M21083,28358,3473.3628123319377,286035751
M21084,6589,3426.576356902163,279646939
M21085,70739,3605.696056599134,330839947
M21086,13257,3402.9655324892433,276811061
M21087,12556,3654.1536711143276,338762554
M21088,4942,3421.8279519912544,278704257
M21089,13489,3416.718558196343,278454236
M21090,14483,3550.969418742736,306208048
M21091,9301,3431.0910340724276,280755901
M21092,5239,3570.3296417769393,317154453
M21093,9207,3472.901818157174,286026544
M21094,25719,3480.314192206485,286557959
M21095,722,3569.5993209109756,316600109
M21096,2396,3512.930954387789,292160426
M21097,2044,3544.2789764228164,300638196
M21098,6229,3560.4746786949086,309631025
M21099,17779,3531.84421220196,298490242
M21100,9613,3435.755078004073,281422230
M21101,3617,3429.9306507704528,280673964
M21102,10644,3562.367118578733,309836178
M21103,5375,3536.652830643379,299211885
M21104,19033,3511.176080763314,291802202
M21105,4945,3469.705954597754,285885351
M21106,23619,3561.6026292450138,309653229
M21107,12609,3422.1446404097037,278709199
M21108,13769,3484.5627596301283,287330013
M21109,18326,3434.1630890302226,281120714
M21110,35812,3530.0584440194543,297307017
M21111,19401,3399.01927071599,276324493
M21112,9680,3621.627558595631,334138491
M21113,5948,3630.749037783299,335468473
M21114,1346916,3549.155302938738,302642000
M21115,38649,3525.5920872167417,296649918
M21116,19235,3467.481862038754,285555522
M21117,14766,3509.373480644977,291567800
M21118,20849,3535.5486172255437,298971228
M21119,56066,3554.7055387860573,307042115
M21120,4495,3546.515758588666,301664448
M21121,1116,3578.580522948202,324071646
M21122,8632,3550.2318702727034,306088465
M21123,4425,3429.288456651081,280636762
M21124,13554,3566.5610769886653,314377285
M21125,6934,3559.603127313302,308882907
M21126,5267,3564.0280253328165,310166871
M21127,4317,3608.3939216013714,331090856
M21128,6744,3505.5778801397305,291002360
M21129,11697,3566.127723323522,314341900
M21130,3708,3506.2250754192405,291107094
M21131,815,3566.283119717077,314353597
M21132,121071,3541.3050742153796,300279677
M21133,951,3594.156761676297,328991938
M21134,16361,3541.4467587108406,300400748
M21135,727,3620.914145509826,334067871
M21136,9350,3544.443954215392,300659860
M21137,8334,3499.8259466432405,289920483
M21138,10009,3563.742881280186,309849323
M21139,3441,3627.307966241193,335119414
M21140,99794,3553.9836604857082,306888013
M21141,3711,3627.7008092984706,335156322
M21142,23342,3507.8775423763923,291357018
M21143,22649,3547.4954434353467,301775207
M21144,10631,3535.2877766011215,298960597
M21145,13219,3530.0681080983813,297342829
M21146,887,3581.7625707840753,325063491
M21147,6112,3596.3618936560024,329401849
M21148,8815,3564.592640386211,313513038
M21149,14249,3550.1533949955997,306074216
M21150,6734,3575.276943304005,321908793
M21151,7082,3543.672170075185,300613142
M21152,11068,3513.2618777553353,292203437
M21153,16844,3548.950847278048,302133720
M21154,59177,3536.1468045582583,299069653
M21155,6830,3642.053795436443,336975164
M21156,226258,3555.753966040562,307686343
M21157,12650,3619.6047482676468,333850897
M21158,7060,3399.026034114921,276343894
M21159,4840,3583.260226439784,325314508
M21160,3549,3636.388366555481,336252733
M21161,16717,3556.9602833326294,308035952
M21162,4003,3437.1129754324984,281481213
M21163,14055,3532.444485899993,298508021
M21164,62651,3538.7847913777186,299707514
M21165,1272,3603.2313318140023,330538840
M21166,8671,3593.9338601923296,328928163
M21167,9457,3443.273853792225,282365556
M21168,6392,3615.4104197474203,332845998
M21169,18145,3576.05192778058,322467261
M21170,15268,3466.245687897282,285258759
M21171,2864,3551.4555666003143,306223055
M21172,25859,3455.2111901513485,284493386
M21173,5556,3430.4788697740696,280693276
M21174,81156,3428.557702227457,280047780
M21175,9640,3570.1974862081443,317126568
M21176,8331,3611.972357697554,331724413
M21177,42295,3550.3710228771583,306097097
M21178,17764,3424.644190234651,279408744
M21179,25674,3496.7522725366944,289366218
M21180,31665,3546.0335344492373,301587729
M21181,5370,3546.433179250897,301639109
M21182,4198,3547.2080795641255,301771009
M21183,18233,3432.900550245997,280920017
M21184,6502,3429.8343610083944,280646652
M21185,8686,3601.2199682470045,330392532
M21186,47106,3433.422867710378,281022060
M21187,6271,3413.321755834633,277665243
M21188,17171,3585.408955661956,327363564
M21189,17259,3545.7710336194787,300891368
M21190,1161,3604.9152791821834,330815653
M21191,11025,3655.6022208768427,339559901
M21192,6176,3418.6050809870253,278550981
M21193,6185,3558.915282157003,308828856
M21194,25115,3384.1185456061235,275303695
M21195,21164,3537.835287217892,299250789
M21196,1701,3610.683705689156,331508272
M21197,70164,3422.519438156781,278760917
M21198,1433,3659.3165073519776,339804308
M21199,30426,3428.4154809831866,280017354
M21200,4306,3445.997581658649,282757886
M21201,3279,3593.9668345037016,328936834
M21202,11760,3430.7595006015863,280726048
M21203,5101,3555.598924310099,307218464
M21204,6649,3429.877801878781,280653154
M21205,19368,3540.602608827871,300184913
M21206,4407,3583.0519156174546,325216261
M21207,49242,3437.2183981604344,281512702
M21208,69698,3453.82866949058,284347857
M21209,8900,3572.754650981125,319678874
M21210,5267,3432.779453864794,280914750
M21211,13810,3444.395076881278,282548158
M21212,19447,3456.4608251995896,284595056
M21213,13535,3420.4386364720303,278655718
M21214,13641,3559.277696442644,308839884
M21215,4392,3435.589156084212,281407670
M21216,2949,3424.897428868211,279440579
M21217,19715,3546.1420975548385,301619394
M22001,54591,3565.607294346118,314287309
M22002,27290,3449.037562465609,283756934
M22003,12667,3416.8412233784547,278467725
M22004,51790,3499.8086002553464,289868693
M22005,46878,3506.3642068758118,291110802
M22006,74558,3553.587503672951,306813455
M22007,27598,3507.490032421877,291324685
M22008,29140,3557.1537949348294,308052669
M22009,22839,3432.084769552471,280819086
M22010,19493,3425.51371937483,279485190
M22011,71397,3540.277115451765,300045658
M22012,49554,3537.8533004658875,299271953
M22013,16557,3468.326490112307,285622137
M22014,641386,3545.9698162769787,300946343
M22015,7665,3464.4731545428936,285042047
M22016,179668,3538.2317092043227,299419524
M22017,49969,3520.2908238055193,295971154
M22018,21266,3488.173176390707,287526689
M23001,60091,2836.536186138277,244587218
M23002,60365,2977.468219943419,251169144
M23003,11313,2752.8178564862583,242836711
M23004,208164,3098.200675365484,255212043
M23005,419815,2766.050371415245,243230223
M23006,31052,3026.9695072867844,252108318
M23007,20411,2799.0518780645257,244124525
M23008,63752,2830.922214038786,244520087
M24001,19192,3439.6763381648543,281882603
M24002,8781,3360.5096583963264,272636321
M24003,42782,3367.9099897961264,273123882
M24004,4889,3419.3087340193097,278567033
M24005,18824,3374.8276502935746,273885107
M24006,9889,3312.9061132061006,268822891
M24007,16153,3290.994241012945,267161216
M24008,20703,3378.6824183579956,274391731
M24009,3404,3431.2697629282616,280765202
M24010,30603,3337.4679117567944,269998007
M24011,39944,3403.2546246323145,276918912
M24012,19904,3366.7186515786484,273032288
M24013,146604,3335.5146146449097,269827645
M24014,17352,3367.6843923304045,273106530
M24015,21070,3375.0219853570743,273935336
M24016,39687,3274.981105934087,266910165
M24017,25359,3370.5442646662004,273541164
M24018,14289,3371.0753511535017,273566523
M24019,6538,3405.2915682341845,277143628
M24020,78187,3300.1389874047577,267712831
M24021,48392,3447.692961071389,282898900
M24022,19904,3405.1886170435287,277123724
M24023,15790,3388.262068745378,275815818
M24024,88991,3403.2272874219766,276824318
M24025,26405,3457.478475027294,284633608
M24026,9363,3360.5820304107615,272645102
M24027,10493,3416.080751814911,278443743
M24028,670532,3448.496370330396,283069632
M24029,22373,3367.3454627839997,273058740
M24030,6793,3412.3453672380615,277544106
M24031,10830,3394.9600842697328,276118779
M24032,39066,3462.990334468537,284843664
M24033,12755,3400.9096086707864,276658876
M24034,14107,3332.068922163621,269722718
M24035,180296,3442.851425215925,282168759
M24036,27390,3365.2790664525673,272870913
M24037,89074,3385.278530589458,275453188
M24038,16008,3368.8465129753085,273517324
M24039,13722,3360.634188185101,272654465
M24040,35087,3318.987241028972,268844369
M24041,18137,3355.5134402678,271910157
M24042,13354,3346.877513105359,271134507
M24043,9582,3463.5695703496576,285001206
M24044,7533,3301.226969546401,267843011
M24045,14205,3390.004180499579,275960498
M24046,14623,3496.0539743484287,289334597
M24047,10378,3330.5341913006437,269619173
M24048,5135,3301.9321388463027,267850544
M24049,34432,3453.9547186539858,284417555
M24050,40602,3475.3808136415114,286159201
M24051,14989,3403.326143356197,276958856
M24052,10956,3386.9953449265354,275600707
M24053,31405,3374.888918274926,273903931
M24054,49578,3386.6819662088924,275542262
M24055,21962,3442.11372847688,282126198
M24056,13747,3398.331811075473,276300769
M24057,28319,3380.8424342308504,274439024
M24058,18898,3308.6596318091956,267944298
M25001,359146,3732.752318095004,354614904
M25002,43827,3701.7078480557693,345416996
M25003,37757,3656.096111534934,339576630
M25004,27815,3707.2098443010527,347419061
M25005,17269,3664.6184123330263,340319590
M25006,745537,3686.375363812982,343248589
M25007,29355,3616.0224013956554,333502134
M25008,49471,3717.6333013962467,348594981
M25009,50438,3722.6793356049375,349315274
M25010,89515,3659.178521448975,339714118
M25011,277402,3709.4726133824097,347613125
M25012,380509,3736.4020304217274,355778638
M25013,50082,3675.0084031028996,341892900
M25014,47934,3715.80841571802,348517369
M25015,73303,3688.2997785368734,344091421
M25016,26762,3681.825664846426,342598153
M25017,85100,3672.3518908895057,340859932
M25018,145622,3712.4316804175937,348144165
M26001,2420,3549.9197696189035,305923559
M26002,61944,3401.6092793624352,276736778
M26003,25152,3639.7309691018913,336650427
M26004,7253,3620.531840591516,334050244
M26005,1484,3527.9405617735415,297149965
M26006,3396,3512.476600463543,291975288
M26007,718,3592.527674951861,328905341
M26008,1348,3466.184914686329,285257411
M26009,943,3540.9220987908134,300258668
M26010,1366,3414.116326336329,277682338
M26011,1496,3478.185191527041,286453043
M26012,21322,3691.1525341141974,344876746
M26013,1484,3537.29581279995,299249305
M26014,3724,3552.196717442194,306302492
M26015,1377,3406.925580551648,277262540
M26016,5732,3597.722927200186,329598979
M26017,69516,3646.107003363966,337553939
M26018,356290,3684.022300211028,342717825
M26019,32061,3482.334356305305,286840953
M26020,4984,3616.2884878064538,333536097
M26021,2306,3644.6347661174896,337203280
M26022,937,3555.2371090641786,307179184
M26023,6202,3504.1530069605046,290892597
M26024,825,3504.317108295762,290898799
M26025,49987,3719.612838303516,348855611
M26026,56129,3700.7093579240495,345345318
M26027,7801,3429.11696287619,280552220
M26028,1235,3475.8149031989324,286292176
M26029,130329,3729.146273194752,349588354
M26030,609829,3654.4073912414196,338781029
M26031,1147,3425.7205598026267,279590982
M26032,966,3472.165855404654,286011213
M26033,76296,3707.8982701408186,347481203
M26034,1142,3543.32936585286,300553404
M26035,9988,3538.9902904365813,299770165
M26036,24447,3557.230517188968,308081809
M26037,1584,3596.907004413534,329432086
M26038,4187,3508.574965645927,291475793
M26039,5370,3433.074679699882,280985075
M26040,2236,3461.4362064377437,284807702
M26041,14365,3472.1667973180984,286012179
M26042,140650,3674.923565638928,341751401
M26043,159787,3512.656138846078,291993127
M26044,479,3585.837948361487,327507166
M26045,2831,3574.909615295836,321890449
M26046,402,3610.726146867727,331563217
M26047,9236,3640.224179837114,336714683
M26048,31157,3719.0269714731494,348806223
M26049,3335,3629.352325786478,335451878
M26050,1591,3584.349375990757,326693246
M26051,5432,3615.9434129224833,333496702
M26052,6400,3522.9454825093044,296303622
M26053,416,3548.74213037196,302128069
M26054,279,3593.2303671756445,328924910
M26055,145006,3748.785733373607,357630244
M26056,5626,3610.969392421325,331566882
M26057,1703,3546.8195948531816,301676029
M26058,13526,3574.6967836248946,321876923
M26059,1628,3490.0812356905594,287804105
M26060,2257,3560.1558292940076,309610076
M26061,1649,3573.6559522609496,319728892
M26062,1175,3618.2241738868015,333687848
M26063,1539,3514.3479103140626,292300214
M26064,1756,3616.0704153309453,333531489
M26065,1798,3580.592452764659,324933162
M26066,9565,3588.5402811986614,328413425
M26067,1986,3456.9394049617586,284631622
M26068,1590,3576.109705530247,322604628
M26069,6069,3545.3839231097218,300875516
M26070,11278,3631.918383527671,335633674
M26071,21813,3701.96997504086,345460823
M26072,13692,3713.3481581870797,348422115
M27001,54265,3310.8272285504363,268661363
M27002,217261,3381.670188584818,274510283
M27003,88218,3292.7341342041286,267374670
M27004,520308,3360.107360420902,272116013
M27005,164637,3347.577213322099,271370860
M27006,104360,3365.024755244569,272753651
M27007,26951,3328.1577929666955,269477572
M27008,158573,3399.1749368995793,276350954
M27009,32840,3381.005109671094,274477443
M27010,68746,3348.6975063472496,271670299
M27011,27807,3311.513999135454,268729663
M27012,133985,3366.521548015829,272898303
M27013,80272,3347.4316302585994,271286508
M27014,70764,3334.7894905274757,269756881
M27015,41296,3394.162071911929,276072864
M27016,45834,3404.813656062131,277077890
M27017,55712,3339.2844350846226,270077832
M28001,13306,3115.271134252532,259911690
M28002,27997,3194.066128947327,265143960
M28003,127664,3231.404983405827,265538834
M28004,8915,3290.8329702469914,267152301
M28005,5183,3068.117400294512,252886160
M28006,7520,3258.7141937668957,266639574
M28007,16787,2957.574743642619,250802584
M28008,4537,3166.9692046291284,264130450
M28009,182325,3235.3537942762696,265808747
M28010,2333,3066.559787219828,252859957
M28011,8570,3257.856264055948,266631004
M28012,41455,3224.742552925111,265435065
M28013,14499,3168.2783858957473,264134987
M28014,4366,2964.372669224491,251011528
M28015,16246,2948.2708998261883,250187538
M28016,24281,3169.1049781457014,264149486
M28017,13184,3236.4665976222805,265991072
M28018,8510,3108.8374861310745,258110815
M28019,17620,3220.6798662761503,265386443
M28020,2830,3154.840984838687,263908548
M28021,112602,3266.7613742326907,266729467
M28022,418141,2904.1176234390055,246503746
M28023,5337,3039.551815707284,252401948
M28024,6788,2969.840707844439,251109058
M28025,25704,2964.344400919173,250985824
M28026,3176,3246.562974635485,266557341
M28027,310915,2911.0452838330566,248285040
M28028,3067,3300.927751656128,267832293
M28029,13303,3281.598749594499,267058369
M28030,13677,3150.317776433114,263862594
M28031,1821,3256.279187029623,266629183
M28032,420463,2938.1568998181165,249355308
M28033,104229,2934.6716212930614,249223410
M28034,9577,3108.087684364475,258101238
M28035,57412,3033.899126426677,252238128
M28036,1055,3091.191311240428,254485373
M28037,24231,3129.1477657635733,261046844
M28038,295442,3239.543903043536,266013929
M28039,27049,3292.3249315742496,267320750
M28040,58573,2941.863099306282,250100107
M28041,263063,3192.9408221881977,264753521
M28042,7005,3153.6167731414935,263901543
M28043,22464,3243.2166719701195,266484548
M29001,7679,3519.413573707519,295917295
M29002,11795,3522.6991940922785,296278890
M29003,5449,3505.222663658535,290952696
M29004,13122,3489.730311466835,287790983
M29005,67675,3511.6577454400353,291838274
M29006,37169,3521.781664446694,296199789
M29007,12412,3491.267806034645,288066856
M29008,10964,3500.6019564367425,290019801
M29009,4255,3515.059707364734,292342289
M29010,57512,3524.0912706338977,296530718
M29011,4080,3510.3259966787004,291713180
M29012,7215,3524.455549226959,296588230
M29013,66561,3508.2940072414067,291384901
M29014,12664,3519.2097306412397,295762744
M29015,30301,3533.957783982918,298603459
M29016,5840,3512.130490956884,291945257
M29017,8357,3536.274858448483,299128830
M29018,28842,3520.836761809791,296055072
M29019,14313,3539.742185259577,299822008
M29020,6937,3524.5683421444355,296595445
M29021,14605,3528.3904271419315,297166211
M29022,4357,3532.832855299118,298540115
M29023,21020,3538.763342688098,299686494
M29024,23391,3528.558165808769,297220380
M29025,54387,3540.6065901828265,300204281
M29026,12824,3517.8352154396953,295702192
M29027,10142,3539.887750097815,299836321
M29028,17067,3530.4471680211777,297441140
M29029,9006,3532.9307058983172,298548832
M29030,11226,3492.8379042675692,288995307
M29031,21753,3507.1812192999755,291262614
M29032,10803,3537.8540542173387,299321507
M29033,73230,3526.5927470570537,296805222
M29034,33893,3492.265881667574,288842400
M29035,4735,3507.5083844029077,291352283
M29036,16682,3526.9274243964705,296942465
M29037,7959,3517.2068468941848,292504994
M29038,9294,3512.406145287299,291965994
M29039,16857,3507.295101182424,291284367
M29040,7418,3515.101763390369,292346544
M29041,22288,3538.068102191545,299393560
M29042,10226,3539.3397613763827,299811782
M29043,21555,3515.114151236106,292353962
M29044,31915,3535.8823463352387,299030741
M29045,4729,3513.3211338737233,292214505
M29046,3391,3485.247708324238,287376427
M29047,2347,3491.087519295069,288064509
M29048,13697,3527.6568083121247,297100870
M29049,4360,3532.8815452134054,298544472
M29050,9081,3527.324063418238,297072095
M29051,3234,3534.8885890047172,298826438
M29052,4587,3514.4443377300117,292314034
M29053,5547,3535.146648298517,298844422
M29054,4368,3535.674965516751,298992077
M29055,2939,3512.328936181658,291963055
M29056,5851,3533.9209218593755,298597608
M29057,3676,3538.10703332943,299415848
M29058,6997,3535.9257682090733,299062656
M29059,4883,3535.1015155348446,298839539
M29060,3184,3529.5886630581026,297298614
M30001,7514,3429.1366907714723,280560021
M30002,2658,3409.2008378925884,277392395
M30003,78243,3466.626216596858,285338601
M30004,39354,3414.2470962563134,277683704
M30005,5011,3460.089200553091,284753904
M30006,17785,3526.2182083981147,296738049
M30007,5613,3458.738182567915,284676551
M30008,8573,3477.2762115668556,286389021
M30009,27188,3409.6902610682832,277395053
M30010,53241,3426.647730992952,279653528
M30011,49499,3434.385538674979,281139040
M30012,7228,3464.812470059584,285057376
M30013,26377,3308.9947989484544,267963196
M30014,36823,3492.608033725895,288924556
M30015,32119,3433.679079589333,281081630
M30016,23389,3412.8081962602528,277588411
M30017,3611,3436.95940926391,281477602
M30018,1776,3519.859294693717,295924974
M30019,5381,3529.356602848659,297293233
M30020,8054,3516.698924179221,292465649
M30021,22619,3478.052368122559,286417539
M30022,16998,3496.4578824720584,289349220
M30023,48179,3424.390456564951,279329774
M30024,13339,3448.1950896762464,283056293
M30025,20230,3459.198835708676,284686311
M30026,16433,3425.1537077333273,279445464
M30027,16237,3382.405504265195,274771425
M30028,135804,3422.659887074108,278831081
M30029,11072,3476.6415389382137,286358788
M30030,39308,3511.7488713545417,291905949
M30031,14628,3477.1436424493413,286374393
M30032,45383,3432.2498775058953,280841925
M30033,23839,3344.719992224158,271110668
M30034,24729,3326.5099536944035,269098484
M30035,11268,3322.7462305992326,269048915
M30036,7301,3419.288273161233,278559732
M30037,6876,3407.7619926719876,277288460
M30038,73536,3438.187570055935,281705098
M30039,267212,3423.0617907291394,279002695
M30040,39189,3373.755031496549,273756948
M30041,1834,3498.2667524468616,289549104
M30042,6196,3381.682770613022,274727544
M30043,17094,3461.2603950386497,284790608
M30044,177288,3489.223653981071,287613695
M30045,54185,3474.675606780619,286098003
M30046,15303,3451.510479495278,284112610
M30047,42003,3479.022143711249,286454539
M30048,97437,3447.4383583182507,282797824
M30049,18920,3464.064545809956,285010788
M30050,14423,3408.409756254104,277341833
M30051,21105,3407.073941342957,277267355
M30052,10849,3496.778024683735,289391892
M30053,23260,3484.540725427115,287306753
M30054,11731,3483.0187433621622,286873014
M30055,12902,3365.0975065022167,272858011
M30056,6646,3367.391574153883,273099884
M30057,12981,3403.7587555208843,277031998
M30058,58735,3372.6429438372243,273586121
M30059,14105,3446.6537334074137,282774448
M30060,14035,3311.2630935245134,268715628
M30061,73077,3427.1902304935343,279898045
M30062,15130,3483.937269810476,287231143
M30063,15072,3328.3574569068896,269508270
M30064,3438,3407.068961993496,277263917
M30065,44580,3426.7518195623516,279706769
M30066,23876,3390.527852376279,275995254
M30067,10824,3414.063420931167,277671514
M30068,46053,3492.4832683146924,288878503
M30069,26413,3354.2666711573083,271826725
M30070,18205,3469.4818694733303,285734725
M30071,46477,3466.811301349137,285435910
M30072,18093,3430.772157639864,280737808
M30073,39795,3459.485317229871,284714109
M30074,5733,3508.9978827450323,291510925
M30075,17753,3451.0850122990864,283906185
M30076,12956,3406.542785679322,277229006
M30077,38847,3492.1562130003417,288648521
M30078,12863,3338.555570128667,270064969
M30079,9517,3456.8138041848556,284614503
M30080,19945,3477.3806518973197,286397594
M30081,11914,3501.4642719026415,290060096
M30082,13294,3431.808898007801,280793539
M30083,49216,3388.3917099962123,275831608
M30084,6047,3468.6190279510874,285666713
M30085,56896,3500.6017112758336,289962905
M30086,33399,3426.4536510352527,279613540
M30087,390590,3428.722811406893,280128936
M30088,4416,3438.4157748108655,281833173
M30089,37764,3454.666051516052,284455622
M30090,9969,3435.8934319917626,281431843
M30091,25424,3522.268680473317,296253466
M30092,28762,3444.400824340426,282561968
M30093,13025,3423.3955636880346,279269907
M30094,33495,3488.7688123648977,287547955
M30095,18971,3387.5359649394327,275611663
M30096,1432,3406.365841027816,277173366
M30097,20161,3434.575215952404,281200209
M30098,2327,3508.254349731402,291382574
M30099,14709,3516.5733531967426,292450940
M30100,20580,3436.1853432897688,281441812
M30101,28622,3498.506815805647,289640320
M30102,119166,3388.129010931049,275696652
M30103,10345,3411.6008485196376,277493040
M30104,15210,3436.8285473477995,281462392
M30105,35171,3429.276272703443,280601591
M30106,3807,3410.0791486198177,277422241
M30107,2582,3427.5873179761043,279981328
M30108,153001,3443.9187090827822,282395157
M30109,60771,3388.671564190791,275880824
M30110,8368,3520.239444307657,295962786
M30111,16755,3432.923512718828,280938250
M30112,18097,3415.102774815018,277871805
M30113,4038,3498.50936379197,289668942
M30114,9798,3358.0780683886,272060717
M30115,30945,3508.9756871901504,291479980
M30116,13282,3467.728439215333,285574757
M30117,22085,3494.400261166537,289183024
M30118,118593,3502.9760536955014,290342948
M30119,5236,3505.6612027233377,291049025
M30120,12137,3447.793700979379,282960368
M30121,24394,3291.2036857706576,267177369
M30122,14071,3424.7807291634567,279426508
M30123,90657,3276.5360499685803,266949852
M30124,170304,3368.4447338425075,273166664
M30125,26567,3470.0983223162402,285912474
M30126,30791,3424.621927868293,279377953
M30127,17980,3497.457393490005,289467483
M30128,54365,3445.282965840727,282606556
M30129,17509,3358.2710340554895,272070515
M30130,49388,3526.388286672583,296755834
M30131,152838,3368.5116739450045,273336968
M30132,14161,3429.9218600725044,280659803
M30133,50329,3243.8857487251016,266507012
M30134,18999,3422.8878508249763,278983696
M30135,14730,3504.730414207916,290907907
M30136,5342,3427.732908283322,279983910
M30137,4195,3516.232015332937,292424104
M30138,39327,3507.172525080085,291223287
M30139,5684,3438.8092370099466,281841012
M30140,2214,3508.1614747420035,291380360
M30141,142343,3434.7060980009787,281243482
M30142,32645,3485.1081284021234,287343782
M30143,54539,3438.3089857180726,281778634
M30144,27958,3475.503908265478,286199803
M30145,11467,3463.509233245744,284989739
M30146,3105,3461.6371038057705,284809938
M30147,16392,3514.5948868654955,292325897
M30148,27198,3445.358845101535,282660921
M30149,27486,3437.1812817018917,281485216
M30150,11589,3317.7259762619065,268832780
M30151,26306,3300.7390527421985,267805987
M30152,12643,3248.2961222160966,266560517
M30153,6254,3321.2707715206707,268923762
M30154,13455,3319.7079429707687,268897902
M30155,94829,3342.618393490058,270713700
M30156,4881,3425.26368786336,279472322
M30157,19551,3359.876963543086,272096462
M30158,25681,3347.0906044665444,271147861
M30159,17640,3531.1684815878325,298301953
M30160,102946,3347.268591890105,271173542
M30161,36359,3337.4684790814654,270028610
M30162,5900,3452.9209945160505,284144935
M30163,5603,3403.2503394842593,276913309
M30164,14900,3445.615945601389,282725480
M30165,7844,3467.816597036641,285588039
M30166,8455,3408.829914684492,277383940
M30167,13754,3336.0260010507563,269974249
M30168,11958,3512.2565868900156,291951097
M30169,24506,3497.244875717747,289442977
M30170,9051,3419.3171642246375,278571922
M30171,4642,3520.5304389122316,296050430
M30172,19066,3466.6794053688673,285416844
M30173,51006,3502.136442349431,290181076
M30174,89382,3498.311745511974,289550938
M30175,81088,3357.044822463382,271928294
M30176,4642,3495.8292264810707,289312937
M30177,8899,3421.3333254850404,278687839
M30178,14946,3443.8885145306645,282380211
M30179,3624,3456.2404988313606,284568710
M30180,11067,3405.8877643624637,277154595
M30181,36610,3448.169086257964,283019683
M30182,11484,3428.9582032316175,280539567
M30183,51877,3406.4535644910516,277177129
M30184,6263,3526.0316930469126,296696849
M30185,3955,3506.6535438446317,291157680
M30186,6092,3480.6601248805823,286583678
M30187,4839,3415.0907023621075,277866966
M30188,14952,3461.2162425344795,284775656
M30189,126616,3326.9928881212813,269123213
M30190,2210,3492.28728402496,288876293
M30191,27684,3408.638978718869,277356256
M30192,18771,3367.3718426225405,273081113
M30193,457377,3415.1648382639064,277889902
M30194,7991,3435.69388399152,281414239
M30195,4401,3524.5862437720375,296602382
M30196,16389,3487.275712856017,287510300
M30197,12500,3389.827820131936,275947998
M30198,6993,3432.0511297030976,280812093
M30199,8945,3451.422449734349,284103665
M30200,12339,3464.286850971279,285029708
M30201,39814,3514.1768956330297,292260400
M30202,12339,3402.051797218364,276798722
M30203,12607,3411.8008098529863,277503385
M30204,44100,3408.0419887195812,277295336
M30205,18446,3319.2514115849795,268879456
M30206,27218,3428.0908532616536,279989252
M30207,44215,3505.27164015939,290958145
M30208,22858,3471.045245770213,285939041
M30209,12488,3429.955908213164,280677581
M30210,23461,3507.320974070342,291301224
M31001,5230,2941.28801263761,250004969
M31002,13166,2914.302984130389,248642730
M31003,9413,2964.233653171906,250976411
M31004,5095,2882.220149891784,245755349
M31005,1974,2882.424880984299,245760444
M31006,7959,2845.3852800001223,244712324
M31007,6286,2887.044428931666,246258970
M31008,3916,2836.6270460477176,244647309
M31009,4743,2863.820677120479,244975634
M31010,2085,2931.9381160515127,249201914
M31011,6065,2954.170308931634,250224919
M31012,3445,2860.6237915082097,244936892
M31013,7620,2891.445230408939,246421011
M31014,1313,2880.1457912271944,245740912
M31015,4387,2915.1182133918683,248672807
M31016,2369,2958.7752145162553,250844595
M31017,4016,2896.795407486599,246477887
M31018,2800,2949.9322287466675,250203784
M31019,25085,2863.2469744730606,244950549
M31020,3503,2884.978982400998,246190713
M31021,6561,2877.6396932796615,245638805
M31022,3511,2919.364665626245,248806965
M31023,4057,2937.8910051511116,249351251
M31024,2868,2945.8062621052127,250166667
M31025,4316,2957.4934047468755,250798268
M31026,3150,2868.0094577817545,244983679
M31027,7877,2852.28436253739,244813757
M31028,2414,2830.7311766870876,244517673
M31029,5854,2843.694637264391,244706470
M31030,3413,2869.9647760908047,244986829
M31031,2723,2857.189392182088,244887851
M31032,12666,2842.7935612506167,244693804
M31033,16864,2976.9617694895446,251152280
M31034,5312,2904.489809353495,246922445
M31035,5477,2897.6428091694456,246491873
M31036,6112,2914.0052700046754,248636618
M31037,4227,2909.735699038775,248278763
M31038,25979,2913.7384657241105,248610639
M31039,3226,2881.8054607597437,245752123
M31040,23006,2882.6016199219744,245762418
M31041,39191,2907.244518630491,248229845
M31042,5130,2896.952142667872,246481903
M31043,2248,2887.380939956644,246276165
M31044,5534,2926.984221345126,248993725
M31045,2184,2951.351503345938,250206584
M31046,2720,2943.799558706476,250158680
M31047,4664,2954.0419458318956,250220255
M31048,18804,2962.564879891456,250932124
M31049,2484,2937.889420968061,249348767
M31050,705055,2906.6280722847246,246938518
M31051,2684,2885.0205511054237,246235406
M31052,29485,2878.314882246534,245706748
M31053,11449,2958.9721996235976,250846964
M31054,2537,2885.7496543313273,246238090
M31055,5279,2959.16075720471,250858413
M31056,25483,2963.6894803383802,250950928
M31057,7802,2812.6914676289553,244178634
M31058,21284,2959.3280056343046,250863692
M31059,48797,2877.1269923809527,245590008
M31060,993,2871.6603377130273,245058861
M31061,3061,2777.409043913198,243727103
M31062,3909,2952.2726649766364,250208768
M31063,4354,2927.2823407404912,248999259
M31064,1452,2907.550882485314,248269036
M31065,1838,2783.6825522469217,243929977
M31066,3489,2971.727847141705,251128423
M31067,8275,2908.147643817983,248270488
M31068,3039,2860.847961311411,244940337
M31069,7633,2915.7421849914545,248677194
M31070,3874,2828.888427653462,244458288
M31071,1527,2887.456894886699,246278413
M31072,1847,2873.0537472267088,245109277
M31073,3193,2952.552864497497,250212677
M31074,3505,2899.134970890241,246497350
M31075,4866,2947.9226070460772,250182672
M31076,14380,2922.32889589018,248915480
M31077,2310,2871.3183943339427,245047018
M31078,3889,2878.6476177999375,245736233
M31079,34802,2967.932882253181,251015894
M31080,8464,2936.7676897198708,249340303
M31081,2660,2882.7443501626985,245785424
M31082,3302,2867.124554674628,244980377
M31083,1594,2852.9191203008763,244821634
M31084,6396,2857.144809639752,244881455
M31085,12274,2859.4642321389656,244904536
M31086,2126,2871.8172214599,245059854
M31087,4201,2921.799177352815,248911279
M31088,1926,2873.3508416603345,245114100
M31089,32776,2959.6836582744922,250884976
M31090,5883,2917.2837854672453,248801082
M31091,9533,2871.463006063157,245049328
M31092,5289,2889.4595316214322,246282311
M31093,15281,2892.6484801323336,246428631
M31094,4012,2956.5475494888924,250237578
M31095,4840,2897.4656623739234,246487033
M31096,64104,2823.0312231069756,244350118
M31097,3528,2873.5687256622837,245116026
M31098,12577,2970.5425825358666,251115846
M31099,2976,2873.2205865091364,245111124
M31100,2909,2906.2078892623144,246935609
M31101,49145,2921.0017512754016,248862134
M31102,56776,2870.909168041264,244990242
M31103,2824,2899.910199238693,246500855
M31104,13243,2912.591376785422,248595955
M31105,2371,2887.940557494247,246279940
M31106,2067,2856.973017184327,244869140
M32001,7371,3647.682235395562,337750332
M32002,4976,3627.160910721293,335111054
M32003,3199,3645.101074541448,337251023
M32004,4368,3676.4667913263406,341978606
M32005,31897,3497.94494955562,289492691
M32006,8522,3445.6218437457987,282740380
M32007,11728,3273.330967233378,266893272
M32008,10824,3515.436785296686,292375517
M32009,11927,3537.017572812767,299237378
M32010,183236,3490.679103743951,287815140
M32011,3547,3694.8964842072332,345141004
M32012,7974,3519.2477166832705,295775408
M32013,5486,3496.8805587972156,289402741
M32014,23112,3434.666854325287,281220370
M32015,2018,3608.8141758769953,331215315
M32016,21689,3481.063219265372,286711881
M32017,109066,3502.070924288415,290072010
M32018,5254,3614.245136020015,331863342
M32019,23470,3626.5916392520767,335029651
M32020,54757,3542.5299246334916,300466044
M32021,5235,3548.878815673456,302128485
M32022,19387,3437.29781972307,281645481
M32023,12669,3654.538670175956,339410360
M32024,39921,3505.629894686565,291009104
M32025,11418,3509.90942233885,291648544
M32026,17860,3280.6535413464608,267040509
M32027,2720,3271.1120129939886,266890552
M32028,3004,3687.4459333709956,344066266
M32029,21671,3440.845838012659,282016745
M32030,2916,3624.9258778125004,334893640
M32031,9702,3610.251795790168,331416671
M32032,9755,3498.6189790557964,289711199
M32033,5704,3670.143459736694,340778266
M32034,29282,3640.378505827433,336739385
M32035,13814,3485.9687009613654,287441937
M32036,38219,3498.6064459402915,289672980
M32037,13985,3492.832431588705,288981322
M32038,64415,3475.779536422029,286227761
M32039,59330,3449.698343021862,283784224
M32040,20775,3484.1082964637244,287272709
M32041,3101,3243.010620177067,266481447
M32042,61652,3507.10108520146,291161635
M32043,1346,3553.111209511593,306341141
M32044,15681,3602.573068346735,330481135
M32045,8972,3646.652104495389,337651397
M32046,8446,3568.816750179854,315210104
M32047,9174,3673.4549555018407,341100435
M32048,23456,3636.0260992944122,336207565
M32049,35048,3572.3672045062117,318751784
M32050,7228,3497.539427711413,289485463
M32051,32125,3445.612940874721,282693355
M32052,14443,3512.6245255171134,291978684
M32053,11870,3480.8203597915935,286683363
M32054,15746,3480.065982267757,286542213
M32055,32140,3559.6478936226717,308889841
M32056,123899,3503.8997884059413,290768698
M32057,13080,3492.8499512444987,289006533
U01001,43671,1657.5551907236922,177786816
U01003,140415,1886.6323961277367,194772344
U01005,29038,1647.3391977795125,177457658
U01007,20826,1645.337157033653,177202370
U01009,51024,1530.7895196230047,167440001
U01011,11714,1643.3071878741046,177109907
U01013,21399,1728.6870155475092,182252558
U01015,112249,1502.7780524982293,165217129
U01017,36583,1552.1240426825918,169340483
U01019,23988,1467.4725899873226,161980943
U01021,39593,1634.984580737182,176747463
U01023,15922,1800.3659674859298,186779715
U01025,27867,1800.6208163970675,186805358
U01027,14254,1548.3737585037954,168915309
U01029,14123,1493.232128822237,164902852
U01031,43615,1721.6651198316415,181713228
U01033,54984,1552.2656346744855,169377066
U01035,14089,1775.088696143296,184348560
U01037,12202,1599.8064646017328,173800315
U01039,37631,1761.1911904140602,183859015
U01041,13665,1709.9191140551843,181282609
U01043,77483,1537.0212324319248,168036404
U01045,49129,1698.6350484779837,180705082
U01047,46365,1702.8092774794725,180947903
U01049,64452,1443.8323548198537,160061736
U01051,65874,1623.1316682086335,174804094
U01053,38440,1812.4532661428104,189094999
U01055,103459,1492.2641217491364,163764946
U01057,18495,1625.3134896728927,176053166
U01059,31223,1575.117311084561,171874065
U01061,25764,1741.3881997339427,182998694
U01063,9974,1711.2212041555276,181347844
U01065,17185,1697.7802062325623,180675588
U01067,16310,1671.1376509649067,179677810
U01069,88787,1707.4521831776779,181123045
U01071,53926,1429.8064107403604,158618346
U01073,662047,1586.225906188572,172285513
U01075,15904,1642.4916130639472,177018248
U01077,87966,1526.9225323895744,167199243
U01079,34803,1534.223625523024,167572614
U01081,115092,1577.985598683118,171941030
U01083,65676,1490.1446823026777,163571887
U01085,13473,1691.8628914870585,180460264
U01087,24105,1616.3225765129666,174331002
U01089,276700,1466.0436109382415,161600418
U01091,22539,1750.7261859450082,183249064
U01093,31214,1601.3815319771654,173876869
U01095,82231,1488.2614791965798,163292872
U01097,399843,1910.3629183345015,197778131
U01099,24324,1784.1825016432572,185574239
U01101,223510,1661.382766457819,178926395
U01103,111064,1509.5858113066192,165912201
U01105,11861,1687.3547908671371,180065237
U01107,20949,1682.4732830724668,179933127
U01109,29605,1683.0606259286626,179954076
U01111,22380,1522.8432171562172,167091844
U01113,49756,1597.3197501203244,173672292
U01115,64742,1537.3842297914923,168113887
U01117,143293,1597.2595834955296,173528999
U01119,14798,1746.4187033800495,183179420
U01121,80321,1558.1161359592431,169852676
U01123,41475,1580.062499673135,172075285
U01125,164875,1646.853848178024,177292783
U01127,70713,1591.8780208446833,173165328
U01129,18097,1847.5628250096315,191766729
U01131,13183,1743.629658321865,183053203
U01133,24843,1566.538769860859,170323877
U02013,2697,6069.706657562785,407644985
U02016,5465,7346.375900668671,407647682
U02020,260283,5144.101402163478,407259721
U02050,16006,5709.099676340697,407612755
U02060,1258,5635.592321217196,407604752
U02068,1893,5119.435367378391,407198506
U02070,4922,5675.984144409934,407607833
U02090,82840,4936.305774774784,407115666
U02100,2392,4435.105628161315,407087262
U02110,30711,4361.98881327059,407015905
U02122,49691,5327.565817609729,407533940
U02130,14070,4208.651913066879,406967312
U02150,13913,5497.995632011965,407590839
U02164,1823,5641.949014414266,407606010
U02170,59322,5125.056968990205,407200399
U02180,9196,5736.603746255344,407628761
U02185,7385,5149.129978522086,407520004
U02188,7208,5474.81913374756,407583631
U02201,6146,4267.746404126106,406981382
U02220,8835,4444.992081201713,407089654
U02232,3436,4416.676942440208,407083826
U02240,6174,4785.98910101811,407099297
U02261,10195,4917.820377557351,407105471
U02270,7028,5799.028535421465,407637957
U02280,6684,4332.547718555413,407009221
U02282,808,4684.49363947269,407098489
U02290,6551,5153.155937399679,407527389
U04001,69423,3166.3829466995694,264061027
U04003,117755,3383.831109117255,275185940
U04005,116320,3327.367428553083,269263218
U04007,51335,3357.6234734497634,272009382
U04009,33489,3331.5890056477483,269689229
U04011,8547,3263.194721493146,266705409
U04012,19715,3620.163062541862,333904290
U04013,3072149,3517.334490537112,292512953
U04015,155032,3492.216574114425,288687368
U04017,97470,3232.630180159487,265666498
U04019,843746,3530.516917404435,297458207
U04021,179727,3451.2323444208782,283923938
U04023,38381,3491.977483044084,288610140
U04025,167517,3453.578830253673,284180340
U04027,160026,3663.3253235433726,340141919
U05001,20749,1828.548792256258,190066739
U05003,24209,1935.927861493532,200376270
U05005,38386,1767.5106170443785,184030552
U05007,153406,1910.555609839122,198177974
U05009,33948,1822.6966080038935,189459698
U05011,12600,1943.6226536998593,200629425
U05013,5744,1961.114945020169,201608973
U05015,25357,1855.9082398417438,191925108
U05017,14117,1897.3810133200159,195681401
U05019,23546,1974.1502067087781,202924744
U05021,17609,1619.7211737622092,174543703
U05023,24046,1791.8661410522427,186319712
U05025,8571,1914.3190599006166,198401256
U05027,25603,2036.5355590599438,207237471
U05029,20336,1857.7324742991084,192023869
U05031,82148,1669.9420838548044,179505063
U05033,53247,1953.70922821951,201271559
U05035,50866,1688.6533458926485,180156474
U05037,19526,1716.108021593562,181408986
U05039,9210,1942.3582947106313,200620215
U05041,15341,1852.3173917397535,191843260
U05043,18723,1903.371582208126,197016841
U05045,86014,1838.61651353684,190515703
U05047,17771,1931.9418603825052,200320374
U05049,11642,1722.8732303584723,181828936
U05051,88068,1936.4794437186345,200416975
U05053,16464,1903.5904463905333,197035564
U05055,37331,1646.2607511598987,177255452
U05057,23587,2032.0100198926216,207199952
U05059,30353,1939.4093573564978,200577173
U05061,14300,2031.582078186518,207185652
U05063,34233,1743.9659681919675,183073344
U05065,13249,1747.6409131612982,183194218
U05067,18418,1728.3902478069767,182234140
U05069,84278,1868.8676469228399,193541412
U05071,22781,1896.228830445408,195575091
U05073,8559,2062.2199595066777,208963559
U05075,17774,1690.7312423991007,180442490
U05077,12580,1751.6811206375935,183350906
U05079,14492,1877.0055153045043,194523145
U05081,13628,2075.0663830088406,209619810
U05083,22486,1937.4893900385866,200554687
U05085,52828,1833.3484826594802,190203407
U05087,14243,1888.993691811702,195096417
U05089,16140,1794.6088935787157,186520860
U05091,40443,2078.506036569663,209687018
U05093,51979,1632.0866816705218,176607339
U05095,10254,1788.8810364249077,186067365
U05097,9245,1976.7277925294702,203335360
U05099,9955,2010.2249131845576,204478750
U05101,8608,1856.6425747177975,191971681
U05103,28790,1984.9025024436864,203545014
U05105,10209,1896.0346858458493,195564882
U05107,26445,1781.5422260921794,184866924
U05109,11303,2002.176981655254,204279452
U05111,25614,1690.7189596025312,180416876
U05113,20229,2022.2626726526553,206497136
U05115,54469,1871.0663013778988,193801121
U05117,9539,1804.0375090312532,187843196
U05119,361474,1862.7352348607703,192293402
U05121,18195,1666.4437769120373,179263083
U05123,29329,1732.7516418329556,182370104
U05125,83529,1897.261252323396,195597872
U05127,10996,1985.9975428073476,203637581
U05129,8261,1817.8790354542962,189207785
U05131,115071,1980.4372819057853,203410283
U05133,15757,2056.0664596863653,208570482
U05135,17119,1709.7969898039282,181265490
U05137,11499,1779.388744293332,184830382
U05139,45629,1995.3571217419296,204164234
U05141,16192,1824.6001798651555,189541347
U05143,157715,1929.0524829242495,200072466
U05145,67165,1789.6175915351982,186077619
U05147,8741,1756.9842418577814,183676927
U05149,21139,1928.312416039954,200051327
U06001,1443741,4055.4182700780652,400268083
U06003,1208,3842.54907378314,369855606
U06005,35100,3918.4933917531966,379514149
U06007,203171,3940.9019414858103,394020631
U06009,40554,3922.085532129299,379693517
U06011,18804,4012.217199387133,398420061
U06013,948816,4045.8575806775516,398948307
U06015,27507,4044.0480855194437,398920800
U06017,156299,3893.8540670168204,376892257
U06019,799407,3916.555124320786,378533473
U06021,26453,4006.943350335637,398224948
U06023,126518,4081.056096223043,404253827
U06025,142361,3764.2561585747244,361884115
U06027,17945,3745.144817838772,357323782
U06029,661645,3912.3540587215557,377871828
U06031,129461,3963.158661459335,394451054
U06033,58309,4056.2407344151584,401711824
U06035,33828,3821.1516516939237,368557241
U06037,9519338,3934.932836848678,384131712
U06039,123109,3902.763443878456,377654469
U06041,247289,4103.122303828096,405901098
U06043,17130,3898.985336455865,377607599
U06045,86265,4096.653512640858,404649058
U06047,210554,3981.490847810088,395938983
U06049,9449,3794.9330508344046,366812679
U06051,12853,3799.974265943662,367942655
U06053,401762,4075.384305152708,403852065
U06055,124279,4048.9049684473957,400143804
U06057,92033,3890.853523107526,376429494
U06059,2846289,3924.063056784863,379810948
U06061,248399,3896.830036800829,377339973
U06063,20824,3866.0225241817748,372003831
U06065,1545387,3778.086773200686,363209973
U06067,1223499,3972.967498616629,394636554
U06069,53234,4038.665083483263,398867566
U06071,1709434,3732.253375341218,352848533
U06073,2813833,3879.550640357486,372769626
U06075,776733,4141.045270202666,406190579
U06077,563598,3990.8942720723808,396777729
U06079,246681,4048.710639520435,399897123
U06081,707161,4103.023816804077,405193937
U06083,399347,4059.9548392289903,403452718
U06085,1682585,4057.770444475584,401770133
U06087,255602,4093.090014234085,404393456
U06089,163256,3930.9951805009855,383968456
U06091,3555,3858.9688978523045,371517600
U06093,44301,3937.2649592105117,393808212
U06095,394542,4028.9847407446646,398451887
U06097,458614,4097.028362942441,404735323
U06099,446997,3986.6040677748892,396149537
U06101,78930,3975.9426165522073,395860053
U06103,56039,3971.5798240490412,394580515
U06105,13022,4019.74231810916,398438865
U06107,368021,3872.0857694743263,372052274
U06109,54501,3882.4123181814807,375844595
U06111,753197,3996.48315172197,397408972
U06113,168660,4007.561818716489,398251401
U06115,60219,3937.3005846131987,393852513
U08001,363857,2550.061912689804,233998668
U08003,14966,2762.3023952607077,243210375
U08005,487967,2558.5789559860104,234704506
U08007,9898,2880.7708830434563,245742225
U08009,4517,2513.232181073288,233247150
U08011,5998,2527.9173124253884,233323020
U08013,291288,2627.9805993042482,238505437
U08015,16242,2754.3339674638128,243161669
U08017,2231,2451.178612019501,231659136
U08019,9322,2664.8130110752054,240346821
U08021,8400,2809.8689100167303,244166135
U08023,3663,2746.755701681257,242774334
U08025,5518,2567.9864165671925,235491018
U08027,3503,2705.2125380012917,242172973
U08029,27834,2874.0308933692636,245119554
U08031,554636,2598.434695968442,236763845
U08033,1844,2975.204981312783,251150436
U08035,175766,2618.6743970901753,238274993
U08037,41659,2749.37066915423,242795052
U08039,19872,2554.1253457320863,234626901
U08041,516929,2606.434865516184,237356977
U08043,46145,2693.9149963594973,242051675
U08045,43791,2848.5491533538407,244724279
U08047,4757,2646.9944909314013,239877770
U08049,12442,2683.11674350641,240478794
U08051,13956,2818.5118712236176,244202626
U08053,790,2879.9147958485173,245740122
U08055,7862,2690.2517403744796,240532349
U08057,1577,2683.044359920551,240477217
U08059,527056,2634.430443698578,239115578
U08061,1622,2482.1183192339877,232146639
U08063,8011,2432.2360542680913,227727145
U08065,7812,2738.1936224374067,242697342
U08067,43941,2940.372550416242,249866095
U08069,251494,2614.950244848951,237997799
U08071,15207,2633.5323474112374,239100371
U08073,6087,2517.494650261995,233273840
U08075,20504,2420.3257942938694,227366805
U08077,116255,2915.746365208138,248684827
U08079,831,2850.710453678475,244812926
U08081,13184,2836.7381283424543,244651225
U08083,23830,2998.9721428013754,251586997
U08085,33432,2924.7481206988073,248929860
U08087,27171,2493.8603351949014,232568634
U08089,20311,2581.8012651181893,236409617
U08091,3742,2896.0068519958327,246474145
U08093,14523,2690.624415323456,240540211
U08095,4480,2364.706812742952,226122834
U08097,14872,2783.3030236587397,243915105
U08099,14483,2471.6665317844204,232043807
U08101,141472,2631.061622646261,238853303
U08103,5986,2857.9551635745916,244898550
U08105,12413,2819.614418074799,244216582
U08107,19690,2741.955387315101,242746229
U08109,5917,2778.528009675266,243730164
U08111,558,2904.3905942079446,246921887
U08113,6594,2955.3554424884087,250230984
U08115,2747,2356.4676004028406,224608088
U08117,23548,2705.000826174059,242149425
U08119,20555,2657.419907270043,240289898
U08121,4926,2456.288676200814,231935194
U08123,180936,2530.1848987176118,233419432
U08125,9841,2391.580411059104,226530465
U09001,882567,261.7101237569815,17025991
U09003,857183,214.5016356611278,8782754
U09005,182193,202.21741291468092,5644939
U09007,155071,259.31348708610705,16511719
U09009,824008,257.09414524888524,15563698
U09011,259088,271.22342377735777,21935829
U09013,136364,224.94112413036368,10148677
U09015,109091,244.61875359713687,13703802
U10001,126697,514.9628311409331,66049386
U10003,500265,467.39516394217304,60574300
U10005,156638,556.82777234441,70235774
U11001,572059,581.5621633395145,71892122
U12001,217955,1718.6883976168565,181433034
U12003,22259,1650.699601688599,177574706
U12005,148217,1811.067444924529,188935725
U12007,26088,1683.678158449121,179983681
U12009,476230,1804.40790653452,187852735
U12011,1623018,2022.170873179933,204874118
U12013,13017,1774.942896064116,184335543
U12015,141627,1994.2695623872721,204013257
U12017,118085,1810.099975416546,188659758
U12019,140814,1667.780577404771,179340685
U12021,251377,2056.423341096716,208586239
U12023,56513,1674.0852264702169,179743729
U12027,32209,1956.0783156153402,201469848
U12029,13827,1762.114839927561,183932152
U12031,778879,1624.2483435013507,174890264
U12033,294410,1867.8510444620488,193247002
U12035,49832,1699.998643184723,180793428
U12037,11057,1811.0895497539484,189083942
U12039,45087,1728.0095484813742,182189053
U12041,14437,1731.2933090916738,182326522
U12043,10576,1961.4649274617616,201620356
U12045,13332,1823.7883906798272,189493646
U12047,13327,1660.793378326869,178903935
U12049,26938,1924.91906313339,199712262
U12051,36210,2004.3439856155549,204329695
U12053,130802,1836.1191935921834,190340113
U12055,87366,1925.1209960523604,199739200
U12057,998948,1900.1237565426259,195714984
U12059,18564,1761.592502904818,183896646
U12061,112947,1864.0491321758566,192999641
U12063,46755,1737.7958164165395,182466425
U12065,12902,1708.9601575864297,181220075
U12067,7022,1720.436174029214,181688834
U12069,210528,1788.6302584048713,185856837
U12071,440888,2025.9546050981357,206558147
U12073,239452,1723.5607168218876,181873399
U12075,34450,1775.2322698645833,184362649
U12077,7021,1771.0663907629378,184083841
U12079,18733,1687.7718186649288,180077098
U12081,264002,1944.7987354427628,200716115
U12083,258916,1755.1726620456254,183399304
U12085,126731,1925.187663215189,199826566
U12086,2253362,2085.2905870347913,209912416
U12087,79589,2105.7653171335373,213514343
U12089,57663,1601.0417041673302,173812517
U12091,170498,1821.8228153303526,189266747
U12093,35910,1906.6882921936678,197673479
U12095,896344,1801.4307052730521,186833225
U12097,172493,1843.276182979933,190922663
U12099,1131184,1972.9902725217637,201781277
U12101,344765,1863.142690258599,192654876
U12103,921482,1914.7444800641588,198409827
U12105,483924,1872.4592950177405,193855590
U12107,70423,1702.5732074130854,180877480
U12109,123135,1660.3316101688315,177883328
U12111,192695,1894.340377008527,195372187
U12113,117743,1841.4400911658724,190630068
U12115,325957,1975.6826878679135,202976237
U12117,365196,1776.7418937101306,184397099
U12119,53345,1806.6827325711467,188344631
U12121,34844,1692.6845182514714,180531790
U12123,19256,1736.720808067446,182447169
U12125,13442,1680.615550925412,179875513
U12127,443343,1739.2609890859737,182520041
U12129,22863,1759.0720370568495,183765728
U12131,40601,1802.5909726430205,187740841
U12133,20973,1778.3844487162903,184762295
U13001,17419,1508.447022062098,165894782
U13003,7609,1577.6911532417923,171929251
U13005,10103,1530.1336807283337,167397721
U13007,4074,1649.6133937533984,177529169
U13009,44700,1425.6476554248386,158460611
U13011,14422,1319.4792842047752,148508266
U13013,46144,1363.429403429715,151232379
U13015,76019,1404.6639508183582,155394524
U13017,17484,1546.548161562909,168886025
U13019,16235,1595.8714297705267,173382132
U13021,153887,1471.2013090724704,162139195
U13023,11666,1488.461846456916,163416422
U13025,14629,1549.7881251978629,169252390
U13027,16450,1655.1805174577,177596965
U13029,23417,1445.223107193426,160189685
U13031,55983,1420.3026759454542,157340022
U13033,22243,1365.7671628777143,151530981
U13035,19522,1440.3141743751469,159486632
U13037,6320,1639.1343717561238,176848416
U13039,43664,1564.4887087442537,170222306
U13043,9577,1433.352218656517,158763555
U13045,87268,1475.8737411574111,162465871
U13047,53282,1366.8050697500566,151625804
U13049,10282,1598.166791829767,173744015
U13051,232048,1435.9181357060504,158979295
U13053,14882,1570.6887208736034,171663215
U13055,25470,1414.8436162024163,156526906
U13057,141903,1383.4408505805682,153738532
U13059,101489,1348.6256336590998,150419367
U13061,3357,1648.6868932762968,177500450
U13063,236517,1441.1323685512868,159780256
U13065,6878,1607.728231484743,174202317
U13067,607751,1415.7198281366304,156622807
U13069,37413,1551.5333880273477,169303070
U13071,42053,1628.9418475199777,176423146
U13073,89288,1330.2464065227098,149024015
U13075,15771,1616.7361927446432,174355107
U13077,89215,1478.2315343271946,162909598
U13079,12495,1495.0117840204734,164935332
U13081,21996,1558.5446285176833,169932997
U13083,15154,1393.2780901539124,154940375
U13085,15999,1348.9329466246031,150538007
U13087,28240,1697.7000557106821,180625369
U13089,665865,1411.3138768413844,155753389
U13091,19171,1506.399636192234,165862184
U13093,11525,1538.6525276969628,168234270
U13095,96065,1617.262738275172,174370878
U13097,92174,1447.7279773827224,160317921
U13099,12354,1671.893951613697,179694120
U13101,3754,1634.2441994862825,176736490
U13103,37535,1406.8483872162087,155522410
U13105,20511,1306.3682318059923,147684134
U13107,21837,1425.155050645621,158412007
U13109,10495,1450.376957003127,160415632
U13111,19798,1320.9697432677124,148546064
U13113,91263,1458.0807633773113,160908579
U13115,90565,1424.7613278432993,158321442
U13117,98407,1365.4552530414312,151404518
U13119,20285,1302.7690260980073,147583054
U13121,816006,1422.9994506897685,157445024
U13123,23456,1343.6598234773946,150075371
U13125,2556,1378.0413055914294,152740971
U13127,67568,1528.9536394887357,167319659
U13129,44104,1383.738438648394,153941122
U13131,23659,1681.7739349695041,179899321
U13133,14406,1372.8450843031153,151705827
U13135,588448,1383.293561823232,153150084
U13137,35902,1295.76127166087,147043417
U13139,139277,1340.0843491896183,149559729
U13141,10076,1393.2590384039552,154930299
U13143,25690,1465.3452104643243,161574728
U13145,23695,1542.3392123369722,168834325
U13147,22997,1291.1944119895468,146823179
U13149,11012,1504.8600965598528,165839441
U13151,119341,1435.9929636254972,159211343
U13153,110765,1502.5395457460295,165090693
U13155,9931,1565.7975855699037,170276667
U13157,41589,1342.6656612287238,150000225
U13159,11426,1423.8934326237463,158297646
U13161,12684,1516.5113390135668,166510856
U13163,17266,1385.9735452009586,154013633
U13165,8575,1390.596503828049,154748706
U13167,8560,1432.1765085647312,158713273
U13169,23639,1444.7692641986266,160166046
U13171,15912,1470.0457120696708,162095379
U13173,7241,1611.4781587817756,174268583
U13175,44874,1473.1624283857004,162387104
U13177,24757,1587.053590890465,172949950
U13179,61610,1467.2416810770194,161919333
U13181,8348,1316.7848409641576,148362432
U13183,10304,1484.5251422257925,163076330
U13185,92115,1640.7490590010073,176854736
U13187,21016,1328.0889499543434,148853709
U13189,21231,1347.3391284491672,150398136
U13191,10847,1496.6085145851393,164975424
U13193,14074,1530.7566673157983,167425927
U13195,25730,1323.921405221704,148656351
U13197,7144,1555.9713786880725,169662785
U13199,22534,1501.7791699268607,165068159
U13201,6383,1678.1857975851724,179821701
U13205,23932,1645.3807917637844,177223196
U13207,21757,1463.5627718433361,161402004
U13209,8270,1476.572002934833,162553139
U13211,15457,1388.0387998444223,154168081
U13213,36506,1351.3264922644967,150923792
U13215,186291,1560.425103020866,169985869
U13217,62001,1411.6966972039643,156440430
U13219,26225,1363.1337691278675,151206154
U13221,12635,1341.2138860578193,149898781
U13223,81678,1434.0578012773826,158773132
U13225,23668,1500.3987302858736,165009596
U13227,22983,1365.8890787160672,151553224
U13229,15636,1543.4438689610008,168858020
U13231,13688,1481.338291280225,163016197
U13233,38127,1446.0739338594915,160223322
U13235,9588,1514.4773614189814,166399784
U13237,18812,1407.046781157882,155559945
U13239,2598,1627.141311819204,176363433
U13241,15050,1267.0965709473908,145459207
U13243,7791,1622.948202639063,174775477
U13245,199775,1340.151622890788,149699006
U13247,70111,1411.070819912009,155683278
U13249,3766,1554.169558832645,169612736
U13251,15374,1380.104182686016,152996530
U13253,9369,1706.7287035707527,181108207
U13255,58417,1460.3515276954756,161021850
U13257,25435,1290.1565579452604,146599154
U13259,5252,1598.418922879578,173795063
U13261,33200,1568.8397129937273,171607915
U13263,6498,1524.2387961100035,167164140
U13265,2077,1359.772085023626,151187211
U13267,22305,1468.4088960007543,162041959
U13269,8815,1523.4221213828075,167114224
U13271,11794,1519.8213331995469,166736807
U13273,10970,1605.618548107074,173946907
U13275,42737,1667.469436020826,179281278
U13277,38407,1591.6578515703766,173126921
U13279,26067,1472.0727239089558,162311020
U13281,9319,1283.7798774620182,146306139
U13283,6854,1455.1231643449805,160601111
U13285,58779,1521.4426526443049,166787204
U13287,9504,1571.3400769564578,171678097
U13289,10590,1471.2135338284045,162293082
U13291,17289,1304.4512036500294,147666845
U13293,27597,1495.4050249928653,164947827
U13295,61053,1390.5962001908758,154687653
U13297,60687,1383.549720398385,153880435
U13299,35483,1582.5558242893205,172157902
U13301,6336,1363.7472498880245,151314657
U13303,21176,1411.595773125408,156419254
U13305,26565,1511.704697407125,166085234
U13307,2390,1586.227286250627,172947560
U13309,6179,1491.9896009471909,163733459
U13311,19944,1307.0941704652066,147728961
U13313,83525,1364.7245434120898,151320993
U13315,8577,1538.7857567879514,168756830
U13317,10687,1332.8371379811213,149308589
U13319,10220,1445.8044703117093,160213102
U13321,21967,1597.9173999728,173722048
U16001,300904,3383.45692645163,274885036
U16003,3476,3359.334043803808,272092986
U16005,75565,3090.275898076039,254409808
U16007,6411,3030.918388709805,252224413
U16009,9171,3325.500577390976,269089313
U16011,41735,3088.974840399011,254360944
U16013,18991,3206.1442030724297,265210973
U16015,6670,3327.152524682704,269252672
U16017,36835,3305.8257585342353,267861611
U16019,82522,3023.12530040325,251941638
U16021,9871,3294.619218266246,267673938
U16023,2899,3137.480231730457,263587435
U16025,991,3270.6302266800512,266889561
U16027,131441,3414.511461257332,277723058
U16029,7304,3033.5419884256985,252230824
U16031,21416,3211.120941139376,265324482
U16033,1022,3058.8635485824293,252612595
U16035,8930,3261.7180923630467,266696479
U16037,4342,3206.1702043979785,265229964
U16039,29130,3324.626985880673,269060183
U16041,11329,3073.5912443093307,252921249
U16043,11819,2992.1422500543636,251506305
U16045,15181,3378.170204880916,274376550
U16047,14155,3286.086420087081,267098128
U16049,15511,3263.6296069017203,266713956
U16051,19155,3067.441516714854,252865634
U16053,18342,3250.6385668452826,266610841
U16055,108685,3322.447035459393,268940230
U16057,34935,3340.0077393718266,270133544
U16059,7806,3162.4272802298947,263954475
U16061,3747,3328.254055586771,269504523
U16063,4044,3233.314776713764,265763968
U16065,27467,3015.8162675810695,251791457
U16067,20174,3196.6981202253723,265190799
U16069,37410,3351.744383265683,271755536
U16071,4125,3128.540021630938,261016212
U16073,10644,3401.418466775746,276726134
U16075,20578,3406.899661256545,277241962
U16077,7538,3138.7964773330664,263590334
U16079,13771,3267.5108693697803,266875790
U16081,5999,2981.691135906227,251377995
U16083,64284,3292.7958887066375,267462888
U16085,7651,3301.0210425806863,267835360
U16087,9977,3398.651031892528,276314516
U17001,68277,1490.4728722601064,163665182
U17003,9590,1489.9897073762927,163562297
U17005,17633,1401.846987017165,155223243
U17007,41786,1226.3777781127867,142270737
U17009,6950,1456.1183166290748,160842017
U17011,35503,1307.1988328145906,147748905
U17013,5084,1484.2206035052882,163071246
U17015,16674,1321.2537889163916,148565862
U17017,13695,1415.82447432964,157240362
U17019,179669,1247.0669895540484,143239892
U17021,35372,1358.091611996835,151132739
U17023,17008,1252.6754103076084,143968909
U17025,14560,1335.712596111433,149338956
U17027,35535,1415.062944904426,156552376
U17029,53196,1277.043480822023,145938344
U17031,5376741,1141.86979591076,127717697
U17033,20452,1266.780735224667,145372484
U17035,11253,1290.2149167248424,146624589
U17037,88969,1232.2037387181995,142733731
U17039,16798,1300.8220780002828,147388235
U17041,19922,1265.4798268355053,145352562
U17043,904161,1178.4062415815115,136688090
U17045,19704,1232.4780751344488,142822700
U17047,6971,1320.5532207625067,148539093
U17049,34264,1328.6014402318108,148874725
U17051,21802,1363.7299437364507,151292855
U17053,14241,1230.8097833940362,142634778
U17055,39018,1410.7066398852578,155644260
U17057,38250,1393.2236211554552,154892049
U17059,6445,1371.5271875840854,151699382
U17061,14761,1453.604113110253,160586350
U17063,37535,1220.221998987006,141826354
U17065,8621,1376.2540349071994,152636252
U17067,20121,1472.1367070801546,162337087
U17069,4800,1389.518156285849,154627571
U17071,8213,1439.202082575111,159455170
U17073,51020,1357.1299836559658,151066082
U17075,31334,1193.9265495103828,138991165
U17077,59612,1456.728616515095,160848967
U17079,10117,1296.8178711480818,147079319
U17081,40045,1393.2789172147668,154955529
U17083,21668,1464.293954739359,161423761
U17085,22289,1337.238644666385,149482001
U17087,12878,1438.5953655813003,159337873
U17089,404119,1203.5934633453405,139733209
U17091,103833,1182.1238640859754,138231952
U17093,54544,1213.5146388359137,141540503
U17095,55836,1377.2261994054365,152644873
U17097,644356,1114.3677147244844,124644805
U17099,111509,1257.440214536197,144355570
U17101,15452,1279.9109268365428,146163994
U17103,36062,1278.8189347949994,146127932
U17105,39678,1245.7935613987142,143200214
U17107,31183,1339.5893297642986,149528546
U17109,32913,1431.1356812731974,158680360
U17111,260077,1196.2742729845,139093669
U17113,150433,1283.7977786726647,146315458
U17115,114706,1319.1248822704638,148393560
U17117,49019,1421.5620100735116,157396005
U17119,258941,1440.6727096335217,159521315
U17121,41691,1374.2927274561105,152024670
U17123,13180,1304.1123523689512,147630563
U17125,16038,1378.6945657865788,152791541
U17127,15161,1440.471007241582,159506154
U17129,12486,1377.8796916546164,152728485
U17131,16957,1410.6473864803118,155627303
U17133,27619,1490.3666023160724,163637563
U17135,30652,1388.3584401193857,154342206
U17137,36616,1423.0195558733233,158261030
U17139,14287,1302.8119081328027,147603339
U17141,51032,1272.8312674271804,145731837
U17143,183433,1346.5228971053832,150159684
U17145,23094,1438.9440858333276,159400736
U17147,16365,1283.6741634392044,146289774
U17149,17384,1481.1875777680273,162998813
U17151,4413,1416.0474941011903,157297213
U17153,7348,1471.624768176913,162303672
U17155,6086,1295.0723935937542,147012736
U17157,33893,1474.9070536246998,162431978
U17159,16149,1307.2754839185718,147784408
U17161,149374,1389.084328862784,154462001
U17163,256082,1461.0159386849793,161080267
U17165,26733,1396.093847862345,155050769
U17167,188951,1378.7508731672817,152807579
U17169,7189,1437.4563172940025,159330684
U17171,5537,1448.2009018155868,160410095
U17173,22893,1328.0620768882407,148830816
U17175,6332,1338.3593431906174,149522214
U17177,48979,1293.5429639547572,146930361
U17179,128485,1336.651545047514,149353516
U17181,18293,1465.264827843355,161445429
U17183,83919,1208.1058686201482,140609119
U17185,12937,1303.233601547249,147617626
U17187,18735,1412.5013406310238,156508171
U17189,15148,1427.989261083594,158603198
U17191,17151,1348.7605631985061,150520856
U17193,15371,1349.1091615822877,150554006
U17195,60653,1327.9437868440268,148770163
U17197,502266,1181.4729759776765,137729686
U17199,61296,1426.0812273345173,158523498
U17201,278418,1253.1237514630113,143985917
U17203,35469,1301.9318538994637,147547585
U18001,33625,966.1557594277118,109631281
U18003,331849,962.7607056767014,108309986
U18005,71435,1115.2823474773922,125513700
U18007,9421,1158.3708097960114,134951738
U18009,14048,1008.1728666703752,112855667
U18011,46107,1116.0682602754205,125613953
U18013,14957,1141.6513277159268,127702740
U18015,20165,1100.2448246835743,120909177
U18017,40930,1076.925341023163,119054039
U18019,96472,1143.8560950852982,133222097
U18021,26556,1197.6903952592577,139550852
U18023,33866,1105.2494091743115,123852760
U18025,10743,1208.4890068495733,140693038
U18027,29820,1231.9470799311357,142703911
U18029,46109,1049.6376886443993,117124075
U18031,24555,1079.961977921577,119262186
U18033,40285,945.6915637744463,106466271
U18035,118769,1025.2190433226801,114656777
U18037,39674,1235.3237712787309,142861303
U18039,182791,1007.7101639160994,112623836
U18041,25588,1038.2959231216728,115580688
U18043,70823,1168.1462705581118,135538743
U18045,17954,1172.4420490670284,136086172
U18047,22151,1041.9228844696017,116468685
U18049,20511,1058.4345802698656,117804308
U18051,32500,1291.1509294797597,146698157
U18053,73403,1032.0010750603722,115280143
U18055,33157,1207.2344318654063,140575962
U18057,182740,1081.4642862990797,119469149
U18059,55391,1073.4824562950453,118755558
U18061,34325,1190.2367687447577,138913821
U18063,104093,1132.644780297389,127015141
U18065,48508,1039.4855435240165,115916304
U18067,84964,1069.191701642596,118278999
U18069,38075,1005.1705743416532,112458388
U18071,41335,1142.4998531822391,133161127
U18073,30043,1127.3067886725785,126199790
U18075,21806,985.1037456761292,111102511
U18077,31705,1105.5184863051823,123904293
U18079,27554,1106.9339308967872,123943960
U18081,115209,1114.6036226184629,125398491
U18083,39256,1258.1623976247577,144467079
U18085,74057,1019.4672322763323,114177244
U18087,34909,971.4938424782071,109884280
U18089,484564,1132.380516799008,126530577
U18091,110106,1079.6475813434042,119141533
U18093,45922,1179.7776096339992,137644898
U18095,133358,1053.0137676617755,117506025
U18097,860454,1103.2035316724885,121784422
U18099,45128,1049.0106977006446,117078947
U18101,10369,1210.8323709424374,141228748
U18103,36082,1051.716435392275,117469943
U18105,120563,1164.77508436433,135375510
U18107,37629,1149.4244026487365,133582939
U18109,66689,1142.1308525234467,133094438
U18111,14566,1151.8088861436804,133681919
U18113,46275,978.80271815948,110764670
U18115,5623,1061.3773779729236,117872470
U18117,19306,1196.6879390561398,139488169
U18119,21786,1180.4542043726774,137707900
U18121,17241,1185.348367408548,138449791
U18123,18899,1234.7491941765084,142842404
U18125,12837,1260.5482330932623,145202849
U18127,146798,1106.9730526593469,123971514
U18129,27061,1329.4912815259122,148996954
U18131,13755,1092.4837169429652,120253828
U18133,36019,1164.0541081459014,135321167
U18135,27401,997.9803781155142,112006168
U18137,26523,1073.7673218058492,118810949
U18139,18261,1060.446943594479,117854209
U18141,265559,1041.0420100783751,116203126
U18143,22960,1134.5743552717502,127268189
U18145,43445,1090.2227048069021,120210383
U18147,20391,1267.2174963145308,145474257
U18149,23556,1080.552634972982,119303908
U18151,33214,937.7202259482148,105411962
U18153,21751,1236.2790034226,142967660
U18155,9065,1073.0352462424873,118689751
U18157,148955,1134.1912334314713,127119234
U18159,16577,1072.2656747789297,118673174
U18161,7349,1019.6664241003577,114251301
U18163,171922,1308.9837547433776,148110526
U18165,16788,1202.20445471436,139681921
U18167,105848,1217.0014288891923,141665385
U18169,34960,1029.3156851791323,115087163
U18171,8419,1173.5327280675301,136283309
U18173,52383,1281.125709561373,146179446
U18175,27223,1165.1836650483995,135496073
U18177,71097,1013.1658026989768,113087916
U18179,27600,988.1732975189869,111224958
U18181,25267,1117.1575841916913,125772706
U18183,30707,994.9341510408689,111787103
U19001,8243,1707.693450873977,181211832
U19003,4482,1734.5843207975383,182399433
U19005,14675,1415.2641200465619,156587911
U19007,13721,1596.577148117986,173430419
U19009,6830,1732.1980860501396,182350186
U19011,25308,1492.211998449572,163739638
U19013,128012,1503.7030709494506,165681954
U19015,26224,1645.1716676319274,177176146
U19017,23325,1499.3433541352313,164986271
U19019,21093,1466.096094898943,161877118
U19021,20411,1726.4321045471538,182156094
U19023,15305,1536.6348385868682,167617043
U19025,11115,1693.8509897818412,180603969
U19027,21421,1719.974548335558,181667413
U19029,14684,1744.2180535431291,183107577
U19031,18187,1425.698208466256,158505311
U19033,46447,1568.443536735181,171536815
U19035,13035,1765.9382918742233,183983331
U19037,13095,1493.6366454859256,164916975
U19039,9133,1660.840529839575,178917262
U19041,17372,1720.7639745845313,181695856
U19043,18678,1417.4193852952963,157301626
U19045,50149,1374.2430251112046,151974521
U19047,16942,1761.903131979781,183915210
U19049,40750,1662.4200080671349,179149905
U19051,8541,1559.5205248963714,169977328
U19053,8689,1670.343821851942,179601230
U19055,18404,1427.4143727031983,158584794
U19057,42351,1455.7399561281738,160799666
U19059,16424,1719.3629067718675,181650989
U19061,89143,1388.8777856596034,154372858
U19063,11027,1677.3709399095208,179810674
U19065,22008,1458.5310510368204,160999842
U19067,16900,1531.5445863670257,167491025
U19069,10704,1576.1391674128383,171905288
U19071,8010,1816.1730396006178,189199775
U19073,10366,1681.310429087815,179888955
U19075,12369,1544.1970995378485,168873656
U19077,11353,1699.594393344032,180782075
U19079,16438,1618.4940959001408,174472166
U19081,12100,1607.9886693594026,174209195
U19083,18812,1580.8045345816652,172116760
U19085,15666,1806.3261880591315,188328965
U19087,20336,1482.1042809978228,163029885
U19089,9932,1489.3865189903192,163552365
U19091,10381,1650.1808078654847,177541681
U19093,7837,1763.2486134888752,183945979
U19095,15671,1502.7473288821222,165201458
U19097,20296,1370.9732797292545,151679086
U19099,37213,1582.7955359177465,172193385
U19101,16181,1515.3886140592845,166449794
U19103,111006,1465.2702452219703,161463722
U19105,20221,1415.6078272459515,156602586
U19107,11400,1521.4999238159874,166845983
U19109,17163,1643.4680707125246,177121621
U19111,38052,1488.1505259677106,163254820
U19113,191701,1455.4874564296733,160607965
U19115,12183,1451.6602757112782,160491641
U19117,9422,1624.2795935817862,175669143
U19119,11763,1800.3599745144377,186767952
U19121,14019,1670.3208287052414,179587211
U19123,22335,1559.246782766088,169954993
U19125,32052,1596.0627923828292,173398367
U19127,39311,1567.9114210977257,170381304
U19129,14547,1808.5131539049817,188645211
U19131,10874,1526.73195420343,167188369
U19133,10020,1807.461718880234,188553082
U19135,8016,1587.2549242219914,172974707
U19137,11771,1771.7150508284199,184112774
U19139,41722,1432.6046390152385,158721833
U19141,15102,1758.8654541220694,183745436
U19143,7003,1754.5675408099655,183382184
U19145,16976,1779.6684235263156,184841881
U19147,10147,1682.1255674406684,179922980
U19149,24849,1812.843586728707,189133439
U19151,8662,1689.3525382273674,180225716
U19153,374601,1624.480660435278,175678565
U19155,87704,1793.3294176799695,186433156
U19157,18815,1540.104978978906,168765407
U19159,5469,1707.3570080711345,181117576
U19161,11529,1730.9751015719874,182301942
U19163,158668,1388.1826567122948,154183538
U19165,13173,1764.816894099887,183963869
U19167,31589,1803.1601656231092,187781442
U19169,79981,1607.0749319604383,174089181
U19171,18103,1530.6679560905682,167407824
U19173,6958,1743.7081697738736,183066386
U19175,12309,1697.9796161230668,180692773
U19177,7809,1522.6080694770449,167084035
U19179,36051,1550.1705742609856,169267019
U19181,40671,1633.8169362959125,176689089
U19183,20670,1485.9326129665785,163086634
U19185,6730,1633.8835209296628,176729760
U19187,40235,1655.3952508573138,177613415
U19189,11723,1603.193348368946,173935184
U19191,21310,1452.5936805410038,160503824
U19193,103877,1807.1450787726583,188449205
U19195,7909,1563.583199114624,170214397
U19197,14334,1613.4827533379955,174275824
U20001,14385,1909.6229676398125,197741141
U20003,8110,1893.0294197532357,195319255
U20005,16774,1837.259160582976,190470915
U20007,5307,2209.8662266876586,217885300
U20009,28205,2157.8641142421434,215746766
U20011,15379,1875.5564358448394,194466800
U20013,10724,1846.35455504487,191746474
U20015,59482,2036.5742135441885,207263074
U20017,3030,1992.4842227986712,203955759
U20019,4359,2020.6305075365071,204862720
U20021,22605,1910.2774841999417,197755526
U20023,3165,2343.248933842904,224152045
U20025,2390,2299.0765706436105,220666486
U20027,8822,1993.4773753534255,203979770
U20029,10268,2025.7693318370386,206547879
U20031,8865,1926.650927911513,199983281
U20033,1967,2256.7243352674295,219153720
U20035,36291,2063.100870046034,208972118
U20037,38242,1893.4258730295578,195327365
U20039,3472,2241.304143812814,218659285
U20041,19344,2012.3335018452603,204612255
U20043,8249,1813.8886925546694,189164718
U20045,99962,1861.990510889638,192178044
U20047,3449,2227.6538826683795,218425532
U20049,3261,2005.2239319613805,204388708
U20051,27507,2183.4883215316677,216271949
U20053,6525,2103.3180684462864,213507818
U20055,40523,2334.960959689759,224053455
U20057,32458,2283.047844783163,220341921
U20059,24784,1876.1301236139989,194498361
U20061,27947,1975.4438714018254,202948290
U20063,3068,2277.42181989108,219757773
U20065,2946,2211.2707337945308,217944651
U20067,7909,2402.7627579613486,226975554
U20069,5904,2325.7731357608372,221570403
U20071,1534,2401.755479895818,226859494
U20073,7673,1984.2662810710888,203530707
U20075,2670,2421.95179517801,227394247
U20077,6536,2162.5605426486313,215835210
U20079,32869,2070.991714079131,209512103
U20081,4307,2368.433437122845,226151835
U20083,2085,2265.849370286402,219282041
U20085,12657,1880.6599266310288,194556689
U20087,18426,1854.155775327625,191871142
U20089,3791,2061.3895678138483,208959768
U20091,451086,1825.2766508208313,189557539
U20093,4531,2383.012523195725,226380268
U20095,8673,2150.8208336667985,215562099
U20097,3278,2241.306523017684,218662757
U20099,22835,1944.4002710414497,200693280
U20101,2155,2294.0540200092555,220471783
U20103,68691,1829.3975615855418,190094083
U20105,3578,2089.459600006927,212259170
U20107,9570,1857.608584107959,192014299
U20109,3046,2331.480417489175,223887340
U20111,35935,1950.931841591323,201186602
U20113,29554,2072.052143590241,209566332
U20115,13361,2030.2222171925982,207113828
U20117,10965,1924.3742208019391,199651261
U20119,4631,2342.1169123177874,224147414
U20121,28351,1840.3369887790418,190601717
U20123,6932,2074.9566166217724,209612878
U20125,36252,1979.3396535435513,203374031
U20127,6104,1979.108865855419,203367927
U20129,3496,2460.7034332568437,231966871
U20131,10717,1882.6383224774033,194573834
U20133,16997,1926.6748363593204,199992146
U20135,3454,2249.347343940188,218989951
U20137,5953,2196.1303379568194,216874146
U20139,16712,1907.6482393911592,197717974
U20141,4452,2121.7634132109547,214159600
U20143,6163,2040.8486637377223,207684844
U20145,7233,2208.2414923724045,217841533
U20147,6001,2151.2347277020294,215586114
U20149,18209,1925.2852730727295,199953297
U20151,9647,2193.667131126929,216770413
U20153,2966,2290.925754483586,220468817
U20155,64790,2126.820211009157,214656343
U20157,5835,2013.4473511026022,204631599
U20159,10761,2118.466594271934,214075288
U20161,62843,1960.2526025699308,201535798
U20163,5685,2166.6276653204204,215943219
U20165,3551,2199.3996998953667,217543388
U20167,7370,2139.104127011534,215222669
U20169,53597,2055.203067021857,208516885
U20171,5120,2329.382987266527,223809873
U20173,452869,2090.126664815471,212279642
U20175,22510,2384.638121409166,226449614
U20177,169871,1892.8524085965912,195149384
U20179,2813,2256.3223712338913,219150907
U20181,6760,2359.2784141932875,224621062
U20183,4536,2106.40068752523,213597506
U20185,4789,2173.96426501274,216064255
U20187,2406,2441.15289192239,231182777
U20189,5463,2420.41327524431,227387309
U20191,25946,2114.7803649204266,213961048
U20193,8180,2307.757766223583,220839061
U20195,3319,2227.2468268778553,218422213
U20197,6885,1932.1268858695412,200338145
U20199,1749,2380.333398439799,226353714
U20201,6483,1970.7580372873324,201744907
U20203,2531,2364.820986255771,226127314
U20205,10332,1960.7482360306476,201598641
U20207,3788,1945.4664695845104,201050849
U20209,157882,1810.5355266088864,188777843
U21001,17244,1204.8650569948854,140529384
U21003,17800,1292.3351015774074,146895191
U21005,19111,1122.1845659272904,125896058
U21007,8286,1473.0458303200028,162378818
U21009,38033,1258.9089067286086,144672075
U21011,11085,1025.8747666462914,114799930
U21013,30060,1129.0513885195408,126346937
U21015,85991,1042.3644660377759,116490836
U21017,19360,1054.8078854549722,117682078
U21019,49752,940.2217687106659,105916034
U21021,27697,1140.7455357456713,127675043
U21023,8279,1015.5877793534418,114034043
U21025,16100,1044.358079833114,116975762
U21027,18648,1239.7683633068232,143151755
U21029,61236,1175.198799185642,136435297
U21031,13010,1295.00706527298,146999726
U21033,13060,1383.834570553111,153985226
U21035,34177,1447.3781773140693,160261449
U21037,88616,1018.5717155031886,114088628
U21039,5351,1482.7758815892644,163050221
U21041,10155,1089.4844759485438,120043687
U21043,26889,968.2840523751439,109664906
U21045,15447,1165.4192770165175,135523296
U21047,72265,1373.5191335354973,151720233
U21049,33144,1066.3581637543787,118149932
U21051,24556,1096.5560577701358,120470928
U21053,9634,1223.7229190218923,142261103
U21055,9384,1387.5898702465988,154158697
U21057,7147,1235.6898818287473,142943888
U21059,91545,1290.0014717978477,146507609
U21061,11644,1260.8947063448757,145215686
U21063,6748,985.4478584506026,111124317
U21065,15307,1073.8500809718803,118837472
U21067,260512,1083.060128870307,119747177
U21069,13792,1008.7597586817973,112869715
U21071,42441,1004.3679291391356,112415947
U21073,47687,1098.7337425644077,120672001
U21075,7752,1517.7836755354506,166530956
U21077,7870,1064.8839323482443,118142062
U21079,14792,1117.555420266089,125822533
U21081,22384,1054.818905418081,117701438
U21083,37028,1467.716700356594,162004931
U21085,24053,1254.268973704153,144264335
U21087,11518,1212.4149685188172,141477254
U21089,36891,942.5893703124776,106097485
U21091,8392,1261.62862307524,145247448
U21093,94174,1211.5913143820105,141278434
U21095,33202,1089.5891695095781,120053842
U21097,17983,1047.2849943264755,117057060
U21099,17445,1231.5669785647028,142686466
U21101,44829,1321.714848313638,148606014
U21103,15060,1102.6890930254824,121707113
U21105,5262,1494.141446086555,164930070
U21107,46519,1349.6602568963,150877273
U21109,13495,1098.7803900748818,120719688
U21111,693604,1157.8502622293258,134258134
U21113,39041,1103.1809994478767,121745381
U21115,23445,987.801957476261,111152184
U21117,151464,1030.6909701984698,115122123
U21119,17649,1033.3931861385872,115374749
U21121,31795,1127.1748233507,126167995
U21123,13373,1202.8875214776613,139698709
U21125,52715,1126.9143362318543,126115280
U21127,15569,964.9359769926817,108925149
U21129,7916,1063.9152064801237,118069661
U21131,12401,1081.9489858960578,119734776
U21133,25277,1046.6046655334849,117031783
U21135,14092,974.6984285017111,110356901
U21137,23361,1137.4578749683772,127517927
U21139,9804,1415.7959688993772,157230558
U21141,26573,1332.535178332758,149282016
U21143,8080,1407.261545128097,155578757
U21145,65514,1451.1194831182277,160426127
U21147,17080,1180.079090016548,137690820
U21149,9938,1315.4429390168805,148345235
U21151,70872,1092.697998679591,120267583
U21153,13332,1014.5844242594732,113175408
U21155,18212,1172.633223302292,136104126
U21157,30125,1434.4811334091921,158854810
U21159,12578,971.1249197513592,109789702
U21161,16800,1001.9904625662425,112066340
U21163,26349,1211.0090190594208,141239117
U21165,6556,1030.706484418639,115273587
U21167,20817,1127.813259348248,126229833
U21169,10037,1236.7815688823878,142989411
U21171,11756,1262.3480221534314,145275021
U21173,22554,1045.7464318966668,116991862
U21175,13948,1010.2464161004415,112934611
U21177,31839,1326.6577451933863,148722502
U21179,37477,1169.3553844663224,135653860
U21181,6813,1032.9312715212886,115367936
U21183,22916,1288.7063555240454,146484693
U21185,46178,1130.0974345071038,126376997
U21187,10547,1079.7072352528505,119251639
U21189,4858,1075.685272601801,119016903
U21191,14390,1032.781796097266,115353546
U21193,29390,1059.1824967245875,117824819
U21195,68736,989.3410329463527,111252558
U21197,13237,1056.17956696775,117757425
U21199,56217,1157.5873182806642,134201917
U21201,2266,1023.7822113816043,114540897
U21203,16582,1121.3427494145612,125837325
U21205,22094,1000.9941365372135,112044246
U21207,16315,1198.281332867945,139663305
U21209,33061,1074.7319837087853,118852779
U21211,33337,1123.9542414729974,125978078
U21213,16405,1319.8581974174676,148522688
U21215,11766,1144.3623819742065,133483183
U21217,22927,1189.5868124344693,138720823
U21219,11971,1355.1223402062913,151032725
U21221,12597,1405.2632894895983,155470543
U21223,8125,1109.3105536161108,124267889
U21225,15637,1357.7960143606622,151117102
U21227,92522,1291.1935507138458,146730657
U21229,10916,1152.3038205387213,133696485
U21231,19923,1196.9121373205544,139530929
U21233,14120,1346.7988503632419,150384016
U21235,35865,1155.6672078181325,134078049
U21237,7065,1038.9851083526464,115909239
U21239,23208,1103.0120223253296,121722173
U22001,58861,2205.1039725547753,217742585
U22003,25440,2202.9130477506446,217717145
U22005,76627,2116.255999299512,213986994
U22007,23388,2150.657863866814,215538711
U22009,41481,2113.5476458259122,213919567
U22011,32986,2238.3785413654546,218541708
U22013,15752,2088.544558283113,212243418
U22015,98310,2101.739971473092,213409508
U22017,252161,2129.1402621956586,214786263
U22019,183577,2272.6319083456387,219465439
U22021,10560,2041.7601843144103,207745308
U22023,9991,2288.736304155722,220406871
U22025,10920,2057.578843872421,208884164
U22027,16851,2047.8804474571914,207815865
U22029,20247,2058.5040958970912,208895084
U22031,25494,2157.2483433766524,215721272
U22033,412852,2099.2845103959257,212978334
U22035,9421,1933.674347287971,200345030
U22037,21360,2071.615544022002,209544972
U22039,35434,2169.9055869955832,215997487
U22041,21263,2008.9548458221295,204449039
U22043,18698,2111.084161983859,213900869
U22045,73266,2225.287617197685,218297862
U22047,33320,2137.733014504201,215156024
U22049,15397,2056.5479546757206,208837616
U22051,455466,2122.7497863910758,214164052
U22053,31435,2233.4949327244954,218477691
U22055,190503,2189.512027719914,216492236
U22057,89974,2145.3207676504803,215388630
U22059,14282,2077.5993330199008,209672736
U22061,42509,2041.5862080919353,207702799
U22063,91814,2084.811504837388,209820602
U22065,13728,1962.2401223352635,201656527
U22067,31021,1965.55910788267,201670255
U22069,39080,2136.2909121411394,215116944
U22071,484674,2067.774907093364,209023368
U22073,147250,2015.7926176345907,204649783
U22075,26757,2088.1156889913054,212216661
U22077,22763,2118.587573683984,214086049
U22079,126337,2141.0428636085535,215258507
U22081,9622,2126.750889874072,214646721
U22083,20981,1993.2130448669755,203958789
U22085,23459,2182.2160027353616,216180445
U22087,67229,2040.4427526638356,207617615
U22089,48072,2106.7270485308004,213691348
U22091,10525,2051.8230407951787,207940308
U22093,21216,2124.07434761998,214619518
U22095,43044,2098.243703385703,212867923
U22097,87700,2153.790099122392,215629528
U22099,48583,2167.4705946922127,215948904
U22101,53500,2199.4442166819827,217546939
U22103,191268,2039.2313170117598,207426347
U22105,100588,2049.450039776742,207832716
U22107,6618,1997.5520817196211,204215918
U22109,104503,2186.394358652407,216364977
U22111,22803,2004.6773123689013,204365905
U22113,53807,2238.7446471688295,218574694
U22115,52531,2191.0596558045095,216682739
U22117,43926,2007.53432943518,204405113
U22119,41831,2079.4346688982855,209733435
U22121,21601,2119.731961160966,214126185
U22123,12314,1943.7542148962139,200642025
U22125,15111,2093.2516933342217,212780084
U22127,16894,2090.0085563925927,212262748
U23001,103793,299.01612765912404,25174107
U23003,73938,538.497127194748,68021817
U23005,265612,283.53987363175696,23465050
U23007,29467,312.90820382852644,33009053
U23009,51791,451.1198672868657,59165626
U23011,117114,339.67454430276587,42083116
U23013,39618,389.0568864599559,47036977
U23015,33616,350.6680611199173,43794457
U23017,54755,269.28370953859695,21881074
U23019,144919,458.96512912908616,60053994
U23021,17235,456.97652382984364,60036759
U23023,35214,323.4724331679382,37761788
U23025,50888,375.3493591598121,46809727
U23027,36280,390.2569891771883,47450233
U23029,33941,520.2738779051765,66475490
U23031,186742,255.99783268824297,15376956
U24001,74930,596.5756517912241,74725921
U24003,489656,556.0129438715601,69746118
U24005,754292,512.5232249388773,65244081
U24009,74563,603.5099898758069,75835424
U24011,29772,546.9610699885216,69265984
U24013,150897,516.7068723148021,66324593
U24015,85951,477.3254857438302,61967212
U24017,120546,624.9044452335592,78969686
U24019,30674,599.5015630906474,75792098
U24021,195277,542.3860523610787,68800371
U24023,29846,636.0487355571871,79554356
U24025,218590,491.5730008503736,64539913
U24027,247842,543.3671717983595,69018142
U24029,19197,516.5076113874889,66176083
U24031,873341,565.9238057423547,70534057
U24033,801515,583.1155123617909,72464181
U24035,40563,535.9588460333239,67981254
U24037,86211,634.8775682482751,79468145
U24039,24747,632.7132862790274,79411814
U24041,33812,569.2928829191155,71467603
U24043,131923,549.991982373913,69295756
U24045,84644,596.3372918728365,74641277
U24047,46543,605.9316945817948,76040241
U24510,651154,526.6502518026336,66509431
U25001,222230,355.09808238382453,44025616
U25003,134953,140.71953707310632,2005092
U25005,534678,301.67062329748416,26798185
U25007,14987,353.10195181357557,43966458
U25009,723419,261.89940587424786,17908558
U25011,71535,148.08188486751988,2505667
U25013,456228,185.80524031032985,3878268
U25015,152251,165.5998660542906,2715293
U25017,1465396,231.80644055942727,11141472
U25019,9520,393.21254797347643,48304084
U25021,650308,265.90083533040263,19284445
U25023,472822,307.09008375408365,29384627
U25025,689807,266.7204826475921,19981055
U25027,750963,207.38642247038354,6164010
U26001,11719,728.8126423556077,86283172
U26003,9862,1068.2353126833957,118211037
U26005,105665,1044.1152559821842,116870097
U26007,31314,778.1832064163968,90770346
U26009,23110,916.3411398463347,104269852
U26011,17269,796.3682777574915,94900767
U26013,8746,1189.6927858445904,138743750
U26015,56755,938.0242970735349,105445176
U26017,110157,816.0980127597815,96677246
U26019,15998,1017.1506539411276,114072630
U26021,162453,1072.1502924290135,118510721
U26023,45787,934.4268869123905,105213832
U26025,137985,921.3935547568288,104604280
U26027,51104,1009.1753397277789,112883507
U26029,26090,945.2028444857864,106440181
U26031,26448,871.1173199899583,101486596
U26033,38543,894.7476559553298,102668955
U26035,31252,884.1799833892787,102255059
U26037,64753,873.157302872058,101544989
U26039,14273,868.6527318111755,101232387
U26041,38520,1061.7145839689565,117878093
U26043,27472,1139.052003355983,127541288
U26045,103655,900.2076154731541,102888304
U26047,31437,911.0737729866772,103805267
U26049,436141,800.726113819064,95057445
U26051,26023,848.2917965113653,98672815
U26053,17370,1293.2739661379103,146912991
U26055,77654,943.2997263504068,106164860
U26057,42285,869.664424616559,101383655
U26059,46527,902.1507293242407,103257406
U26061,36016,1218.8890201640127,141790338
U26063,36079,725.5779862463299,86087754
U26065,279320,861.8798083574961,100582461
U26067,61518,912.1082187119342,103899023
U26069,27339,726.458643652629,86159967
U26071,13138,1193.1375049265425,138978027
U26073,63351,885.5550543019842,102348056
U26075,158422,873.8027239009803,101634489
U26077,238603,963.1121418804073,108641835
U26079,16571,906.3359723742403,103473584
U26081,574335,948.9576910752156,106677601
U26083,2301,1201.967401979645,139679620
U26085,11333,962.0296304499801,108250779
U26087,87904,760.9034744447804,89559656
U26089,21119,986.418086154373,111131065
U26091,98890,855.3355715416064,98875787
U26093,156951,824.7271727558941,96936353
U26095,7024,992.5526867967391,111720696
U26097,11943,948.5288578103159,106665658
U26099,788149,742.838875099599,87159048
U26101,24527,1024.9316546211562,114619426
U26103,64634,1131.1898793110774,126423175
U26105,28274,1037.1675123608352,115552414
U26107,40553,925.2693416530749,104809256
U26109,25326,1104.6268608843072,122833707
U26111,82874,848.54850949729,98698838
U26113,14478,904.1785881319869,103355061
U26115,145945,808.5936244282358,95778161
U26117,61266,913.3311362567151,104007801
U26119,10315,834.9731428471234,97907686
U26121,170200,1042.6392185142063,116576827
U26123,47874,962.658955796258,108262112
U26125,1194156,781.1117844377676,93037693
U26127,26873,1043.6528096819616,116804649
U26129,21645,828.076184373452,97722101
U26131,7818,1286.9019356577178,146476875
U26133,23197,922.8954294564428,104762558
U26135,9418,830.3812506310138,97824388
U26137,23301,869.7573079290169,101425940
U26139,238314,1039.627772411042,115964812
U26141,14411,786.465062413752,94550406
U26143,25469,866.5160955955578,100939979
U26145,210039,825.0268219758565,97098969
U26147,164235,718.574762040692,85418153
U26149,62422,971.1378571642163,109802280
U26151,44547,710.1324351677407,84995849
U26153,8903,1012.4400597305074,113079013
U26155,71687,837.250430422569,98006302
U26157,58266,773.7686292729999,90148892
U26159,76263,1024.3436893789246,114543163
U26161,322895,827.5294705460069,97388690
U26163,2061162,780.064442738229,90840519
U26165,30484,942.7342663494782,106134376
U27001,15301,1570.52017286353,171647914
U27003,298084,1549.7004562935301,168954306
U27005,30000,1749.943668498504,183207467
U27007,39650,1705.2167250977857,181068557
U27009,34226,1609.476770436905,174221295
U27011,5820,1796.485248675781,186566556
U27013,55941,1620.6708967882391,174561312
U27015,26911,1671.9260185184514,179706474
U27017,31671,1513.5971688990162,166167585
U27019,70205,1594.3393581256134,173258845
U27021,27150,1643.5828055881223,177138784
U27023,13088,1732.2687240046082,182357016
U27025,41101,1523.5772923731588,167123039
U27027,51229,1806.7183284711355,188397976
U27029,8423,1729.1567906037192,182273957
U27031,5168,1352.8712773211412,150960298
U27033,12167,1710.0520207083287,181296274
U27035,55099,1619.1379964847374,174488604
U27037,355904,1536.671099145466,167632348
U27039,17731,1525.6486068972306,167170638
U27041,32821,1723.1071596591055,181840578
U27043,16181,1615.4304893775695,174290158
U27045,21122,1467.1726065681562,161898211
U27047,32584,1567.7378663992001,170348720
U27049,44127,1510.5564578980805,166023265
U27051,6289,1765.648778636064,183977042
U27053,1116200,1568.170490792851,170420615
U27055,19718,1419.8867728252383,157320304
U27057,18376,1688.9133724206863,180207340
U27059,31287,1554.298478880542,169616502
U27061,43992,1597.0765515464498,173485007
U27063,11268,1711.5493134652206,181357818
U27065,14996,1555.9644320632035,169647789
U27067,41203,1687.9337987522006,180095831
U27069,5285,1851.967227207224,191819826
U27071,14355,1624.0619436420914,174875909
U27073,8067,1780.5400667276353,184858857
U27075,11058,1434.6859365589644,158898739
U27077,4522,1716.6982579142402,181428512
U27079,25426,1591.244258075543,173037078
U27081,6429,1792.417817497441,186372442
U27083,25425,1758.7782857933382,183720011
U27085,34898,1631.5279911692096,176572441
U27087,5190,1758.9365683664212,183760538
U27089,10155,1813.9438878009541,189172967
U27091,21802,1662.570813646334,179190655
U27093,22644,1650.5429919916983,177552062
U27095,22330,1581.7677911231804,172135572
U27097,31712,1631.1295052024298,176531826
U27099,38603,1520.5779623011686,166748601
U27101,9165,1756.030161184037,183667762
U27103,29771,1632.251330149061,176659318
U27105,20832,1760.4571247189028,183788591
U27107,7442,1807.9957826850311,188601049
U27109,124277,1488.9101549632326,163428088
U27111,57159,1744.2969508439178,183122261
U27113,13584,1785.7142992843667,185598563
U27115,26530,1515.7473584135976,166484326
U27117,9895,1795.4361871049518,186537000
U27119,31369,1808.2971135898704,188613842
U27121,11236,1721.7380088678926,181756843
U27123,511035,1538.6613431615199,168245795
U27125,4299,1786.3414853723357,185612147
U27127,16815,1711.8447570128972,181369086
U27129,17154,1685.929826581598,180033525
U27131,56665,1557.1423244839066,169761766
U27133,9721,1800.4803618787428,186795637
U27135,16338,1782.483029946674,185557901
U27137,200528,1513.639011485977,166199256
U27139,89498,1574.076098478584,171749403
U27141,64417,1591.416877298778,173062504
U27143,15356,1629.4981494208448,176516470
U27145,133166,1656.6271960494216,177653650
U27147,33680,1553.6845648334704,169533811
U27149,10053,1764.2010678254705,183953816
U27151,11956,1741.2684073160588,182986738
U27153,24426,1680.2353229916769,179851087
U27155,4134,1801.568263960381,187729569
U27157,21610,1472.9309058720453,162357208
U27159,13713,1689.8822048937466,180341577
U27161,19526,1583.0836955447435,172230598
U27163,201130,1522.1246577929355,166882905
U27165,11876,1665.1017723199884,179251207
U27167,7138,1802.5502130945285,187733703
U27169,49985,1438.8312466481962,159350751
U27171,89986,1606.448209383594,173973639
U27173,11080,1757.5623445709896,183708931
U28001,34340,2039.0839575044606,207392007
U28003,34558,1590.852706417784,173002520
U28005,13599,2025.7679556805701,206534280
U28007,19661,1795.6051523053463,186546895
U28009,8026,1638.8433870561712,176840390
U28011,40633,1829.407762564358,190162774
U28013,15069,1713.373107397929,181393917
U28015,10769,1790.3871919633891,186144784
U28017,19440,1688.3222293224874,180137034
U28019,9758,1753.312368232943,183372426
U28021,11831,1971.4880055424471,201751390
U28023,17955,1822.4359279739213,189437245
U28025,21979,1697.7697686464894,180653609
U28027,30622,1778.4964184056314,184783268
U28029,28757,1949.4216927665102,201103940
U28031,19407,1910.9951281181789,198331380
U28033,107199,1689.4762889707474,180234378
U28035,72604,1930.3545227628413,200247770
U28037,8448,2009.9471559190229,204470302
U28039,19144,1921.6434347359611,199619514
U28041,13299,1890.2697860798273,195125829
U28043,23263,1757.447940274726,183685668
U28045,42967,2012.090657775468,204569288
U28047,189601,1986.1288873004721,203648577
U28049,250800,1918.4134305109312,199345721
U28051,21609,1826.2131301410009,190008625
U28053,11206,1854.7434101261847,191913902
U28055,2274,1915.151163122123,199331309
U28057,22770,1621.9182076246432,174752707
U28059,131420,1955.0356996272728,201324806
U28061,18149,1852.1265822354915,191825111
U28063,9740,1999.0297298372943,204269712
U28065,13962,1934.2115893937967,200354451
U28067,64958,1888.158168053776,194989276
U28069,10453,1760.5799027606188,183829583
U28071,38744,1692.4393440159013,180473737
U28073,39070,1945.4148273624833,201011779
U28075,78161,1791.2404033849434,186155553
U28077,13258,1953.2743744253946,201258301
U28079,20940,1817.9962401504285,189216046
U28081,75755,1642.4934087702902,177034152
U28083,37947,1807.5080162083427,188563102
U28085,33166,1976.6650335076822,203302194
U28087,61586,1690.411207423925,180355290
U28089,74674,1860.9366631837502,192063456
U28091,25595,1961.7555685956227,201630932
U28093,34993,1663.1138052836902,179212457
U28095,38014,1660.3045319866349,177845314
U28097,12189,1767.0576325415254,184018363
U28099,28684,1791.9423239552357,186343758
U28101,21838,1820.3579748854108,189244909
U28103,12548,1727.829097433777,182176505
U28105,42902,1722.6899070529096,181786034
U28107,34274,1724.0883281333781,182112851
U28109,48621,1985.7590957932803,203588960
U28111,12138,1915.4423130751813,199333583
U28113,38940,2002.4934335785317,204290755
U28115,26726,1671.1278560903388,179651084
U28117,25556,1606.6970801955288,174063625
U28119,10117,1754.9962495170473,183389187
U28121,115327,1884.9472100194146,194637187
U28123,28423,1844.8937548400643,191582872
U28125,6580,1893.6910626824945,195365607
U28127,27639,1912.2429392642575,198361228
U28129,16182,1875.7095112793106,194482179
U28131,13622,1955.4744125709924,201456226
U28133,34369,1823.8214949578423,189506978
U28135,14903,1768.72378091027,184068938
U28137,25370,1702.0467719672386,180852110
U28139,20826,1622.9967314885328,174783268
U28141,19163,1578.644559749808,172056122
U28143,9227,1731.8720424668265,182340959
U28145,25362,1649.0665615691319,177503807
U28147,15156,1984.9372753186994,203573804
U28149,49644,1936.9150168275057,200505043
U28151,62977,1872.6969796705298,194339514
U28153,21216,1856.2166260362103,191950465
U28155,10294,1734.7322021109787,182403915
U28157,10312,2063.652460468386,209008409
U28159,20160,1760.4707359629542,183809423
U28161,13051,1731.080168031666,182313471
U28163,28149,1874.0262722858274,194402491
U29001,24977,1594.897974299316,173357155
U29003,16492,1778.705317428876,184813890
U29005,6430,1813.6521696158547,189158288
U29007,25853,1574.551302060791,171838901
U29009,34010,1857.574802983992,191980289
U29011,12541,1853.7932850744182,191858601
U29013,16653,1815.74949908033,189183122
U29015,17180,1730.9029464189111,182284762
U29017,12029,1532.289838639834,167507925
U29019,135454,1621.5686613324065,174617253
U29021,85998,1791.734512119916,186233714
U29023,40867,1596.8646161598274,173444140
U29025,8969,1725.4930265086762,182147125
U29027,40766,1598.238185278336,173754297
U29029,37051,1703.3450220966984,180994268
U29031,68693,1502.957556315252,165329378
U29033,10285,1696.755904386587,180615084
U29035,5941,1623.5534759661211,174869968
U29037,82092,1798.7163781345282,186572376
U29039,13733,1803.2157279555333,187829463
U29041,8438,1650.1063538020574,177533243
U29043,54285,1792.6965876261327,186378871
U29045,7416,1516.956071030744,166523540
U29047,184006,1774.8469509729973,184151537
U29049,18979,1760.8015185196882,183840036
U29051,71397,1641.1962577866902,176946851
U29053,16670,1667.7305407781387,179324015
U29055,22804,1594.1857686224855,173236041
U29057,7923,1819.2240827124517,189236986
U29059,15661,1742.2039886877185,183024458
U29061,8016,1712.8888007433377,181385901
U29063,11597,1750.5029292703148,183237467
U29065,14927,1627.7684668411741,176366031
U29067,13084,1742.5243320927707,183040119
U29069,33155,1607.3494812923589,174169162
U29071,93807,1552.6801244485198,169432050
U29073,15342,1584.6345762281458,172270171
U29075,6861,1738.4934002547993,182513180
U29077,240391,1788.6295165230285,185616446
U29079,10432,1674.7930141623085,179800242
U29081,8850,1700.547980728233,180843260
U29083,21997,1766.4913903531005,183996366
U29085,8940,1751.7031328861576,183363486
U29087,5351,1808.0874521392411,188608491
U29089,10212,1645.0995130622152,177165934
U29091,37238,1704.6643819250476,181031319
U29093,10697,1565.6629115768342,170265970
U29095,654880,1781.7221642557788,184893369
U29097,104686,1869.1344099645723,193625690
U29099,198099,1519.4555727395248,166538708
U29101,48258,1750.8081031094002,183271603
U29103,4361,1560.4287590332967,170172160
U29105,32513,1709.4127799544112,181232977
U29107,32960,1736.1340777813998,182414209
U29109,35204,1834.99906984526,190284455
U29111,10494,1529.0863529559826,167387227
U29113,38944,1511.9897909663127,166111799
U29115,13754,1647.7531765064261,177486696
U29117,14558,1686.2993893897954,180050679
U29119,21681,1900.7156986673704,196713932
U29121,15762,1605.7416520848399,173957877
U29123,11800,1547.4556043566581,168903509
U29125,8903,1631.1924321391004,176563538
U29127,28289,1532.7069818728191,167519954
U29129,3757,1663.73458630608,179247450
U29131,23564,1667.8904811897032,179481499
U29133,13427,1508.1950727493756,165881355
U29135,14827,1659.6343625873092,177830487
U29137,9311,1575.0745681735511,171864754
U29139,12136,1557.5736258183406,169840540
U29141,19309,1692.6678501509164,180512481
U29143,19760,1549.2765020922775,168934546
U29145,52636,1884.619108272978,194584551
U29147,21912,1771.5704919338236,184090862
U29149,10344,1673.4261561145881,179733385
U29151,13062,1611.0666188028003,174255521
U29153,9542,1755.2760050184777,183658220
U29155,20047,1583.5289971559694,172250124
U29157,18132,1492.7731427270965,164884720
U29159,39403,1710.4877112299512,181308441
U29161,39825,1636.2598312062175,176800565
U29163,18351,1515.7283340742704,166465975
U29165,73781,1799.3663808737278,186654468
U29167,26992,1774.226799457554,184124545
U29169,41165,1670.6736538462142,179609919
U29171,5223,1617.327468989615,174466943
U29173,9626,1534.5531412625367,167607417
U29175,24663,1616.0572311221727,174306339
U29177,23354,1741.2098857969436,182963384
U29179,6689,1601.1553483024802,173870180
U29181,13509,1635.475414070237,176787056
U29183,283883,1503.139847247617,165398071
U29185,9652,1781.83097856124,185548249
U29186,17842,1511.4903162585797,166067392
U29187,55641,1538.1951697072818,168178629
U29189,1016315,1492.2975202515183,163868405
U29195,23756,1685.7081346081295,180009769
U29197,4170,1577.9222720334128,171936860
U29199,4983,1548.5626299416365,168929563
U29201,40422,1514.4951737142878,166409372
U29203,8324,1645.670108344145,177247128
U29205,6799,1569.160794164703,171641115
U29207,29705,1553.998991497895,169583031
U29209,28658,1826.6798889946278,190038081
U29211,7219,1634.7081608110075,176740244
U29213,39703,1799.7453911475745,186728249
U29215,23003,1679.6466624077523,179828084
U29217,20454,1835.8297801251224,190319659
U29219,24525,1541.8568589792894,168809800
U29221,23344,1563.4133763039997,170176521
U29223,13259,1577.1165934534208,171915992
U29225,31045,1751.5355105228368,183319861
U29227,2382,1730.058877845523,182282380
U29229,17955,1721.7755760377586,181768079
U29510,348189,1476.941014215333,162561409
U30001,9202,3081.275350407114,254028706
U30003,12671,2661.1980244089386,240310453
U30005,7009,2743.0270895412264,242765919
U30007,4385,2952.6299054999613,250215870
U30009,9552,2781.0391279187306,243863804
U30011,1360,2427.153336400706,227666273
U30013,80357,2928.7217588008507,249003613
U30015,5970,2854.9699043535843,244863170
U30017,11696,2499.370640452604,233190424
U30019,2017,2490.9559614341847,232188308
U30021,9059,2443.6642612024984,231596084
U30023,9417,3081.555391142504,254037908
U30025,2837,2411.1554848938245,227047574
U30027,11893,2769.7778488205263,243655218
U30029,74471,3118.846993459276,260198576
U30031,67831,2941.1047795076656,249910036
U30033,1279,2600.5322225402606,237318481
U30035,13247,3037.1085720925917,252357487
U30037,1042,2775.164520516021,243684904
U30039,2830,3098.2244430517426,255420207
U30041,16673,2826.0510927766645,244441201
U30043,10049,2998.6184374095783,251576948
U30045,2329,2853.2417114736745,244823228
U30047,26507,3128.9951942286343,261020337
U30049,55716,3008.607469581098,251695872
U30051,2158,2894.7840063468616,246470906
U30053,18837,3215.479319109684,265351474
U30055,1977,2506.9160073892585,233202120
U30057,6851,3002.3791926527883,251633544
U30059,1932,2905.393241258627,246933677
U30061,3884,3209.2786134778457,265320598
U30063,95802,3123.3838230653723,260666491
U30065,4497,2717.4719525831224,242459259
U30067,15694,2893.8035519440346,246443912
U30069,493,2695.3558034933367,242097820
U30071,4601,2666.8539583040706,240356143
U30073,6424,2984.372864105474,251383994
U30075,1858,2509.1133111703452,233209783
U30077,7180,3053.7355484768404,252479512
U30079,1199,2481.59384737943,232143590
U30081,36070,3156.5004805298795,263911378
U30083,9667,2417.311713161677,227357138
U30085,10620,2449.6358037199034,231648516
U30087,9383,2588.6372861043437,236567407
U30089,10227,3208.935701612808,265310371
U30091,4105,2416.7722924976842,227353033
U30093,34606,3048.6353466931037,252440659
U30095,8195,2801.894549339514,244157940
U30097,3609,2841.7961454368924,244690195
U30099,6445,2992.869184568926,251518124
U30101,5267,2945.413202355903,250161400
U30103,861,2632.4443125340977,239078863
U30105,7675,2574.844186921173,236389945
U30107,2259,2825.6728619588853,244438942
U30109,1068,2397.434045066163,226811721
U30111,129352,2712.1932999050055,242271898
U31001,31151,2057.2748582024487,208853013
U31003,7452,1973.3165026547815,202912461
U31005,444,2282.215467497449,219840971
U31007,819,2446.1664646559047,231629606
U31009,583,2135.2784185036303,215048171
U31011,6259,1986.3274528585168,203838178
U31013,12158,2376.1883233112803,226265545
U31015,2438,2014.7297339708678,204642978
U31017,3525,2119.134529614507,214108812
U31019,42259,2092.672258587583,212737825
U31021,7791,1843.0982053279204,190914872
U31023,8767,1924.6200886096917,199670301
U31025,24334,1854.4150171876927,191889568
U31027,9615,1899.2350804117762,195705369
U31029,4068,2314.4116153857985,220924576
U31031,6148,2206.1003356659016,217826670
U31033,9830,2398.544195616773,226834840
U31035,7039,2020.9835017873106,204867079
U31037,10441,1911.1755758800214,198350787
U31039,10203,1877.8211831817903,194546486
U31041,11793,2128.785891870562,214774470
U31043,20253,1848.166088611839,191784826
U31045,9060,2367.5973995927843,226142775
U31047,24365,2151.9459589041394,215605163
U31049,2098,2347.0133500742577,224163880
U31051,6339,1869.6320188625662,193730376
U31053,36160,1875.3624409675303,194430640
U31055,463585,1843.6948189006564,191119287
U31057,2292,2325.4091111036378,221568111
U31059,6634,1984.3300541539793,203538380
U31061,3574,2106.1487272703007,213593932
U31063,3099,2210.6225107314485,217932908
U31065,5324,2182.2060412895335,216175121
U31067,22993,1920.0905222899905,199596521
U31069,2292,2330.4189034087553,223879311
U31071,1902,2049.9158510556827,207933304
U31073,2143,2164.368311050725,215850796
U31075,747,2277.4217715006157,219757026
U31077,2714,2027.4778308363134,206999035
U31079,53534,2045.8175665612127,207762331
U31081,9403,2007.0869240949758,204395710
U31083,3786,2141.865939620696,215384844
U31085,1068,2262.762230254902,219280973
U31087,3111,2274.185330704925,219695675
U31089,11551,2025.169573390393,206522729
U31091,783,2225.9395189287425,218418500
U31093,6567,2036.154987833213,207230904
U31095,8333,1959.9079937107208,201527465
U31097,4488,1881.7839699243377,194569346
U31099,6882,2093.905883708823,212796751
U31101,8875,2289.127003020062,220416862
U31103,983,2090.806171259563,212732511
U31105,4089,2455.2269106406866,231677741
U31107,9374,1949.5305301552594,201132697
U31109,250291,1902.6277539070545,196757265
U31111,34632,2221.082067006045,218226478
U31113,774,2182.221460571961,216203904
U31115,712,2097.326551312552,212867211
U31117,533,2230.2762625468686,218449418
U31119,35226,1943.8787122526244,200654339
U31121,8204,1998.7782448330317,204261508
U31123,5440,2381.5485157482008,226374828
U31125,4038,1988.7256244216571,203894872
U31127,7576,1848.4559240721378,191805079
U31129,5057,2032.647082259866,207223539
U31131,15396,1862.4687504103385,192278006
U31133,3087,1889.0179853284421,195110660
U31135,3200,2299.056182035566,220663286
U31137,9747,2130.4921112472252,215038424
U31139,7857,1935.24958453538,200368413
U31141,31662,1945.2804167120435,200980117
U31143,5639,1961.1237943594385,201614717
U31145,11448,2228.0517073702417,218428981
U31147,9531,1847.1948587745796,191757198
U31149,1756,2080.317598949018,209775266
U31151,13843,1947.149294611833,201054637
U31153,122595,1845.5057111595145,191611295
U31155,19830,1885.1191938015938,194752514
U31157,36951,2435.572396750208,227738439
U31159,16496,1936.1977853873238,200400479
U31161,6198,2312.9533655718956,220918378
U31163,3318,2073.2057856333813,209595886
U31165,1475,2421.7001841765737,227392772
U31167,6455,1909.209252586756,197734686
U31169,6055,1996.4627455815698,204209863
U31171,729,2178.8111272167757,216119608
U31173,7171,1851.3941647758968,191812655
U31175,4647,2064.051588705988,209018721
U31177,18780,1842.6003743339215,190747811
U31179,9851,1897.7009499396236,195695518
U31181,4061,2068.8959957073944,209508042
U31183,886,2016.8341548028227,204812838
U31185,14598,1972.9393271213842,201766679
U32001,23982,3681.9475792269777,342647997
U32003,1375765,3569.5188017642768,315224344
U32005,41259,3814.8639735384468,368366094
U32007,45291,3387.661672164946,275651361
U32009,971,3706.509050349008,347417455
U32011,1651,3504.451239353983,290899624
U32013,16106,3597.83898815713,329609025
U32015,5794,3569.3043432404315,315218550
U32017,4165,3490.4667574234445,287810975
U32019,34501,3776.99804911878,363134706
U32021,5071,3736.4601890930435,356159147
U32023,32485,3603.8624481210604,330640351
U32027,6693,3656.4419811848393,339614387
U32029,3399,3785.4659277260366,364959392
U32031,339486,3749.2177649250657,357790667
U32033,9181,3417.138799435291,278509749
U32510,52457,3814.92638497395,368407353
U33001,56325,194.57924397674736,4740606
U33003,43666,214.78862929608283,9639937
U33005,73825,146.6287376533241,2431842
U33007,33111,237.33798146203713,13157159
U33009,81743,165.61411481232446,2867544
U33011,380841,185.73472101611603,3497427
U33013,136225,176.62180129508857,3023660
U33015,277359,230.53897462614174,10864113
U33017,112233,228.2298744253728,10669917
U33019,40458,132.24279954669208,1649271
U34001,252552,459.2519767503511,60198913
U34003,884118,289.4073622934601,23938721
U34005,423394,414.93286107774446,52817895
U34007,508932,427.70224523061586,54358956
U34009,102326,504.1780946509769,65128589
U34011,146438,482.1438534173694,63061479
U34013,793633,309.7036087444081,32129987
U34015,254673,440.04289553624824,58335021
U34017,608975,314.70492934562935,33038520
U34019,121989,344.1678010271879,42577462
U34021,350761,370.9872434320877,45636271
U34023,750162,349.71690852905846,42980144
U34025,615301,364.42776776526557,44909383
U34027,470212,305.56790107525813,28914415
U34029,510916,411.8612779052223,51726444
U34031,489049,283.00889226393946,22976001
U34033,64285,460.5127605387519,60510015
U34035,297490,338.7373575851276,41785626
U34037,144166,277.924743305263,22620620
U34039,522541,324.36394465521005,37797002
U34041,102437,315.60833581521854,35005440
U35001,556678,2957.2927219543153,250241590
U35003,3543,3157.838902498504,263947448
U35005,61382,2877.9962839953655,245645366
U35006,25595,3070.296992221704,252891343
U35007,14189,2715.09047244939,242445070
U35009,45044,2719.406502449746,242478741
U35011,2240,2815.3454748103013,244192302
U35013,174682,3124.501169168815,260762293
U35015,51658,2919.9792374469043,248810476
U35017,31002,3224.1930263825143,265404063
U35019,4680,2816.9995128984524,244197946
U35021,810,2688.0577186098876,240531539
U35023,5932,3302.9030073787667,267855679
U35025,55511,2829.5251897766516,244462162
U35027,19411,2933.0543343414515,249203999
U35028,18343,2885.8891498809508,246240627
U35029,25016,3206.6861773161927,265234306
U35031,74798,3057.243780636999,252490191
U35033,5180,2769.1480787518058,243650038
U35035,62298,3027.390215925896,252147770
U35037,10155,2705.8245087869045,242176476
U35039,41190,2885.0114964617915,246194216
U35041,18018,2761.6782383727914,243192357
U35043,89908,2941.3948387268224,250010199
U35045,113801,3016.0666211480957,251818924
U35047,30126,2785.906967566966,243931815
U35049,129292,2876.8816464809524,245460716
U35051,13270,3106.8260259646695,258086187
U35053,18078,3037.0015826661147,252339409
U35055,29979,2796.9337311661534,244094546
U35057,16911,2914.352113823495,248655896
U35059,4174,2628.016417968774,238796725
U35061,66152,2986.3973442649976,251437317
U36001,294565,108.10240301472767,967994
U36003,49927,370.869386585232,45586344
U36005,1332650,301.03488908983877,25401446
U36007,200536,224.47717082339662,9948141
U36009,83955,420.5734369566489,53445880
U36011,81963,229.7630708699812,10782150
U36013,139750,474.3382414060048,61744080
U36015,91070,283.71480660458957,23730662
U36017,51401,186.23245474198754,4334496
U36019,79894,133.6278128345668,1925198
U36021,63094,146.43730625905846,2368748
U36023,48599,210.94735400752944,6914973
U36025,48055,177.15054088795054,3159885
U36027,280150,200.38552939441206,4906453
U36029,950265,410.60543206078523,50269278
U36031,38851,61.80114824715934,267056
U36033,51134,121.61311113876343,1484928
U36035,55073,68.07571100264789,369307
U36037,60370,357.9436953481694,44559936
U36039,48195,143.31265072031692,2201721
U36041,5379,54.719182546771755,261677
U36043,64427,85.86966219125517,643903
U36045,111738,184.53910287379458,3385689
U36047,2465326,324.92418591262,38341373
U36049,26944,131.62609638943687,1622327
U36051,64328,332.075448162523,40884589
U36053,69441,164.41614233434174,2645852
U36055,735343,308.8296277656654,29857449
U36057,49708,87.39719203684301,708330
U36059,1334544,314.9369533386046,33647495
U36061,1537195,309.24379668332506,30592792
U36063,219846,399.7565161465718,48359869
U36065,235469,133.59758792011516,1689729
U36067,458336,200.44537313203276,5186603
U36069,100224,291.4585971788673,24822839
U36071,341367,242.50417532555232,13285782
U36073,44171,354.1676944360063,43981445
U36075,122377,191.56719868339374,4471311
U36077,61676,141.22938804005597,2140045
U36079,95745,236.73416010054638,13061414
U36081,2229379,322.1772123719524,35433683
U36083,152538,97.57364896715863,758038
U36085,443728,333.6249706189019,41074832
U36087,286753,267.42542796794453,21594321
U36089,111931,143.335244629921,2249916
U36091,200635,49.961806039193554,61042
U36093,146555,83.71873217272453,497348
U36095,31582,117.7699962246874,1306775
U36097,19224,282.08670928240366,22956777
U36099,33342,257.24826048393567,16387706
U36101,98726,322.53592826703,37663062
U36103,1419369,305.4058826122932,27495046
U36105,73966,217.7199057924937,9683603
U36107,51784,252.28362884087477,15221195
U36109,96501,246.92543776038556,14976870
U36111,177749,182.2191456408527,3207940
U36115,61042,42.02173594904096,0
U36117,93765,260.38567525116844,16893486
U36119,923459,267.3148277184982,20670862
U36121,43424,368.7950976213388,45542920
U36123,24621,284.18529933392966,23821732
U37001,130800,960.8332560513156,108065050
U37003,33603,1055.0391096757335,117723822
U37005,10677,1000.9769888314174,112033569
U37007,25275,1095.8005446269601,120445653
U37009,24384,1025.2529773281042,114775546
U37011,17167,1080.3052182561257,119286741
U37013,44958,934.0143537503754,105139215
U37015,19773,875.057206782194,101899463
U37017,32278,1075.9815347552142,119021761
U37019,73143,1124.3820285894321,126011415
U37021,206330,1154.64605722758,133871719
U37023,89148,1098.2006084800382,120582853
U37025,131063,1075.0931299610854,118885840
U37027,77415,1069.8098952335808,118394375
U37029,6885,826.300295498174,97343683
U37031,59383,994.5600451512989,111727720
U37033,23501,923.5797239900334,104785755
U37035,141685,1080.7059584264148,119327464
U37037,49329,988.1223793699659,111175629
U37039,24298,1282.6476335925809,146265476
U37041,14526,859.1116881855776,100208752
U37043,8775,1271.8877918318328,145676260
U37045,96287,1128.3234126795385,126250650
U37047,54749,1113.6179450478598,124590056
U37049,91436,978.8415130456159,110810945
U37051,302963,1038.4384623246701,115606276
U37053,18190,818.7426417254005,96839748
U37055,29967,899.4072129863863,102858337
U37057,147246,1020.1700770344304,114258650
U37059,34835,1023.0380831277221,114454959
U37061,49063,1021.3617995641423,114405896
U37063,223314,940.2155638525747,105692720
U37065,55606,908.2817029443751,103665627
U37067,306067,990.4013455858977,111321294
U37069,47260,912.8728207988634,103960541
U37071,190365,1113.4738824235615,124399691
U37073,10516,827.819921119411,97711585
U37075,7993,1251.1370728344466,143677807
U37077,48498,905.2590610298221,103369539
U37079,18974,956.3328348220929,107388985
U37081,421048,974.0191533185723,109935853
U37083,57370,874.6560715025588,101822121
U37085,91025,1007.4662099664102,112496463
U37087,54033,1183.861737313059,138355904
U37089,89173,1176.1613689970507,136496533
U37091,22601,843.4454846305396,98444012
U37093,33646,1056.9001599671283,117770662
U37095,5826,927.6174059109742,104884936
U37097,122660,1050.6114036530928,117320461
U37099,33121,1216.3463870622309,141632264
U37101,121965,974.8151517707147,110529376
U37103,10381,994.94203765072,111817810
U37105,49040,1007.923243098137,112806627
U37107,59648,980.7964333529701,110902381
U37109,63780,1097.5766560237146,120519073
U37111,42151,1122.0263674772677,125853907
U37113,29811,1244.3996075209855,143170403
U37115,19635,1142.5231910025605,133202462
U37117,25593,902.4333685541219,103303933
U37119,695454,1101.5598640969117,120929342
U37121,15687,1098.8817142827945,120733183
U37123,26822,1051.341247677178,117443121
U37125,74769,1036.686823732531,115477645
U37127,87420,915.3565634593829,104182432
U37129,160307,1099.6278706439944,120748870
U37131,22086,849.2454095703304,98793080
U37133,150355,1027.4198356691409,114811015
U37135,118227,947.2266746713477,106506556
U37137,12934,966.1015197410152,109618347
U37139,34897,836.6582998425562,97971405
U37141,41082,1064.5598428513265,118077577
U37143,11368,849.1424571208527,98781712
U37145,35623,908.8525498386313,103769644
U37147,133798,935.9815362781021,105278164
U37149,18324,1164.7679721984637,135357186
U37151,130454,1010.6911598237089,112948559
U37153,46564,1078.170638425797,119094969
U37155,123339,1090.222372555305,120087044
U37157,91928,944.7026446247407,106348253
U37159,130340,1049.7607596801981,117170184
U37161,62899,1140.557976950276,127612144
U37163,60161,1029.0714391502013,115027002
U37165,35998,1083.7643422610518,120007689
U37167,58100,1069.1616407587385,118220899
U37169,44711,963.840326822101,108880438
U37171,71219,984.77754956934,111031292
U37173,12968,1211.0527142066255,141265466
U37175,29334,1205.7153081341407,140546628
U37177,4149,877.5501120711883,102102526
U37179,123677,1112.355819216019,124276014
U37181,42954,889.0957975803042,102425130
U37183,627846,956.5336772630108,107407959
U37185,19972,874.7267381333118,101879491
U37187,13723,888.8404834580838,102411407
U37189,42695,1054.4848177285637,117639383
U37191,113329,978.6285403486265,110651341
U37193,65632,1028.041388911298,114961370
U37195,73814,940.3224843450638,105965786
U37197,36348,1007.4739195778875,112587488
U37199,17774,1117.4904982880485,125804759
U38001,2593,2268.8111277463836,219378626
U38003,11775,1926.4875577983566,199971506
U38005,6964,2031.2648492186652,207130579
U38007,888,2328.2902827723524,223795206
U38009,7149,2146.5080227551666,215487348
U38011,3242,2343.6647057843534,224155210
U38013,2242,2269.75963501296,219381219
U38015,69416,2108.0871527108484,213739420
U38017,123138,1864.3624583129274,193123864
U38019,4831,1973.8289932517262,202919913
U38021,5757,1957.652050631449,201502057
U38023,2283,2341.459745259557,224145131
U38025,3600,2270.965599125947,219383461
U38027,2757,1993.9389417303903,204010500
U38029,4331,2091.3876319174706,212733494
U38031,3759,1989.9814934088295,203898910
U38033,1924,2364.9056395609527,226129845
U38035,66109,1888.1309444574333,194923167
U38037,2841,2198.750835767613,217540547
U38039,2754,1941.916571865275,200617461
U38041,2715,2261.245084764409,219278258
U38043,2753,2053.422345143729,208514132
U38045,4701,1959.903876636576,201522764
U38047,2308,2034.869940247866,207228596
U38049,5987,2126.7176944487296,214640734
U38051,3390,2030.6109711956838,207127189
U38053,5737,2330.5568188236853,223881603
U38055,9311,2182.058034315192,216165810
U38057,8644,2211.2580277479065,217936007
U38059,25303,2170.3317288026374,216032921
U38061,6631,2254.6591528592567,219144276
U38063,3715,1943.9314729095856,200689565
U38065,2065,2174.1194294809675,216069044
U38067,8585,1907.174219104462,197709389
U38069,4675,2077.508520255452,209668061
U38071,12066,1987.1439048698342,203844437
U38073,5890,1892.5710015221023,195143494
U38075,2610,2206.113473397335,217832818
U38077,17998,1837.7137388571964,190487689
U38079,13674,2073.982029757149,209599204
U38081,4366,1890.8321228359446,195139128
U38083,1710,2100.8186728776486,213407798
U38085,4044,2154.2982338542615,215717228
U38087,767,2338.0738122629987,224124603
U38089,22636,2275.4175303401753,219698786
U38091,2258,1903.3594347612088,197014583
U38093,21908,1993.9290925888163,203988592
U38095,2876,2029.7116438627174,207110952
U38097,8477,1861.7093946074183,192169567
U38099,12389,1913.9993547001664,198388867
U38101,58795,2193.679496907407,216780060
U38103,5102,2050.6044676885363,207935206
U38105,19761,2338.29672066257,224125370
U39001,27330,960.9288873240669,108195850
U39003,108473,900.6927792527221,103075588
U39005,52523,756.985094058733,89436603
U39007,102728,593.193211454464,74516129
U39009,62223,829.3045499516918,97762165
U39011,46611,919.2805286489931,104528379
U39013,70226,709.8445569774075,84925623
U39015,42285,982.8359106884174,110962029
U39017,332807,1003.0042006286051,112083140
U39019,28836,683.8633124610034,83455227
U39021,38890,905.7692217055733,103434694
U39023,144742,918.5177262775511,104320657
U39025,177977,995.5412946914324,111828191
U39027,40543,949.4428329239747,107251936
U39029,112075,650.3795791702565,80645496
U39031,36655,760.9581310670475,89647560
U39033,46966,806.425251105593,95716976
U39035,1393978,674.9515598943747,81716492
U39037,53309,970.2313249872067,109736393
U39039,39500,907.9741310691442,103626127
U39041,109989,841.2392446201733,98327724
U39043,79551,745.408314167473,88448710
U39045,122759,843.4550234466175,98466613
U39047,28433,915.3545231554158,104153999
U39049,1068978,858.3403670250491,99090467
U39051,42084,869.5597418204779,101341571
U39053,31069,882.2411714588432,102210991
U39055,90895,643.0244348890232,80093881
U39057,147886,939.492788899122,105544834
U39059,40792,744.3521828232057,88013974
U39061,845303,1015.4799508889133,113188740
U39063,71295,856.6334452962706,99019172
U39065,31945,871.7347161324061,101513044
U39067,15856,701.0803511989359,84738521
U39069,29210,874.3881147601462,101792911
U39071,40875,948.1863385612357,106624783
U39073,28241,849.4658222754219,98815166
U39075,38943,745.953960625007,88559644
U39077,59487,767.6376590171432,90032203
U39079,32641,889.8625192069917,102468084
U39081,73894,671.1916211371151,81526460
U39083,54500,791.1054197332209,94613771
U39085,227511,642.9874552825778,79866370
U39087,62319,911.7672286936564,103836704
U39089,145491,812.728358806049,96072412
U39091,46005,892.6821526576479,102622950
U39093,284664,723.0808366559521,85708082
U39095,455054,814.8214619913687,96222192
U39097,40213,891.3077296992992,102500725
U39099,257555,636.5149156889689,79584202
U39101,66217,837.7968463971847,98112442
U39103,151095,715.814281191366,85197026
U39105,23072,844.7722320537531,98649743
U39107,40924,951.881717249081,107292479
U39109,98868,944.5651447687666,106249385
U39111,15180,737.6892626043784,86833005
U39113,559062,965.0676729500573,108940718
U39115,14897,797.3291508204345,94972522
U39117,31628,812.6660572041591,96040784
U39119,84585,781.5377515313384,94231849
U39121,14058,759.6985703322505,89538769
U39123,40985,783.5931985604964,94504373
U39125,20293,922.8141033027927,104742265
U39127,34078,816.2072778816316,96787403
U39129,52727,880.2674555756743,102158264
U39131,27695,916.4309291103766,104292962
U39133,152061,660.1827317837808,81075851
U39135,42337,992.5261470723275,111678359
U39137,34726,891.6709982081345,102540938
U39139,128852,780.9688514621375,92908841
U39141,73345,900.7212945630638,103184061
U39143,61792,801.3146792690809,95493586
U39145,79195,929.7346681990879,104964380
U39147,58683,809.823761897178,95982101
U39149,47910,928.4588081772931,104916470
U39151,378098,690.9210522596918,84179440
U39153,542899,687.9152865988525,83636541
U39155,225116,621.0786107893024,78396378
U39157,90914,719.0075198215287,85582388
U39159,40909,867.2162230432498,100965448
U39161,29659,934.2321356263124,105184173
U39163,12806,865.0997038262967,100861781
U39165,158383,974.7006195302473,110370993
U39167,63251,783.5529159021163,94441122
U39169,111564,728.889203345229,86294891
U39171,39188,907.0952458873138,103490155
U39173,121065,838.6552019020727,98178659
U39175,22908,836.5298843168342,97948497
U40001,21038,1966.4713741677344,201701276
U40003,6105,2206.1749085209003,217835428
U40005,13879,2164.727722483318,215852939
U40007,5857,2376.3406318839757,226277703
U40009,19799,2390.9555352334387,226510666
U40011,11976,2260.0054005370685,219155687
U40013,36534,2208.2845266365184,217848766
U40015,30150,2296.4049140238876,220473938
U40017,87697,2243.6799435299085,218876481
U40019,45621,2267.437921936908,219329642
U40021,42521,1992.4713134551375,203913238
U40023,15342,2151.0003000310376,215570772
U40025,3148,2537.4845386777088,233891202
U40027,208016,2212.8762207058912,217950116
U40029,6031,2170.812508674872,216058224
U40031,114996,2333.519653389129,223890386
U40033,6614,2348.035110174216,224165978
U40035,14950,1959.7365636143313,201507814
U40037,67367,2098.8008578093663,212910967
U40039,26142,2317.3650536184355,221102175
U40041,37077,1949.8376630252064,201142071
U40043,4743,2300.3983140897344,220726642
U40045,4075,2345.2281885946045,224158452
U40047,57813,2182.534198506045,216204678
U40049,27210,2241.173011802192,218632075
U40051,45516,2266.715310183522,219284126
U40053,5144,2160.936492415715,215801948
U40055,6061,2401.020023835673,226853433
U40057,3283,2434.681213825582,227735156
U40059,3562,2308.5537205300143,220859707
U40061,11792,2041.3093759535013,207691007
U40063,14154,2139.139028251541,215230039
U40065,28439,2410.011168498255,227019135
U40067,6818,2318.5664543704197,221128317
U40069,10513,2215.448632081168,218160328
U40071,48080,2108.8493510306234,213852789
U40073,13926,2217.3945604376504,218170841
U40075,10227,2357.3596969285163,224610835
U40077,10692,2075.7057942876377,209633438
U40079,48109,2031.3166530728556,207137543
U40081,32080,2149.314653128372,215506631
U40083,33924,2181.6025850961464,216131886
U40085,8831,2282.687629167835,220333090
U40087,27740,2233.2750246231626,218449951
U40089,34402,2086.499659302462,212182259
U40091,19456,2075.82685430336,209644130
U40093,7545,2245.279857346667,218964178
U40095,13184,2242.3821636627176,218666035
U40097,38369,1987.8808367642318,203856503
U40099,12623,2236.4336865184755,218520139
U40101,69451,2039.0012575056153,207322556
U40103,11411,2138.976711572546,215211258
U40105,10569,1990.3882475462676,203902669
U40107,11814,2120.307909699631,214147786
U40109,660448,2198.737735765494,216880099
U40111,39685,2081.819323777617,209777022
U40113,44437,2061.309507867152,208915331
U40115,33194,1924.842148222401,199679068
U40117,16612,2100.713810680345,213391186
U40119,68190,2135.375539960329,215048754
U40121,43953,2108.6088278925877,213808836
U40123,35143,2193.0567118924682,216735270
U40125,65521,2183.774846095023,216299456
U40127,11667,2117.3990015520335,214063621
U40129,3436,2372.28335160593,226178388
U40131,70641,2012.0055835614207,204488705
U40133,24894,2159.7167488677,215774971
U40135,38972,1997.62995379308,204222536
U40137,43182,2296.659916474951,220504088
U40139,20107,2456.698776340429,231940120
U40141,9287,2386.129545406083,226479577
U40143,563299,2052.847224250789,207950833
U40145,57491,2028.7742298781386,207036826
U40147,48996,2017.8158370143715,204813724
U40149,11508,2336.9319093260256,224093978
U40151,9089,2247.462503719737,218980862
U40153,18486,2297.022517588557,220620547
U41001,16741,3460.7610718090446,284758915
U41003,78153,3905.480352580362,377793675
U41005,338391,3791.842131910588,365275489
U41007,35630,3881.21629363032,375808965
U41009,43560,3836.762977888534,369283616
U41011,62779,3999.9436413343346,398162169
U41013,19182,3681.864967557339,342626088
U41015,21137,4034.9432459217837,398846429
U41017,115367,3755.102593086714,358688374
U41019,100399,3924.1760761120063,382657237
U41021,1915,3635.343658715958,336151369
U41023,7935,3567.9325400242747,314683033
U41025,7609,3608.700103105873,331141090
U41027,20411,3741.2232484395345,357055189
U41029,181269,3917.864419676669,379332880
U41031,19009,3729.803141837458,350134990
U41033,75726,3990.3451718010697,396596534
U41035,63775,3828.253124370463,368858277
U41037,7422,3727.006552690851,349525828
U41039,322959,3883.0448627488754,375899096
U41041,44479,3937.621561115958,393912732
U41043,103069,3838.1103417816857,369652930
U41045,31615,3497.205131156277,289411362
U41047,284834,3828.329182959614,368922052
U41049,10995,3587.9201556786334,328168003
U41051,660486,3797.703261405599,367189221
U41053,62380,3890.5124949353485,376367114
U41055,1934,3670.2729511572725,340789166
U41057,24262,3901.4615459184215,377624729
U41059,70548,3517.815099606809,295631644
U41061,24530,3468.9601847789104,285710195
U41063,7226,3400.0348273440104,276610348
U41065,23791,3713.5924711006237,348435807
U41067,445342,3848.820375961305,369956716
U41069,1547,3638.8159489105747,336599708
U41071,84992,3874.1152955714397,372487607
U42001,91292,496.69075661317447,64841413
U42003,1281666,612.5690864920398,76284584
U42005,72392,554.8554007683657,69673726
U42007,181412,624.7722990994703,78788274
U42009,49984,552.5610939139292,69427679
U42011,373638,389.70248976397795,47076595
U42013,129144,502.0501045708949,64953513
U42015,62761,293.13267774325624,24944457
U42017,597635,373.02392084840346,46164219
U42019,174083,580.3823071910019,71686213
U42021,152598,527.3987251386114,67160585
U42023,5974,428.04942128959084,54867888
U42025,58802,331.33830414991485,40825787
U42027,135758,442.24237351656546,58589694
U42029,433501,428.70360873018103,54873862
U42031,41765,528.1521146814293,67313183
U42033,83382,475.5865650352642,61883830
U42035,37914,404.88367101681774,48658523
U42037,64151,349.94713971538596,43730306
U42039,90366,553.4622810150861,69583360
U42041,213674,471.84071341114566,61456316
U42043,251798,426.372851335791,54107158
U42045,550864,424.9027690988475,53529835
U42047,35112,460.35197622421254,60474903
U42049,280843,534.7398788363386,67700411
U42051,148644,629.2446120057673,79148330
U42053,4946,498.169341060303,64932705
U42055,129313,516.5148044846403,66195280
U42057,14261,539.0926287936647,68534270
U42059,40672,671.4633629250142,81600354
U42061,45586,487.7665360755891,63627009
U42063,89605,540.1741356498346,68653201
U42065,45932,502.6132724336192,65082657
U42067,22821,446.8500722888296,59142805
U42069,213295,276.4598139169431,22319517
U42071,470658,438.92469763284606,55382869
U42073,94643,605.6375771239481,75909987
U42075,120327,415.49538036814903,53241289
U42077,312090,357.65511150641805,44247846
U42079,319250,317.9162021316921,35107877
U42081,120044,360.8195545100144,44620306
U42083,45936,432.7234214632346,55336933
U42085,120293,583.1227399641434,73265696
U42087,46486,452.3138573696652,59261019
U42089,138687,303.7931474718548,27332863
U42091,750097,393.0921016944983,47553987
U42093,18236,364.70016024956004,45524684
U42095,267066,334.4028115805693,41518560
U42097,94556,382.59914819765356,46924341
U42099,43602,451.23354361600224,59217417
U42101,1517550,408.74118259094115,48714182
U42103,46302,266.59485409231695,19934753
U42105,18080,387.9081034473429,47018897
U42107,150336,372.95669794385236,46013883
U42109,37546,409.9728052356788,50231732
U42111,80023,585.8074437550094,73459664
U42113,6556,321.5662773926579,35427127
U42115,42238,251.0146893433948,15088538
U42117,41373,343.1430948709748,42536089
U42119,41624,391.51398312807856,47486513
U42121,57565,541.0384222758825,68742806
U42123,43863,486.2368158049541,63207917
U42125,202897,648.8721485128749,80380472
U42127,47722,243.38954763503463,13627149
U42129,369993,588.93392570641,73810693
U42131,28080,287.43468883362823,23896106
U42133,381751,469.89279996422624,61074565
U44001,50648,293.2037333688113,25046679
U44003,167090,279.0440624131075,22789687
U44005,85433,309.71422738806467,32923620
U44007,621602,263.0823467803289,18631977
U44009,123546,300.9393159874945,25277900
U45001,26167,1277.8344265433097,146083122
U45003,142552,1301.8534028847673,147405033
U45005,11211,1346.0248971923418,150148473
U45007,165740,1258.610338968534,144506335
U45009,16658,1310.8587074191003,148282448
U45011,23478,1321.2772413694172,148582536
U45013,120937,1381.5728305100586,153029147
U45015,142651,1267.5429241432507,145494648
U45017,15185,1252.5927308224336,143953724
U45019,309969,1308.956732981761,147800557
U45021,52537,1157.3443855655914,134149380
U45023,34068,1170.1320050345714,135691337
U45025,42768,1131.2902320654528,126487809
U45027,32502,1231.0016059632612,142649019
U45029,38264,1331.848249329992,149243752
U45031,67394,1153.762765792453,133748032
U45033,30722,1125.5797454184042,126084558
U45035,96413,1297.1545892386073,147089436
U45037,24595,1295.2694157765634,147018822
U45039,23454,1196.8649516506136,139507475
U45041,125761,1174.8033064270014,136309536
U45043,55797,1223.0783047335026,142205306
U45045,379616,1210.6362899337992,140849132
U45047,66271,1266.8297066357752,145392936
U45049,21386,1356.9699426625548,151044696
U45051,196629,1161.2417549897095,135090973
U45053,20678,1387.0429037465033,154138019
U45055,52647,1178.9345833478642,137592251
U45057,61351,1149.6823514941311,133620568
U45059,69567,1230.0046457879407,142565211
U45061,20119,1182.6969170538746,138335785
U45063,216014,1252.2928008915094,143737710
U45065,9958,1300.3847203972596,147378277
U45067,35466,1156.7821561450705,134113914
U45069,28818,1115.5245766000548,125585135
U45071,36108,1228.8635618586534,142418346
U45073,66215,1260.2087770395283,144710108
U45075,91582,1277.30215800438,145991540
U45077,110757,1229.7001322395558,142454454
U45079,320677,1222.405528520748,141863889
U45081,19181,1262.0865548389088,145255840
U45083,253791,1187.3623809481765,138467032
U45085,104646,1212.2562270885735,141372608
U45087,29881,1191.5086101245502,138948146
U45089,37217,1216.0576071314083,141595047
U45091,164614,1144.328926652166,133318569
U46003,3058,1984.0877249369846,203527649
U46005,17023,1951.1171502546392,201222537
U46007,3574,2240.724268078667,218628501
U46009,7260,1941.8192065772064,200610201
U46011,28220,1834.3550570302314,190256235
U46013,35460,1947.8387895174742,201068480
U46015,5364,2025.0053816421128,206517365
U46017,2032,2029.0839090486168,207094317
U46019,9094,2355.9212348635383,224487634
U46021,1782,2077.0633768520693,209666279
U46023,9350,1994.3764284332,204154884
U46025,4143,1903.1974227286894,197010440
U46027,13537,1870.6530534467122,193787584
U46029,25897,1861.0293387757213,192138130
U46031,4181,2166.5514241639703,215939038
U46033,7275,2372.652009855024,226181824
U46035,18741,1951.2041189516808,201239560
U46037,6267,1889.71752382373,195113747
U46039,4498,1822.5060666124457,189455200
U46041,5972,2145.822260752241,215478604
U46043,3458,1972.1228230343338,201763221
U46045,4367,2015.2020461475681,204645416
U46047,7453,2386.085820300818,226472124
U46049,2640,2013.648245182281,204637434
U46051,7847,1826.3750464767043,190030234
U46053,4792,2043.4025415359656,207755868
U46055,2196,2214.4893475935583,218158132
U46057,5540,1861.614483584827,192164027
U46059,3741,2006.944243770502,204391969
U46061,3139,1922.5945491226619,199638658
U46063,1353,2345.568675457515,224162527
U46065,16481,2086.226475126234,212165778
U46067,8075,1924.437935020072,199662226
U46069,1671,2045.4964732300675,207760660
U46071,2930,2227.227985890533,218419283
U46073,2295,1982.7548510428103,203525354
U46075,1193,2147.9695876434344,215505438
U46077,5815,1890.0277448535874,195120014
U46079,11276,1864.1287312392549,193112588
U46081,21802,2387.1230978744634,226488864
U46083,24131,1843.3003023510378,191095156
U46085,3895,2081.9172210303163,209816707
U46087,5832,1887.9708979224386,194917335
U46089,2904,2013.7640977917767,204640074
U46091,4576,1887.4355255913654,194912759
U46093,24253,2298.3147414041805,220639033
U46095,2083,2160.0975435454816,215799865
U46097,2884,1902.9302236184217,197007556
U46099,148281,1842.9890137263951,190766591
U46101,6595,1828.795847554036,190087488
U46103,88565,2316.326090607983,220928644
U46105,3363,2268.594572372449,219375263
U46107,2693,2076.005726403304,209663586
U46109,10016,1838.478281637218,190505687
U46111,2675,1941.1821318450702,200607526
U46113,12466,2307.8085721476004,220847241
U46115,7454,1950.8962100724223,201179148
U46117,2772,2146.1585501674876,215484576
U46119,1556,2093.728824567961,212795195
U46121,9050,2163.7737840358845,215841746
U46123,6430,2093.974170710802,212803633
U46125,8849,1877.0245911899572,194537637
U46127,12584,1845.8774630712467,191733890
U46129,5974,2079.1972970393444,209727461
U46135,21652,1901.5823619903833,196735613
U46137,2519,2211.4723214377586,217947597
U47001,71330,1209.4809322979986,140777802
U47003,37586,1401.5422821313184,155185657
U47005,16537,1470.55964080938,162122658
U47007,12367,1314.5989205262301,148332868
U47009,105823,1227.9604748545069,142312523
U47011,87965,1328.824672885371,148908989
U47013,39854,1184.4848804019086,138409937
U47015,12826,1353.0239391991115,150965466
U47017,29475,1504.328294283729,165809966
U47019,56742,1073.067110807992,118698816
U47021,35912,1390.0266280317594,154651741
U47023,15540,1553.939914295023,169567491
U47025,29862,1145.4155920099736,133553077
U47027,7976,1263.4133391033376,145323553
U47029,33565,1161.3506643665246,135287602
U47031,48014,1378.6502190576234,152743527
U47033,14532,1563.4596912648303,170199865
U47035,46802,1272.8066168239225,145685035
U47037,569891,1374.557309099249,152066361
U47039,11731,1506.0765368204152,165850453
U47041,17423,1324.7618395859117,148698218
U47043,43156,1416.0054758003353,157254057
U47045,37279,1565.8007639458447,170286598
U47047,28806,1625.9395941076332,176071661
U47049,16625,1235.880488697097,142951035
U47051,39270,1406.0954194137819,155483140
U47053,48152,1536.8054024164737,167988252
U47055,29447,1463.3377360608845,161372557
U47057,20659,1154.3478024430353,133851060
U47059,62909,1123.2643009965354,125915169
U47061,14332,1363.7225164093481,151278523
U47063,58128,1144.5926458985439,133494949
U47065,307896,1349.4203155097773,150569377
U47067,6786,1117.289125769307,125797973
U47069,28105,1594.786433537529,173329050
U47071,25578,1540.6511612359686,168784222
U47073,53563,1105.2329714030639,123799197
U47075,19797,1589.3814308885637,172982723
U47077,25522,1521.8809692492507,166857383
U47079,31115,1469.1001666868292,162064264
U47081,22295,1447.715903349398,160295626
U47083,8088,1429.8869598458762,158672272
U47085,17929,1453.0030364184229,160568421
U47087,10984,1286.2057219712992,146465891
U47089,44294,1169.1564218177011,135609566
U47091,17499,1043.6069450940927,116747027
U47093,382032,1203.6982415043283,140137328
U47095,7954,1553.622438087597,169525857
U47097,27101,1601.8557038071215,173908083
U47099,39926,1485.9872129588216,163107304
U47101,11367,1470.1740173139485,162111291
U47103,31340,1439.0150252758006,159423830
U47105,39086,1247.6893414157032,143419561
U47107,49015,1291.9251407786014,146846176
U47109,24653,1568.5241152117324,171583262
U47111,20386,1294.603816371266,146979340
U47113,91837,1556.3958732288252,169669929
U47115,27776,1377.4259007654198,152700709
U47117,26767,1425.2872784697245,158433844
U47119,69498,1435.0298248664142,158909797
U47121,11086,1298.0011010709331,147345029
U47123,38961,1267.5888328922226,145637299
U47125,134768,1392.2746727252818,154757281
U47127,5740,1412.3822546805782,156502431
U47129,19757,1235.5602066960396,142924131
U47131,32450,1527.7596206217934,167287209
U47133,20118,1261.09810997298,145227330
U47135,7631,1486.1439438271932,163147230
U47137,4945,1231.2710874949012,142681521
U47139,16050,1313.3138448986135,148316818
U47141,62315,1290.6159335942784,146635842
U47143,28400,1297.9524482020777,147316629
U47145,51910,1251.5551114300517,143685800
U47147,54433,1354.7706795398713,150978292
U47149,182023,1373.83341897188,151792498
U47151,21127,1203.2019066077191,139712082
U47153,11370,1345.162227167489,150137103
U47155,71170,1195.4967285291586,139022499
U47157,897472,1660.7772946821483,178006463
U47159,17712,1311.3768512021113,148299106
U47161,12370,1424.621348696055,158309072
U47163,153048,1063.4333856550538,117916613
U47165,130449,1330.593104615417,149113303
U47167,51271,1629.4948451412913,176465199
U47169,7259,1315.6642591710618,148355173
U47171,17667,1105.4465648182227,123886626
U47173,17808,1173.7676397412606,136291728
U47175,5508,1322.2937014155236,148650843
U47177,38276,1344.4536596544567,150098827
U47179,107198,1092.9715318242572,120338455
U47181,16842,1512.7795219157515,166150743
U47183,34895,1500.5344750044583,165033264
U47185,23102,1304.361308256136,147643743
U47187,126638,1402.1819026929768,155240876
U47189,88809,1342.6168355248096,149911416
U48001,55109,2309.5176837011213,220863269
U48003,13004,2799.828773323995,244144936
U48005,80130,2278.635158301361,219760841
U48007,22497,2686.953221782542,240509042
U48009,8854,2413.9468756291153,227344179
U48011,2148,2540.589980302098,233894350
U48013,38628,2733.193907873203,242652049
U48015,23590,2498.0137324819707,232925032
U48017,6594,2707.722411275694,242230284
U48019,17645,2721.2616777440644,242523785
U48021,57733,2555.4459599834804,234646773
U48023,4093,2452.800583785414,231668924
U48025,32359,2714.9790763848437,242412711
U48027,237974,2498.593582580618,232948622
U48029,1392931,2690.6866092633213,240554734
U48031,8418,2621.530119260561,238450759
U48033,729,2679.430105434945,240429702
U48035,17204,2449.0783996013542,231630425
U48037,89306,2106.49846534623,213602042
U48039,241767,2497.0962498954686,232675036
U48041,152415,2442.3441497151866,231425726
U48043,8866,3013.152302528894,251780345
U48045,1790,2553.8202076293783,234625111
U48047,7976,2857.2335112260716,244890574
U48049,37674,2559.3715664676097,235306019
U48051,16470,2477.2154831455637,232090344
U48053,34147,2569.0633259500346,235496536
U48055,32194,2597.861354751615,236731651
U48057,20647,2632.7904541331495,239079724
U48059,12905,2551.674424932472,234374577
U48061,335227,2883.8738627026432,245855486
U48063,11549,2179.6968060495437,216120337
U48065,6516,2516.0014989701813,233267324
U48067,30438,2127.00702845493,214744032
U48069,8285,2635.9418171777966,239642634
U48071,26031,2402.6015371424696,226949523
U48073,46659,2273.1793022972665,219649016
U48075,7688,2475.695012375346,232082656
U48077,11006,2367.0880609053215,226131769
U48079,3730,2734.7779362827036,242693612
U48081,3864,2674.758550527104,240415822
U48083,9235,2575.1770450157587,236397620
U48085,491675,2282.3911868444866,219841415
U48087,3206,2455.564654574474,231681830
U48089,20390,2537.4007026378385,233870812
U48091,78021,2645.23920219054,239799749
U48093,14026,2513.1062581001593,233233124
U48095,3966,2654.465217808509,240022490
U48097,36363,2300.4682589337176,220731385
U48099,74978,2496.646767273485,232600058
U48101,1904,2506.940156154263,233204097
U48103,3996,2845.763263458532,244720283
U48105,4099,2811.234548907466,244174535
U48107,7072,2615.400043589358,238267921
U48109,2975,3001.032075153582,251610827
U48111,6222,2567.767735230851,235484796
U48113,2218899,2326.0332925744806,221576307
U48115,14985,2719.2057734055143,242463756
U48117,18561,2640.5012353466946,239776316
U48119,5327,2202.409180715065,217711818
U48121,432976,2321.9972947422402,221135135
U48123,20013,2636.61663185104,239650919
U48125,2762,2575.339772363465,236406855
U48127,10248,2857.13296721588,244871207
U48129,3828,2498.637533362046,233186596
U48131,13120,2825.1754140868065,244425822
U48133,18297,2509.303109479882,233211641
U48135,121123,2820.9948569365224,244228995
U48137,2162,2781.0639296495824,243873356
U48139,111360,2356.3109822523097,224496728
U48141,679622,3114.115821067869,259232068
U48143,33001,2469.213142908159,232005437
U48145,18576,2443.7878718296333,231605143
U48147,31242,2220.7462256581966,218195236
U48149,21804,2544.750911024899,233955448
U48151,4344,2600.684367712449,237320619
U48153,7771,2587.873628160949,236553450
U48155,1622,2475.0668793975433,232081034
U48157,354452,2491.744992407823,232190325
U48159,9458,2183.2880960940893,216262491
U48161,17867,2354.3099621478336,224217716
U48163,16252,2776.4041895162413,243686797
U48165,14467,2772.0091580578255,243667111
U48167,250158,2455.775858557158,231685036
U48169,4872,2641.704735092903,239794877
U48171,20814,2656.4892406435674,240269084
U48173,1406,2743.2400180823306,242772928
U48175,6928,2674.1564078119727,240408894
U48177,18628,2615.117048122734,238249293
U48179,22744,2473.355618905229,232058290
U48181,110595,2261.221064797285,219167663
U48183,111379,2202.3997563914686,217600439
U48185,23552,2428.6721990794067,227682309
U48187,89023,2639.8318111002473,239687293
U48189,36602,2628.7478438007156,238800899
U48191,3782,2508.829560292637,233206001
U48193,8229,2497.5330626875775,232916803
U48195,5369,2470.0041595681437,232038438
U48197,4724,2453.94030660398,231673017
U48199,48073,2334.525878406441,224005382
U48201,3400578,2439.9105544989116,227782199
U48203,62110,2166.3056269225317,215876928
U48205,5537,2592.1049490886153,236703345
U48207,6093,2521.500846210375,233283229
U48209,97589,2609.852424717206,237873906
U48211,3351,2409.2117546843206,227015784
U48213,73277,2296.831567545888,220547270
U48215,569463,2906.7087095763563,247643573
U48217,32321,2406.0809484825445,226983463
U48219,22716,2696.8850351452447,242098313
U48221,41100,2427.090002464275,227625173
U48223,31960,2210.5138141498956,217900948
U48225,23185,2330.34000487779,223856126
U48227,33627,2708.0026890141444,242236878
U48229,3344,3066.669840874664,252862290
U48231,76596,2250.4760239796433,218993405
U48233,23857,2493.294242358467,232544777
U48235,1771,2739.404966065159,242705154
U48237,8763,2399.38261813919,226844670
U48239,14391,2592.5040606551584,236708882
U48241,35604,2276.183154199783,219721422
U48243,2207,3029.2780994035143,252210068
U48245,252051,2355.624751732803,224235583
U48247,5281,2890.0117115149396,246287600
U48249,39326,2792.87390432334,244019416
U48251,126811,2395.8818494454717,226684910
U48253,20785,2560.158346297098,235343693
U48255,15446,2685.075800699971,240493596
U48257,71313,2301.4408860237736,220767748
U48259,23743,2667.587991800968,240360744
U48261,414,2826.569615797736,244457874
U48263,859,2600.65800537213,237319760
U48265,43653,2706.133382202303,242186631
U48267,4468,2704.480536769308,242144957
U48269,356,2533.9974535793094,233600368
U48271,3379,2835.429023072063,244583839
U48273,31549,2786.872411945604,243961941
U48275,4253,2495.084206327431,232595805
U48277,48499,2175.942531097627,216071109
U48279,14709,2669.8112482470447,240394185
U48281,17762,2542.8765855262436,233937686
U48283,5866,2815.0517118538028,244186436
U48285,19210,2582.8182851657434,236429928
U48287,15657,2515.271937906306,233251667
U48289,15335,2372.827448201287,226189099
U48291,70154,2376.9763731654007,226283560
U48293,22051,2397.8585599962184,226812789
U48295,3057,2383.624930195987,226384799
U48297,12309,2746.8102385786424,242777997
U48299,17044,2610.238473519367,237971495
U48301,67,2900.7513223782094,246503679
U48303,242628,2655.756363352439,240026456
U48305,6550,2682.068657885967,240462839
U48307,8205,2624.8120470119125,238485737
U48309,213517,2441.8458846123,231185183
U48311,851,2775.8941746463006,243685946
U48313,12940,2392.8442555580145,226671970
U48315,10941,2147.2297115718584,215494497
U48317,4746,2747.7457197512604,242790306
U48319,3738,2651.108578920742,239981089
U48321,37957,2565.9755358715843,235446839
U48323,47297,2872.1677581194062,245061980
U48325,39304,2740.1925059672103,242706925
U48327,2360,2684.002242835225,240491236
U48329,116009,2780.917400895848,243747795
U48331,24238,2480.9980348514478,232119352
U48333,5151,2547.970271344714,233992091
U48335,9698,2668.709771149156,240384487
U48337,19117,2336.951963823502,224105486
U48339,293768,2413.1031888155594,227050411
U48341,20121,2535.1994674185494,233600724
U48343,13048,2151.7994237911844,215592115
U48345,1426,2549.1103468404053,233997242
U48347,59203,2251.6426044003047,219070001
U48349,45124,2353.6867348362475,224172592
U48351,15072,2254.2393315919526,219129204
U48353,15802,2629.581581235416,238837501
U48355,313645,2753.2672986095977,242848024
U48357,9006,2426.7515404850806,227616167
U48359,2185,2614.454664231899,237995614
U48361,84966,2317.1559197687616,221017209
U48363,27026,2441.874300373338,231398700
U48365,22756,2189.2666429733395,216469480
U48367,88495,2401.82213865978,226861028
U48369,10016,2677.435810370819,240419686
U48371,16809,2906.9816682988803,248213036
U48373,41133,2329.8926554385102,223814993
U48375,113546,2558.906881578271,235192473
U48377,7304,3076.109754473867,253912774
U48379,9139,2246.5163533274085,218971723
U48381,104312,2583.10590221882,236449138
U48383,3326,2774.985166080256,243681578
U48385,3047,2755.9961196327263,243177911
U48387,14314,2140.548223887633,215244193
U48389,13137,2947.1523175469647,250169535
U48391,7828,2682.88932033564,240469389
U48393,887,2449.4168689153616,231647629
U48395,16000,2430.1451966156296,227711145
U48397,43080,2290.293528586415,220425737
U48399,11495,2627.3007652772862,238493942
U48401,47372,2225.311736242633,218371128
U48403,10469,2218.974514161435,218184767
U48405,8946,2237.5667097000405,218532762
U48407,22246,2368.600060190834,226156142
U48409,67138,2731.262793120056,242584911
U48411,6186,2588.3470497906324,236561221
U48413,2935,2733.19959661981,242690677
U48415,16361,2639.490807362082,239670932
U48417,3302,2520.091761313223,233279927
U48419,25224,2205.461171459978,217801446
U48421,3186,2512.5187831174862,233229938
U48423,174706,2242.843320711276,218679219
U48425,6809,2436.907809760861,227775390
U48427,53597,2930.870657099089,249107910
U48429,9674,2482.557880783698,232148261
U48431,1393,2709.3274535195205,242270505
U48433,1693,2561.329579566297,235364478
U48435,4077,2757.9503623272517,243180958
U48437,8378,2594.8112456798244,236723273
U48439,1446219,2363.764493921654,224676615
U48441,126555,2590.8566304327956,236576790
U48443,1081,2894.9656109748457,246473064
U48445,12761,2722.9207666950983,242541430
U48447,1850,2481.806458377075,232144789
U48449,28118,2162.1665641774493,215807092
U48451,104010,2693.6039697194083,241947665
U48453,812280,2572.393104290005,235577665
U48455,13779,2328.9951998592373,223796094
U48457,20871,2299.3891060761825,220668876
U48459,35291,2193.7139923766863,216838855
U48461,3404,2816.3599593786807,244194542
U48463,25926,2787.4020949614096,243993490
U48465,44856,2850.277733457886,244768070
U48467,48140,2271.1460799413494,219387061
U48469,84088,2631.705488380637,238994775
U48471,61758,2384.1887964223556,226387856
U48473,32663,2468.5802151479224,231972774
U48475,10909,2887.0981474860423,246265256
U48477,30373,2483.193561269753,232157935
U48479,193117,2876.1359199292942,245267599
U48481,41188,2542.744883331534,233896498
U48483,5284,2429.9089032992215,227705861
U48485,131664,2392.80492447714,226540306
U48487,14676,2427.4379236252007,227667633
U48489,20082,2859.6107698654064,244916810
U48491,249967,2536.062977636929,233620845
U48493,32408,2680.5232970392863,240430431
U48495,7173,2862.6633854937854,244943376
U48497,48793,2361.19941984505,224627822
U48499,36752,2222.3518717746983,218261110
U48501,7322,2760.5409600190287,243185035
U48503,17943,2442.470230583869,231578141
U48505,12182,2926.890067658507,248981543
U48507,11600,2823.428688701982,244414222
U49001,6005,3327.8922003019993,269471567
U49003,42745,3193.535482755586,265016584
U49005,91391,3081.0894332006296,253937315
U49007,20422,3061.4374400034308,252830514
U49009,921,2930.222271872471,249106989
U49011,238994,3140.6926006754184,263597872
U49013,14371,3025.379478444834,252092732
U49015,10860,3098.0798215727696,255134686
U49017,4735,3206.8735433971938,265274162
U49019,8485,3007.10265049912,251687387
U49021,33779,3352.7504015527225,271792946
U49023,8238,3236.744209413364,266004256
U49025,6046,3261.3697259377786,266690433
U49027,12405,3319.959607066612,268911357
U49029,7129,3089.039996654351,254402679
U49031,1435,3239.5361295265843,266012494
U49033,1961,3044.374710818517,252408962
U49035,898387,3131.4315588488857,261451664
U49037,14413,3082.246619781163,254084905
U49039,22763,3151.478123150248,263878780
U49041,18842,3196.6236986587833,265171957
U49043,29736,3047.870199398408,252410923
U49045,40735,3234.5445196045525,265768012
U49047,25224,2958.1594636192417,250819371
U49049,368536,3130.9232376458076,261083128
U49051,15215,3082.3876476066494,254099318
U49053,90354,3396.7227793548877,276129609
U49055,2509,3151.0124536034773,263876271
U49057,196533,3106.740554058105,257889654
U50001,35974,77.01696317626477,424380
U50003,36994,82.47949086173654,460354
U50005,29702,171.430758512821,2971138
U50007,146571,117.9713019125382,1338357
U50009,6459,212.46975155942192,6963572
U50011,45417,162.83887327934596,2600435
U50013,6901,145.14203840620064,2361847
U50015,23233,150.95386700853317,2577202
U50017,28226,128.0326156596634,1594101
U50019,26277,189.9081570025934,4445034
U50021,63400,64.52896716649671,305907
U50023,58039,126.895046535026,1536062
U50025,44216,109.89502673624696,1262559
U50027,57418,100.52649977236281,910576
U51001,38305,663.9370565341686,81262174
U51003,79236,731.9338044525929,86406455
U51005,12926,825.6210543937015,97315311
U51007,11400,774.9950932214474,90333689
U51009,31894,796.7291187927033,94918036
U51011,13705,806.0376470614605,95670666
U51013,189453,587.3505457073617,73539687
U51015,65615,746.9695640680392,88598587
U51017,5048,786.0867389680014,94545358
U51019,60371,844.6283423543418,98589372
U51021,6871,943.8720958854916,106242514
U51023,30496,836.1526823418847,97918001
U51025,18419,828.8522853332416,97743746
U51027,26978,984.5997059146356,111004314
U51029,15623,774.1057587145242,90207158
U51031,51078,834.1376545559744,97844136
U51033,22121,681.8952242288557,83420586
U51035,29245,957.9474443748339,108035805
U51036,6926,740.6252865347082,87142530
U51037,12472,834.3943722284502,97895214
U51041,259903,756.4821056810702,89176700
U51043,12652,603.2768767945249,75822772
U51045,5091,865.4226829820766,100922166
U51047,34262,661.1326098743905,81227912
U51049,9017,767.7353371564196,90125430
U51051,16395,1013.940234629595,113159013
U51053,24533,789.3851350531993,94574536
U51057,9989,677.0352483242925,83192336
U51059,969749,598.690817998805,74822349
U51061,55139,630.4294293670962,79296974
U51063,13874,920.4871661654123,104590406
U51065,20047,738.6731686323866,86848185
U51067,47286,891.6814051678906,102575664
U51069,59209,608.660552022217,76110369
U51071,16657,905.646184269464,103418037
U51073,34780,720.8637099764742,85673302
U51075,16863,733.9353639052256,86513953
U51077,17917,990.9982227272402,111627361
U51079,15244,702.2006494812881,84822102
U51081,11560,827.4101646401081,97377130
U51083,37355,870.3362928212271,101449241
U51085,86320,714.2824654683787,85098983
U51087,262300,740.6177111313256,86880230
U51089,57930,931.1355313337319,105043575
U51091,2536,751.9359235369291,88686579
U51093,29728,779.0371015454483,90810791
U51095,48102,736.2456837567045,86530816
U51097,6630,698.0817645751792,84648578
U51099,16803,650.0294176703574,80628693
U51101,13146,705.7799010385407,84872009
U51103,11567,686.0835918415605,83484063
U51105,23589,1096.6489370728184,120495484
U51107,169599,590.1519781408133,74218247
U51109,25627,711.2677078872484,85064149
U51111,13146,824.4529987487539,96923207
U51113,12520,682.5201807235544,83442707
U51115,9207,712.0544163671602,85089776
U51117,32380,855.2641610978296,98843407
U51119,9932,699.4540948969919,84693070
U51121,83629,900.3070119143342,102991959
U51125,14445,769.1144972853671,90134447
U51127,13462,724.3641801189776,86074292
U51131,13093,717.4676809373127,85405060
U51133,12259,668.9565540135188,81493530
U51135,15725,797.3281727216861,94956797
U51137,25881,686.1863076791045,83495630
U51139,23177,672.7797497527537,81641026
U51141,19407,941.5730184559275,106058780
U51143,61745,885.0343160105331,102286311
U51145,22377,751.3112883735696,88664202
U51147,19720,804.2241368147577,95650946
U51149,33047,763.9223439184432,89723619
U51153,280813,619.8446779403455,78115565
U51155,35127,927.4388779478815,104849809
U51157,6983,651.8410762534654,80790238
U51159,8809,670.0220315750005,81517651
U51161,85778,875.9968936245605,101933819
U51163,20808,794.3015578828935,94879959
U51165,67725,702.1491005715284,84754377
U51167,30308,1015.8431648000907,114042322
U51169,23403,1064.7103055261327,118118659
U51171,35075,655.6749739098133,80813939
U51173,33081,991.8865613591157,111645278
U51175,17482,809.1958899828693,95964619
U51177,90395,678.2529775771299,83202325
U51179,92446,646.989491814654,80288026
U51181,6829,760.6983740675447,89552827
U51183,12504,792.2644380981149,94668271
U51185,44598,968.8607956439446,109691795
U51187,31584,632.816016439914,79436561
U51191,51103,1023.1748425419227,114489794
U51193,16718,655.0449789603282,80797221
U51195,40123,1043.6198905557997,116764526
U51197,27599,961.6758636102913,108223180
U51199,56297,737.0090396520433,86776708
U51510,128283,592.6067449855867,74387846
U51515,6299,841.8742707479001,98437713
U51520,17367,1046.1928150342862,117014416
U51530,6349,797.3720739249795,94987419
U51540,45049,727.5604163068339,86238123
U51550,199184,792.869445658693,94680775
U51560,4289,813.0423611287744,96217903
U51570,16897,761.9460783008993,89684215
U51580,6303,825.2901335719514,97309008
U51590,48411,908.4096496586204,103721233
U51595,5665,824.965476453065,97093304
U51600,21498,597.6938403920839,74800851
U51610,10377,589.6992993086984,74180686
U51620,8346,808.4036566584174,95769815
U51630,19279,659.9615640384498,81056572
U51640,6837,973.6774914779091,109929016
U51650,146437,753.1429965771756,88780168
U51660,40468,708.8906010628795,84885155
U51670,22354,755.6866267429663,89106755
U51678,6867,797.0726369446397,94949930
U51680,65269,820.7581433584743,96857938
U51683,35135,615.6526346278092,77657042
U51685,10290,612.0712947514737,76274294
U51690,15416,919.6640253012127,104574990
U51700,180150,755.6374380159472,88926605
U51710,234403,765.3655138132016,89756666
U51720,3904,1047.4098870546688,117075043
U51730,33740,767.6758733153723,90091690
U51735,11566,744.6720105045919,88054766
U51740,100565,774.766287639897,90222781
U51750,15859,914.1157038441166,104116032
U51760,197790,737.0083340208007,86578918
U51770,94911,869.0199679329304,101246660
U51775,24747,873.2264165899061,101609742
U51790,23853,743.6083723314648,87947197
U51800,63677,798.8919847961976,94993768
U51810,425257,776.1524467422892,90345089
U51820,19520,744.1827064936843,87994454
U51830,11998,740.0436389149455,86868232
U51840,23585,606.9617919786473,76086784
U53001,16428,3471.260821865475,285961899
U53003,20551,3390.1799030234292,275974703
U53005,142475,3561.7863906808093,309689530
U53007,66616,3608.7728336203395,331148699
U53009,64525,3845.631269853619,369859291
U53011,345238,3796.7103761464764,366840779
U53013,4064,3439.4217679657677,281846696
U53015,92948,3798.58184476906,367849707
U53017,32603,3543.265116819206,300520801
U53019,7260,3444.658884787471,282590730
U53021,49347,3509.04066142335,291516658
U53023,2397,3408.276277025448,277339436
U53025,74698,3536.6322751955,299137187
U53027,67194,3860.9219365736885,371549162
U53029,71558,3752.8938637276224,358284437
U53031,25953,3822.8082368196665,368616829
U53033,1737034,3705.682461453974,345610763
U53035,231969,3762.564294540956,361377527
U53037,33362,3628.273052023252,335227978
U53039,19161,3665.675899912202,340373618
U53041,68600,3767.4738863417765,362264830
U53043,10184,3451.674502128728,284134751
U53045,49405,3807.667390752228,368210884
U53047,39564,3528.476663573445,297180816
U53049,20984,3872.6186342507967,372420295
U53051,11732,3349.20269129125,271739045
U53053,700820,3739.029223798091,356216833
U53055,14077,3776.920096676375,363115632
U53057,102979,3684.07016295615,343074115
U53059,9872,3749.925493549761,358173480
U53061,606024,3689.024724362368,344204460
U53063,417939,3375.9607771122824,273956406
U53065,40066,3396.9332825459883,276219963
U53067,207355,3792.3527152875486,365685359
U53069,3824,3852.9182242870465,371450259
U53071,55180,3483.135139295312,286884745
U53073,166814,3679.056519411141,342156454
U53075,40740,3397.751976041098,276260029
U53077,222581,3648.2097597327634,337883015
U54001,15557,710.7197654954322,85048592
U54003,75905,574.0647485594448,71553175
U54005,25535,903.9382294516332,103329526
U54007,14702,790.2336202475257,94599069
U54009,25447,666.4399668700081,81456784
U54011,96784,907.12304276435,103529343
U54013,7582,802.8768764134368,95643364
U54015,10330,830.5934307898399,97833806
U54017,7403,744.9667807901419,88066332
U54019,47579,865.4108611660505,100874587
U54021,7160,780.6448673382799,92901681
U54023,11299,666.8591863268424,81482231
U54025,34453,837.7719272574003,98077989
U54027,20203,617.2026979485994,77692177
U54029,32667,650.4597448117923,80757571
U54031,12669,655.8841658407114,80849014
U54033,68652,723.8470584392616,86005640
U54035,28000,839.7514378223802,98299724
U54037,42190,579.4063059879534,71644023
U54039,200073,868.2062375086098,101032314
U54041,16919,753.0113295648227,88763249
U54043,22108,915.116214129223,104131891
U54045,37710,933.1825258115648,105101505
U54047,27329,952.6844276052714,107333403
U54049,56598,697.7090966914791,84591980
U54051,35519,700.6169019719725,84703002
U54053,25957,867.9189438243613,101006357
U54055,62980,919.2352332172389,104465399
U54057,27078,628.2016503289087,79121252
U54059,28253,955.3036693955098,107360732
U54061,81866,676.4541890331866,83110470
U54063,14583,875.5347764184728,101919236
U54065,14943,577.1229330987165,71629080
U54067,26562,826.9978994295693,97350568
U54069,47427,680.6862080473131,83356928
U54071,8196,710.4795472321654,85040396
U54073,7514,767.2886497135056,90024689
U54075,9131,778.3394527582824,90801660
U54077,29334,664.8306196772944,81300479
U54079,51589,878.5202161594157,102106675
U54081,79220,898.0635202967053,102779117
U54083,28262,732.3156094491452,86485691
U54085,10343,774.8690710808881,90323346
U54087,15446,825.7144767986748,97328237
U54089,12999,883.5208099296813,102242060
U54091,16089,698.8047362967959,84676981
U54093,7321,687.2031425910128,83521511
U54095,9592,741.7339566801803,87149456
U54097,23404,743.7714392006237,87971050
U54099,42903,938.9898824975743,105501931
U54101,9719,788.830170948623,94564817
U54103,17693,716.2933688102663,85348121
U54105,5873,806.9506031457778,95763942
U54107,87986,801.9033872240698,95555378
U54109,25708,927.9249222547352,104890762
U55001,18643,1278.4282459191093,146109289
U55003,16866,1360.6161658237002,151189288
U55005,44963,1441.4213842927727,160016773
U55007,15013,1400.736088019298,155170644
U55009,226778,1135.6842294872845,127291149
U55011,13804,1434.6571857204387,158884935
U55013,15674,1483.6117604386936,163055572
U55015,40631,1153.6392459773583,133707401
U55017,55195,1395.8898977290776,154995574
U55019,33557,1342.6969678727287,150041814
U55021,52468,1247.920925257656,143458647
U55023,17243,1380.9426366425755,153011904
U55025,426526,1260.2703138401891,144776323
U55027,85897,1198.1727857060605,139577408
U55029,27961,1066.6495784302492,118183076
U55031,43287,1452.6946063292455,160525134
U55033,39858,1444.1304288330623,160126188
U55035,93142,1396.136146495805,155077502
U55037,5088,1177.4235567257722,136585706
U55039,97296,1178.0618461838985,136590794
U55041,10024,1203.834170828245,140519360
U55043,49597,1366.335224129298,151576207
U55045,33647,1282.0081262371257,146231829
U55047,19105,1217.586583948481,141771233
U55049,22780,1318.9293880825298,148370780
U55051,6861,1326.6340814456753,148715641
U55053,19100,1359.3082975777909,151168111
U55055,74021,1209.23945405201,140703781
U55057,24316,1306.4316569083078,147704645
U55059,149577,1108.1167794613423,124118312
U55061,20187,1069.5311181489783,118363963
U55063,107120,1386.365038151419,154030899
U55065,16137,1324.7137740135852,148682081
U55067,20740,1223.0522201519348,142184566
U55069,29641,1276.2065667058364,145908703
U55071,82887,1081.8183299155928,119651889
U55073,125834,1275.5656232737635,145782869
U55075,43384,1139.7529941075202,127568760
U55077,15832,1250.8599516150744,143661975
U55078,4562,1190.234925046161,138909259
U55079,940164,1105.0616771160371,122859033
U55081,40899,1346.771191018745,150343117
U55083,35634,1153.8989007390724,133815426
U55085,36776,1263.3820664280408,145286777
U55087,160971,1172.947089426231,136122338
U55089,82317,1101.7521800244956,121624796
U55091,7213,1439.7387269862652,159479419
U55093,36804,1486.2019406791744,163154861
U55095,41319,1488.3439982549883,163375103
U55097,67182,1254.9070623829293,144288388
U55099,15822,1326.759282750286,148754341
U55101,188831,1104.0103728580211,122644876
U55103,17924,1337.830446876485,149504290
U55105,152307,1239.3967496352234,142999448
U55107,15347,1385.7441698650623,153998286
U55109,63155,1487.326016885499,163191665
U55111,55225,1297.6439454172453,147185849
U55113,16196,1389.2613665225592,154611375
U55115,40664,1196.3041455696364,139353746
U55117,112646,1116.9768745380354,125660060
U55119,19680,1335.2002629315925,149319276
U55121,27010,1403.336507961549,155367514
U55123,28056,1365.6296424556715,151502925
U55125,21033,1264.6846519739486,145331529
U55127,93759,1196.4353148699593,139394410
U55129,16036,1439.6302440565573,159463383
U55131,117493,1160.6268012535243,134961159
U55133,360767,1171.513825829796,135725405
U55135,51731,1212.7562710142738,141488772
U55137,23154,1235.5145319206933,142900977
U55139,156763,1190.0153681254385,138752496
U55141,75555,1297.848736489053,147241074
U56001,32014,2602.496229194099,237324963
U56003,11461,2713.1291891952637,242401250
U56005,33698,2527.11770358593,233289322
U56007,15639,2698.315811266491,242121029
U56009,12052,2550.3719040189035,234362525
U56011,5887,2443.8659914084506,231623719
U56013,35804,2794.035127300814,244058742
U56015,12538,2480.87878312791,232106814
U56017,4882,2764.622048769786,243225341
U56019,7075,2612.3917942882276,237988539
U56021,81607,2528.611269709932,233337825
U56023,14573,2981.247522165582,251363422
U56025,66533,2650.2259188657863,239914556
U56027,2407,2465.6742926613942,231970367
U56029,25786,2838.7049177478416,244664409
U56031,8807,2528.354093245725,233329018
U56033,26560,2621.6875973141546,238459177
U56035,5920,2905.345219597129,246927757
U56037,37613,2854.849529901163,244825557
U56039,18251,2926.0164737101754,248963292
U56041,19742,3001.2158489256517,251613802
U56043,8289,2700.817023961236,242136668
U56045,6644,2457.1679296096727,231960227