uid,population,distance,radiusPopulation
C1001,242875,3930.176393869702,406814003
C1002,24371,3827.873467204633,406738908
C1003,19370,3669.387364397389,406619385
C1004,22162,3555.7196993389107,406556757
C1005,40466,3653.5703687956616,406578919
C1006,36208,3717.466567794083,406668237
C1007,37335,3952.732546396563,407056878
C1008,42188,3901.333399185437,406763279
C1009,20091,3806.2515313273652,406718817
C1010,27864,3991.950573580962,407104408
C1101,19180,3247.8075032525894,406285383
C1102,71619,3197.3435981395364,406166799
C1103,44495,3142.8089877982875,405687832
C1201,16231,3016.8260980985638,405135785
C1202,26843,2981.9297384228616,404935438
C1203,19548,2982.5827655669864,404962281
C1204,11723,3049.601990968855,405242307
C1205,21773,3026.6621131807688,405164738
C1206,47591,3087.917153780285,405339645
C1207,58866,3079.5164683262337,405280779
C1208,40513,3134.8038828525655,405647319
C1209,359183,3189.5113276932334,405807616
C1210,49307,3180.5362452535883,405758309
C1211,32605,3121.5381956416586,405596169
C1212,46965,3233.6777725622906,406238418
C1213,9827,3297.624446740138,406363687
C1214,19578,3292.49391400839,406304563
C1215,19937,3359.0237964295084,406398659
C1216,10225,3389.5441397055024,406418596
C1217,109330,3427.0955813106884,406442611
C1218,7962,3408.5218958906735,406431213
C1301,76407,2966.239440895922,404792223
C1302,27366,2892.264660571844,404536347
C1303,25776,2949.269871914958,404751179
C1304,11862,2975.3119636090137,404868630
C1305,64208,2990.1859215058334,405020760
C1306,26749,3069.4753272216735,405254030
C1307,124688,3090.923713512376,405387236
C1308,31383,3036.101035215181,405192657
C1309,50817,2995.625603719789,405084968
C1310,87212,2900.178413120214,404583633
C1311,27184,2866.877236865059,404425547
C1312,21172,2881.2910578636047,404515175
C1313,35611,2818.125814613342,404278660
C1314,36134,2948.080030736651,404715045
C1315,82929,3117.4475438646873,405513240
C2401,12824,3302.9933090388704,406373514
C2402,19298,3164.838431189076,405739011
C2403,18545,3127.4479720476174,405628774
C2404,12722,3021.227657569409,405152016
C2405,18267,3041.668804049467,405224040
C2406,15268,2954.921816916343,404776955
C2407,19920,2893.8796628489063,404563713
C2408,22507,2908.3707450622323,404670845
C2409,19326,2860.419829619427,404406221
C2410,52289,2822.099412735567,404314271
C2411,9848,2780.471019461115,404187317
C2412,31826,2740.2235276846486,403923467
C2413,22420,2780.0625138589567,404164897
C2414,22494,2709.9359365418263,403761878
C2415,16624,2705.1516203979254,403440113
C2416,13166,2662.6677105756903,402793734
C2417,19368,2664.0301614573646,402872181
C2418,23438,2646.0390464708794,402556212
C2419,29570,2628.91553634493,402151794
C2420,6779,2619.6879794796123,401845445
C2421,20984,2602.8814807423437,401465042
C2422,26459,2570.95185995977,399756972
C2423,509950,2591.053286825596,400727943
C2424,51855,2599.3249579500202,401413187
C2425,78808,2585.783016841653,400426109
C2426,25850,2604.9271830733715,401486026
C2427,18771,2609.6175644975224,401530982
C2428,17745,2643.354109540181,402538467
C2429,47873,2623.16826262654,401881691
C2430,21830,2593.64381896153,401292648
C2431,43247,2578.4496129908425,399835367
C2432,24021,2548.8354490768834,397014073
C2433,26851,2535.499486565843,396070903
C2434,44955,2540.3181412969197,396244877
C2435,12809,2444.4824698562547,387285088
C2436,64841,2468.9185350114303,388631333
C2437,138355,2496.4694981601897,391469025
C2438,19088,2491.719806346161,391199845
C2439,64089,2514.2599834940274,394053306
C2440,14535,2517.7303982172925,394240890
C2441,21394,2554.132570047548,397926908
C2442,28176,2498.747088682255,391855537
C2443,141212,2504.0753755501532,392786247
C2444,16595,2517.0228820759494,394186306
C2445,41871,2487.3112993216237,391051639
C2446,46165,2439.7157853547783,386942194
C2447,79175,2449.643370987605,387558381
C2448,15167,2469.278122013207,388696174
C2449,87808,2475.1050730914367,388994654
C2450,23496,2473.9876426159817,388892899
C2451,23401,2453.486281173976,387754241
C2452,38347,2425.4433316453656,386133036
C2453,50066,2440.623251661295,387015103
C2454,78917,2441.2453982796046,387066717
C2455,29980,2425.9051199606347,386195964
C2456,100753,2411.8580879174106,382630243
C2457,119993,2417.6176410681196,383659051
C2458,311838,2500.4989769074923,392025996
C2459,100263,2406.0708363998842,382194523
C2460,103977,2404.463584531764,382085549
C2461,54167,2408.620906391222,382479605
C2462,43177,2382.8827370564672,380188655
C2463,38740,2388.6064815916484,380390951
C2464,110087,2389.0808344108464,380429691
C2465,343005,2375.297436917608,379369598
C2466,1812723,2370.20497523883,376756791
C2467,138172,2380.052043414654,379966787
C2468,22820,2380.813611884758,380149763
C2469,21851,2335.4807083395804,368693679
C2470,59137,2356.3367788235646,373339385
C2471,102100,2332.059781624002,368341586
C2472,81417,2363.464959669844,376150657
C2473,130514,2371.7332785925305,378760972
C2474,27330,2357.8282160313215,374669616
C2475,90419,2360.2356913839108,375059215
C2476,28931,2329.205041829778,366832586
C2477,30866,2350.6746612375173,370780659
C2478,38433,2330.673348727043,368195270
C2479,33456,2298.543708719684,352817108
C2480,20367,2283.652161897181,349528873
C2481,226696,2224.105988852066,339078087
C2482,35188,2215.9531062298374,337404653
C2483,18730,2221.0090098923547,338543831
C2484,14565,2194.8438767627244,332748424
C2485,17504,2038.4624866827376,269430694
C2486,39621,2084.26090709744,296107622
C2487,21984,2107.6832256086445,309874599
C2488,24613,2171.530097921778,324784537
C2489,42375,2251.6540032890384,342520021
C2490,15862,2440.390097576611,386999241
C2491,32839,2485.866839827255,390795515
C2492,26900,2576.1274293031506,399808467
C2493,51760,2597.5824229682294,401361427
C2494,166780,2676.9379550601298,403131207
C2495,12894,2780.0091550895054,404152003
C2496,33620,2873.262023388661,404481555
C2497,38931,2984.5139732635994,404981829
C2498,12321,3348.0309198430355,406386338
C2499,38575,2662.764768364649,402806900
C3501,109522,2274.335924793842,345388597
C3502,76446,2268.970094976153,345005780
C3506,774072,2208.3063123728007,334651556
C3507,96606,2187.3614618898523,330496721
C3509,62495,2162.434149687203,322991094
C3510,138606,2136.6411054580035,316496860
C3511,39461,2092.0530761036566,303371295
C3512,125915,2053.3348447893945,276804384
C3513,24901,2070.838657345971,285613358
C3514,77497,2001.6749073272892,256638855
C3515,125856,2009.2723337718808,260377279
C3516,69179,1954.9817668707126,245907389
C3518,506901,1937.6984416542366,236207856
C3519,729254,1896.6472684690111,225322714
C3520,2481494,1903.1150097847853,227150842
C3521,988948,1864.3877514777041,217355349
C3522,51013,1842.5791826060904,209797470
C3523,187313,1818.010257609113,206551634
C3524,375229,1853.028213465267,213782103
C3525,490268,1848.2267885794693,212426618
C3526,410574,1889.3964431222485,224093814
C3528,104670,1795.1685777318032,199464937
C3529,118485,1805.5661397200206,205034409
C3530,438515,1801.3551432014815,202449476
C3531,73675,1759.1364863973574,191573943
C3532,99270,1778.8721642339494,196178140
C3534,81553,1746.4354377586897,190569284
C3536,107709,1650.5799814692857,176283644
C3537,374975,1591.2683841405078,153574011
C3538,126971,1671.1406845991523,179286938
C3539,403185,1716.8842186135523,186097541
C3540,59701,1714.3651827983945,185959286
C3541,63892,1769.570302149273,193749066
C3542,89073,1820.3363960305107,206912176
C3543,377050,1881.9081876449645,221649989
C3544,53106,1940.6398874073018,237285647
C3546,15085,2000.0344161447192,256529980
C3547,95138,2117.6777301027837,311593091
C3548,82910,2001.9609583177767,256716352
C3549,39665,1921.4938532637086,231981655
C3551,12679,1752.3421450532546,190854141
C3552,22894,1859.3152648168714,216780066
C3553,155268,1869.0597146002756,219349877
C3554,34442,1977.5193053486198,251192756
C3556,85247,1965.7350957353192,247570992
C3557,118567,1676.535150764796,180651204
C3558,150860,1623.3740340779389,162970913
C3559,22109,1366.079756246619,107683839
C3560,61802,2016.6963966968508,262659272
C4601,16432,1355.3796115301122,105960299
C4602,50869,1303.722628969653,97940551
C4603,42184,1271.705468541891,92649974
C4604,9942,1247.2590566187305,88980817
C4605,13848,1247.9804979616051,89979563
C4606,10110,1301.6078186951097,97767529
C4607,57148,1303.7258512132178,97991420
C4608,14603,1346.6879106067472,105208285
C4609,23322,1341.680677821603,103500257
C4610,9464,1320.5099740426353,101620805
C4611,621451,1342.2407960105554,103562426
C4612,19251,1361.4277412568629,106303706
C4613,42183,1389.9910380490842,113943755
C4614,17589,1375.9152702154474,110013923
C4615,21914,1373.4880139202585,109784457
C4616,10341,1447.696401514603,125682677
C4617,22899,1451.6062928280369,125770819
C4618,22593,1451.2983857277786,125748226
C4619,15805,1547.9389959871794,141279227
C4620,11013,1551.5803070726893,141798406
C4621,22556,1773.1056209090264,194289997
C4622,35077,1875.159313844828,219905612
C4623,8989,2176.304622038718,328154628
C4701,30238,1282.0865545326083,95923754
C4702,21635,1316.1911453254836,99687820
C4703,14839,1367.9578065382354,107819714
C4704,11714,1490.201478315132,132775484
C4705,32492,1392.6770735512564,114187849
C4706,219250,1427.7808276465491,122683721
C4707,46982,1458.3188114869358,128161960
C4708,30720,1556.014716876546,148451739
C4709,36895,1524.9536429340703,136770040
C4710,19365,1528.3556585814938,137367658
C4711,237629,1581.313351273475,152639308
C4712,23697,1629.996210264156,174225323
C4713,24054,1684.8747105195187,182470744
C4714,39476,1675.1023119213814,180584679
C4715,80668,1728.5461441482707,187814542
C4716,37663,1754.790022096451,191305963
C4717,39587,1861.065799510338,217000209
C4718,32029,2101.5933496700245,308672980
C4801,67402,1550.441764436221,141689946
C4802,133913,1592.5622716592582,154764103
C4803,37580,1629.2135951520374,173510641
C4804,11300,1664.850048895205,177308807
C4805,47606,1753.8552288376757,191084005
C4806,1021060,1783.9047377811626,196887528
C4807,40407,1822.1431173565834,207079541
C4808,153049,1877.7162414575873,220613470
C4809,19573,1959.2770420494237,246286909
C4810,83061,1891.297496412741,224639942
C4811,975477,1980.0825857994066,251428124
C4812,58362,2017.4059954879178,262757463
C4813,63954,2072.2146729270844,287860801
C4814,26871,2111.983661874356,310946036
C4815,34068,1848.7247460564336,212974986
C4816,42971,2434.3132771052265,386628635
C4817,57508,2477.46876078472,389343716
C4818,14346,2266.954748426331,344904619
C4819,86299,2359.09175236017,374722678
C5901,56291,1794.4150073434819,199146938
C5903,57019,1871.751624950033,219598254
C5905,31843,1892.508311386084,224787438
C5907,76635,2002.3625192588095,256863147
C5909,237550,2111.800806407523,310708486
C5915,1986965,2174.253500773031,325157714
C5917,325754,2191.344560810499,331042467
C5919,71998,2213.556157885011,335738146
C5921,127016,2256.1780784801726,343006077
C5923,30345,2325.462304575424,366544259
C5925,96131,2314.930714243209,361977812
C5927,19765,2307.1198767933706,355587287
C5929,25599,2243.7298774258916,341024864
C5931,33011,2219.8271083898453,338506505
C5933,119222,2080.9573217494913,294274388
C5935,147739,1994.4286278395728,255719396
C5937,73227,1974.988974068964,250272156
C5939,48219,2019.9670385379604,264193361
C5941,65659,2372.200295658221,378893522
C5943,13111,2574.304016895,399795356
C5945,3781,2561.2390680722924,398765513
C5947,21693,2934.9646620998806,404693352
C5949,40876,2980.363444757359,404894562
C5951,40856,2639.972820664474,402491642
C5953,95317,2374.516196329808,379234294
C5955,55080,2630.5753126352192,402282107
C5957,1316,3099.8521312846196,405511924
C5959,5720,2822.976101319682,404366560
C6001,28674,3681.7194003724994,406638755
C6106,28824,2868.8269090043964,404452731
C6107,8536,3922.434808382452,406805467
C6204,14372,3758.7494983909587,406704445
C6205,7557,2811.59413281236,404271103
C6208,4816,3433.30907100321,406551941
M01001,643419,1804.8335562256282,204390990
M01002,37763,1763.4785670788472,192398457
M01003,51291,1812.2166180623246,206306831
M01004,12619,1750.8153955006585,190807919
M01005,64097,1795.9531267979066,199660264
M01006,34296,1775.1534984129162,194521928
M01007,41655,1766.0540892882427,192738054
M01008,7244,1776.061913521409,194630364
M01009,16508,1765.6811150204162,192686419
M01010,15327,1798.1952983048964,201634014
M01011,20066,1782.6100360741896,196819865
M02001,370730,1563.4757969802597,149432311
M02002,764602,1462.041874405964,128691579
M02003,77795,1563.9223513069594,149852170
M02004,1210820,1599.4542481287494,155534173
M02005,63420,1610.3583639598576,162086209
M03001,63864,1777.4900758722897,194944683
M03002,45989,1604.673535137774,158513225
M03003,196907,1793.0279614651618,198819541
M03008,105469,1873.0311971138494,219666572
M03009,11812,1668.3953702980712,177779848
M04001,46899,2219.120608551853,338444438
M04002,216897,2252.0919192305037,342584683
M04003,172076,2325.0213781019283,366372183
M04004,70554,2294.0398263740744,351323088
M04005,24889,2235.3213365865176,340485709
M04006,31214,2291.7766578828705,351251725
M04007,8401,2356.4510848038403,373399644
M04008,8400,2245.1862935092195,341204598
M04009,50563,2370.3501535418345,378569514
M04010,23115,2436.6485533051473,386782522
M04011,37681,2401.8927134699397,381909458
M05001,1126,1210.507257619186,84735278
M05002,110487,971.1635701079803,42613466
M05003,20943,1079.1871160674943,60139771
M05004,19374,1402.0038279033893,115621996
M05005,1677,1246.827530558097,88905874
M05006,22530,1254.7638662363245,91062339
M05007,12154,1236.8553167678203,87735181
M05008,2784,1204.5756044328405,84399213
M05009,46452,1385.9216188490918,113194018
M05010,66579,1239.0084083850052,87829106
M05011,11316,1411.3319545120216,118118192
M05012,2050,1084.038399666049,60433202
M05013,1441,1143.891122314597,66697421
M05014,9724,998.7615898052375,47926345
M05015,1610,1161.3812359344138,70500944
M05016,1781,1227.503728722103,87125679
M05017,92029,1412.35641077945,118203493
M05018,193744,1241.6957809070473,88041547
M05019,7263,1072.5499448418889,59669067
M05020,62773,1133.7373582263715,66206704
M05021,5946,1228.3833464142785,87166569
M05022,23019,1071.0131563955526,59525636
M05023,12053,1204.1085480111842,84290197
M05024,43339,1409.093403134898,116460352
M05025,128130,1040.1522494714968,57496245
M05026,3608,1181.594262449513,72059231
M05027,39853,1391.632941893532,114132549
M05028,52379,1135.2390254856246,66274152
M05029,2006,1232.05187994511,87471197
M05030,578046,1403.5111258737306,115641370
M05031,20046,1224.735124132401,87078490
M05032,40138,1127.0117670902716,65101409
M05033,88343,1383.2733526306686,112967713
M05034,6023,1228.397326447091,87172515
M05035,529512,1414.0051548399413,118954087
M05036,18969,1427.1618823082333,122664752
M05037,6159,1093.2556351828437,61174424
M05038,12664,1063.2572710398724,58899571
M06001,28574,2149.007342961076,320130457
M06002,129958,2111.7448337189976,310578528
M06003,19384,2103.6185815936856,309155704
M06004,18756,2117.8822380056004,311693665
M06005,26771,2100.7589917589066,308563482
M06006,5478,2138.9367198503937,317405278
M06007,125143,2141.293452346015,318023602
M06008,8466,2100.4570749876225,308065360
M06009,99289,2150.606502032053,320274481
M06010,80808,2109.232141144571,310217087
M07001,14189,2647.2477298831545,402591291
M07002,24754,2513.359588988235,394028552
M07003,25154,2652.9869434371517,402640217
M07004,21948,2518.5152655862066,394260938
M07005,18778,2425.8883022166324,386177186
M07006,26094,2654.053146514604,402665371
M07007,6559,2527.850103120789,395782846
M07008,21848,2588.9672215482055,400691659
M07009,37989,2517.210843799057,394202901
M07010,6673,2650.54382622215,402633544
M07011,18205,2634.1117124622206,402440980
M07012,28719,2473.682439655396,388864180
M07013,22722,2463.996483431298,388202529
M07014,14993,2462.1056234886973,388042320
M07015,39033,2699.933895363078,403377001
M07016,15709,2414.920682992612,383624706
M07017,64013,2472.240496964937,388793068
M07018,7217,2441.4975306672986,387145634
M07019,105210,2566.7127122086745,398896098
M07020,39770,2563.8238162960342,398769294
M07021,19298,2443.9095739876557,387259843
M07022,12256,2475.9572148946504,389283260
M07023,59005,2492.2473378979234,391313505
M07024,7568,2519.648594693198,394282886
M07025,6965,2420.116876137523,385205523
M07026,27331,2482.9178442573216,390278396
M07027,60620,2491.030035213072,391109488
M07028,5242,2514.5905721694176,394117395
M07029,4345,2460.7417474082486,388036663
M07030,24994,2616.0838839581966,401554839
M07031,77686,2471.854966710215,388715382
M07032,28064,2649.85269903247,402605480
M07033,5236,2420.263830970478,385212488
M07034,52168,2629.437745685528,402181364
M07035,10917,2722.2168166446927,403825446
M07036,5969,2642.7863622604764,402532498
M07037,31464,2690.1901025339835,403331603
M07038,18630,2507.858435058139,393187230
M07039,20041,2451.4959424645294,387679344
M07040,48476,2674.8578182286033,403059551
M07041,32245,2570.2007062619737,399724727
M07042,8877,2428.6433876314086,386368688
M07043,9143,2411.391131608431,382616009
M07044,18533,2484.064353696469,390769572
M07045,4707,2407.2146443032307,382322256
M07046,34937,2477.2374870032218,389308779
M07047,13076,2457.191088199329,387821804
M07048,19956,2389.7848972438824,380576488
M07049,16538,2481.270189695878,390239363
M07050,5288,2428.8644513720824,386421758
M07051,39055,2629.982053520982,402233532
M07052,87034,2564.8602816497764,398809064
M07053,7180,2656.8645354867563,402691465
M07054,24079,2704.868734815,403416034
M07055,4794,2715.464999378997,403784372
M07056,7602,2486.1567993694885,390828354
M07057,59875,2657.426888167204,402698645
M07058,3135,2532.7620232782674,395845730
M07059,146696,2498.4561351945267,391627098
M07060,9271,2431.3474273103498,386442663
M07061,65673,2474.6114336546643,388928160
M07062,17026,2406.865790279445,382305230
M07063,3132,2463.7566334541793,388194089
M07064,37887,2503.2554007055755,392735984
M07065,85464,2438.738346805749,386844781
M07066,16262,2475.9464985314216,389266998
M07067,8566,2438.6133275144516,386836215
M07068,29357,2402.3342288065705,381956676
M07069,46949,2594.7079553365816,401314478
M07070,11641,2646.6886881677565,402579650
M07071,26706,2663.597455122254,402845475
M07072,24405,2446.2240954056156,387368765
M07073,6870,2438.373393056512,386829345
M07074,34809,2363.6136982666703,376232074
M07075,21100,2547.366855309413,396992973
M07076,21156,2443.8785307947683,387238687
M07077,49300,2422.065926806866,385510609
M07078,132421,2499.2271194138593,391883713
M07079,26436,2467.8416354123506,388506080
M07080,32457,2634.5975234225575,402459185
M07081,31615,2453.962820629058,387777642
M07082,7987,2479.161576873711,389433753
M07083,15171,2560.6995515341264,398750342
M07084,7784,2413.5795901365254,382742469
M07085,7767,2474.1184198662127,388916395
M07086,15890,2497.0266840723566,391607380
M07087,30251,2733.416852900857,403875981
M07088,1936,2400.7140409248445,381893144
M07089,271674,2705.6796145209983,403490204
M07090,3639,2436.7322885566923,386805637
M07091,10349,2433.126929034387,386618286
M07092,38383,2436.4312089066175,386744139
M07093,33161,2494.752134627177,391412921
M07094,26996,2525.3322192961336,394290454
M07096,58153,2446.098184644007,387310612
M07097,78438,2536.880969463798,396097754
M07098,5513,2518.3836502382483,394255425
M07099,59686,2583.507651780832,400351436
M07100,26866,2452.0164373301754,387699385
M07101,434143,2483.1047968121984,390305727
M07102,33467,2705.208875649786,403456737
M07103,23180,2675.421866013569,403108027
M07104,11925,2571.45736599526,399783431
M07105,13934,2694.7366808742267,403363067
M07106,52833,2543.964006054012,396940140
M07107,68685,2539.5236429402244,396176192
M07108,85957,2534.3936134521527,395899513
M07109,26044,2462.9249103542074,388123864
M07110,5673,2510.090189118829,394022879
M07111,29754,2494.189892913481,391383167
M07112,20688,2491.1772924506586,391179157
M07113,3635,2478.443925316767,389430118
M07114,14436,2589.997826374893,400713507
M07115,10526,2606.592979563275,401520456
M07116,8580,2604.992952935047,401511876
M07117,5086,2611.165524122411,401549753
M07118,3423,2452.18186633091,387726251
M07119,2174,2475.263318555886,389082462
M08001,11901,981.4934198154,46595486
M08002,19378,1130.8831932970238,65306192
M08003,8561,1310.1549632717636,99057479
M08004,5327,1154.9607540232776,68613523
M08005,21939,1019.3507375761523,52091814
M08006,6403,1195.650919200582,82529214
M08007,16770,1340.8325532065223,103409976
M08008,12545,1389.6108939816922,113900777
M08009,27907,1302.217973896611,97815225
M08010,20056,1103.3406136904546,62504515
M08011,45852,1224.346014825723,86352370
M08012,7760,1271.0423477537695,92618826
M08013,10004,1080.1059115038381,60160714
M08014,2205,1324.4756944105204,101755001
M08015,1708,1036.4476210911992,56687365
M08016,3777,1206.4701050493502,84481853
M08017,124378,1214.0900483864286,85019432
M08018,5784,1229.1650838963305,87376378
M08019,671790,1158.5765023043996,69689473
M08020,6768,1390.5582805623462,114120349
M08021,116426,1181.1340000081284,71942312
M08022,3853,1222.8614498644463,86313189
M08023,3876,1085.8432406304153,60468828
M08024,4759,1199.5011148008925,82821141
M08025,8867,1162.8515059836395,70589722
M08026,3875,1214.7360010910925,85227090
M08027,40615,1382.3584533755534,112589741
M08028,10032,887.9049587074502,35123821
M08029,48355,1452.429333429374,125881683
M08030,8066,1389.6161302209143,113913322
M08031,39109,1228.0759266173495,87127460
M08032,100821,1319.4396693006663,101221503
M08033,1169,1324.2357397505634,101753832
M08034,7832,1137.3057232366414,66362630
M08035,10214,1048.6877183020304,57844560
M08036,38323,1275.893243456592,92990331
M08037,1218817,875.699984117373,33115543
M08038,5165,1155.83454053863,68642589
M08039,4080,1292.6213474920394,96484199
M08040,34056,1199.5052527113824,82825900
M08041,1795,1319.3191652697424,101219708
M08042,1746,1036.8589945098036,56989363
M08043,3221,1212.5878714286127,84787445
M08044,4429,1334.608185848038,103187020
M08045,40018,1173.7750199094667,71143664
M08046,9482,1422.532729174751,120362692
M08047,5219,1317.4167103039067,99787478
M08048,23643,1156.4934097236173,68726623
M08049,2946,1302.665219182244,97874472
M08050,54390,1074.6614682117863,59777163
M08051,7276,1305.2758357444561,98448156
M08052,24307,1002.8763163341483,48547770
M08053,8905,884.720210645364,35002319
M08054,10020,1184.4339859666204,75392253
M08055,14969,1184.6995472661943,75416638
M08056,2575,1301.2701524593742,97754930
M08057,2331,1256.9217432035136,91648163
M08058,2843,1239.8667452765178,87900966
M08059,6054,1333.2266085215879,103085934
M08060,11597,1338.2846764429605,103291484
M08061,4962,1228.8476571694118,87350603
M08062,30644,1191.813383645372,76672170
M08063,6989,1205.8313386168873,84454211
M08064,2177,1327.5451072176058,102032442
M08065,17655,1378.9491337089157,112417304
M08066,8282,1329.1118165730418,102377436
M08067,5309,1269.531764301567,92568863
M09002,441008,2070.622553112192,285148088
M09003,640423,2085.509884981571,298174766
M09004,151222,2081.9593352726524,295637629
M09005,1235542,2071.193549304529,286510116
M09006,411321,2080.9473499744963,293863067
M09007,1773343,2085.0818823515506,296351664
M09008,222050,2086.9965196648423,299078922
M09009,96773,2104.03589696999,309233017
M09010,687020,2079.6923994426083,292011270
M09011,302790,2091.3812636856755,302227242
M09012,581781,2089.695710595747,301187525
M09013,369787,2093.9950778130014,305778025
M09014,360478,2079.7994937148505,292757938
M09015,516255,2075.306804858909,288509247
M09016,352640,2079.0138674250725,291623763
M09017,462806,2078.4555451436872,291145772
M10001,31291,1551.8017665266968,141818194
M10002,4298,1538.6759589173707,138995560
M10003,4554,1502.6337326336181,133691780
M10004,32805,1492.300192860303,132858838
M10005,491436,1603.9718718680442,158017252
M10006,10644,1504.3780833631786,133757737
M10007,273315,1413.147697494292,118527307
M10008,32011,1546.584709362403,141132971
M10009,10794,1434.1233535329247,123455090
M10010,4619,1369.4841691754987,107889654
M10011,6011,1414.3539881003628,119543531
M10012,112435,1416.3397459942728,119783726
M10013,22367,1389.8939493536852,113921388
M10014,27512,1658.1483583429367,176945470
M10015,12467,1461.2382241987486,128629125
M10016,18039,1614.6613241296961,162408427
M10017,10156,1366.298409130494,107725092
M10018,12247,1414.2830557309578,119531284
M10019,5093,1565.8776351098152,150133905
M10020,12853,1555.5016227154144,148416352
M10021,10490,1507.2284378581833,133856903
M10022,24331,1596.593160785488,154978983
M10023,45217,1646.8422295799935,175751518
M10024,12497,1476.0241167938036,131397503
M10025,4147,1413.889148313532,118949940
M10026,21907,1627.428023647367,163556429
M10027,6548,1504.970477029425,133824144
M10028,12290,1517.4908378631062,135550290
M10029,2070,1443.9898502000408,125106897
M10030,1876,1428.2052618731427,122929728
M10031,6969,1530.0333655136767,137549068
M10032,43517,1512.4939895599357,135117851
M10033,7331,1632.9944640137476,174404207
M10034,27144,1569.0178409067448,151608518
M10035,12937,1489.2598165753502,132673032
M10036,19918,1351.9180273778486,105902437
M10037,8727,1530.433270883275,137569985
M10038,19813,1622.206841149813,162947334
M10039,25985,1520.0761649764238,135901967
M11001,79093,1959.0458626827485,246207816
M11002,110718,2004.1309781421896,257412788
M11003,134880,1905.942153411809,230099047
M11004,56817,1957.1083334409977,246079829
M11005,68738,1946.917970176559,239962580
M11006,5198,1869.3043271216072,219505145
M11007,382958,1948.9327240287143,241840082
M11008,38309,1930.2482549709348,234446562
M11009,67642,1928.2188274608234,234150764
M11010,10347,1985.982597608484,254166707
M11011,81359,1954.163536997748,245762119
M11012,25610,1940.2223114470362,237188640
M11013,19943,1881.1021350067772,221194887
M11014,128994,1879.2473294164943,220850144
M11015,141196,1895.1941937809609,225110308
M11016,19693,1968.2232865006176,248135046
M11017,440134,1933.6453828136098,235078123
M11018,31803,1966.4734158660701,247924855
M11019,55311,1991.2463341105617,255167745
M11020,1134842,1885.3716731921654,222320171
M11021,47132,1993.79030438133,255482005
M11022,20984,1825.879728966679,207292347
M11023,144426,1962.0792638453129,246469838
M11024,10398,1950.091647636821,243254663
M11025,44778,1896.2864375950314,225277936
M11026,51825,1912.4082785006265,231027846
M11027,226654,1944.8149107887875,239482615
M11028,94558,1983.875903230591,253021954
M11029,34088,1844.7828762849283,211946444
M11030,95359,1843.6005696992404,210045154
M11031,100239,1897.5262953598537,226153617
M11032,54661,1896.9448820363039,226074227
M11033,96729,1863.429320039708,217188447
M11034,4533,1882.051608412522,222027039
M11035,65479,1936.3463282282723,236080762
M11036,7151,1988.6139825522457,254875475
M11037,134337,1903.9385323107078,229807643
M11038,11583,2007.5177272123365,260082889
M11039,37418,1975.6451062226738,250973229
M11040,14515,1886.100314155264,223882228
M11041,52931,1992.7491603134563,255261265
M11042,130821,1964.5402951223004,246793556
M11043,17764,1873.5932104861454,219778390
M11044,45941,1950.8366983725723,243428311
M11045,11323,1864.338838082717,217344026
M11046,73820,1984.4929485725404,253209901
M12001,722499,2357.0652761908723,373928353
M12002,19388,2268.7081493744654,344981064
M12003,41266,2213.0455689236574,335696880
M12004,15828,2301.172046957253,353091111
M12005,6062,2277.0005914364874,346363412
M12006,13146,2217.033844799755,338315305
M12007,32818,2195.481287822669,332886949
M12008,8504,2224.2165197227378,339304783
M12009,5080,2316.3452036479953,362392090
M12010,21407,2285.5452172595124,349600217
M12011,61736,2318.252256248906,362651834
M12012,55350,2350.6960260694873,370811525
M12013,32400,2380.2021699704533,380115151
M12014,15448,2326.3051604990274,366597834
M12015,12619,2182.895013750345,330253445
M12016,15372,2197.096771052201,333139350
M12017,15666,2205.8663339682294,334534849
M12018,13060,2391.3710297783564,380628412
M12019,12730,2232.4803335689144,340333416
M12020,15753,2298.41752783642,352801355
M12021,69059,2341.357995710464,368864973
M12022,46172,2193.802999787526,331937391
M12023,25641,2410.922468207165,382590368
M12024,6575,2267.9498058313443,344969510
M12025,15156,2375.277170942974,379354442
M12026,9869,2216.906976644003,338305436
M12027,26166,2178.4379999751395,328682902
M12028,102853,2279.802593825323,346502282
M12029,192947,2283.1582575316083,349333790
M12030,19061,2377.432253171468,379901799
M12031,7687,2184.4405865784192,330313694
M12032,35625,2254.6139633457083,342815015
M12033,14291,2262.1822942989497,344201651
M12034,35668,2200.350721947895,333812515
M12035,123960,2194.951186082141,332762989
M12036,10192,2380.053148625687,380104959
M12037,7119,2176.055077059367,328142414
M12038,95548,2270.9937612284357,345186506
M12039,21994,2325.8938971036205,366575840
M12040,22906,2270.4958714272952,345162144
M12041,34925,2322.917118242387,366318080
M12042,13801,2263.0342815324825,344686154
M12043,30039,2330.8046479629184,368233703
M12044,10133,2292.757676834828,351287193
M12045,22645,2263.071856738944,344699955
M12046,50356,2387.4696669091913,380273592
M12047,7852,2174.7687810279513,327725848
M12048,46328,2282.1368520067126,347851525
M12049,10851,2149.47290416658,320252064
M12050,34740,2190.0096298048074,330784578
M12051,32541,2299.927994705118,353047398
M12052,36813,2370.8491166626513,378708898
M12053,48782,2367.8266169590493,376673090
M12054,28986,2212.5960890916626,335667894
M12055,100245,2170.9882139759784,324646870
M12056,43128,2347.3458704937893,370704403
M12057,60313,2316.7586654370657,362414345
M12058,53950,2190.874400297832,330981307
M12059,30838,2201.709565675858,333919204
M12060,13318,2160.523589236137,322816447
M12061,33620,2282.1322831979514,347817905
M12062,15696,2374.4715920963345,379218598
M12063,9195,2320.5572692153387,362743889
M12064,12942,2184.739594933548,330321381
M12065,6699,2289.1526834066763,350639349
M12066,57346,2290.270141879448,350649968
M12067,22677,2203.280363713021,334465707
M12068,27619,2234.2379352183207,340383581
M12069,11687,2298.379819965254,352789668
M12070,7863,2251.4100817252647,342511761
M12071,22781,2377.113657073919,379879018
M12072,10271,2302.2534776929137,354600032
M12073,23563,2177.1470977552503,328175353
M12074,17361,2269.585299046757,345084754
M12075,40064,2271.857667650144,345319979
M12076,25060,2312.274956817012,359373815
M13001,18619,2003.850471110299,257394169
M13002,36978,2004.9515019191092,257553317
M13003,46010,1985.4000394757522,253679613
M13004,8515,1982.1879149368822,252798097
M13005,14507,2003.7967062387224,257379662
M13006,17018,1966.8026883568505,247956658
M13007,10290,2053.1803459150688,276787898
M13008,39513,2051.8917556585875,275668635
M13009,14223,1990.84219758725,255114804
M13010,21636,2006.39021472065,257800287
M13011,18029,1908.3919700563704,230451621
M13012,25423,1985.8377791391154,253796046
M13013,24848,2012.047926038199,261565332
M13014,16381,1919.127539767287,231843720
M13015,16943,1945.7738238311638,239858255
M13016,45110,2017.4950140066626,262820250
M13017,11257,1980.1193158763115,252403601
M13018,20362,1886.9849189604195,223915899
M13019,15069,1976.2421313960806,251063838
M13020,3044,1933.4409357851148,235062123
M13021,12281,2057.0289429446734,278365224
M13022,11054,2015.9499698474172,262527417
M13023,28492,1986.8428269175438,254515281
M13024,15308,1995.9366871712102,256113197
M13025,23339,1907.5794247316655,230341789
M13026,11130,1910.6002820606247,230757060
M13027,25098,1973.1970420821935,249273318
M13028,108239,1893.935222653429,225002069
M13029,38044,1968.7397269608332,248464708
M13030,75833,1959.4620233723142,246338066
M13031,12895,1901.675708114362,227091383
M13032,10100,1893.4342681401588,224991969
M13033,3207,1929.379504492278,234345167
M13034,9867,1923.8000626510427,232352080
M13035,10200,1994.867452780224,255882050
M13036,8803,1958.8424444009577,246199013
M13037,20599,1950.6161140039692,243407712
M13038,7013,1993.101458844306,255368235
M13039,12885,2002.0338157021138,256821639
M13040,11051,1891.7511017943893,224750081
M13041,35065,1987.5470145314375,254754182
M13042,10769,1929.9540426658948,234398358
M13043,6838,1928.3427020182571,234321352
M13044,14762,1982.4727725360506,252806612
M13045,8022,1998.9378969724446,256413228
M13046,37685,1888.478896932604,224048718
M13047,5583,1895.8518062609953,225272353
M13048,245208,2003.3335048127215,257065456
M13049,16530,1882.1675485946678,222031572
M13050,19041,1986.2174631940138,254496240
M13051,42223,2009.2775441491312,260503135
M13052,24248,2002.851616646048,256980653
M13053,18650,1978.329478488432,251317669
M13054,28980,1983.0345134965712,252895636
M13055,13582,1972.6353201587142,249230469
M13056,26254,2016.4454826711844,262633018
M13057,13269,2022.6885331613694,264412074
M13058,16648,1951.1676942618824,243489195
M13059,30970,1951.2103827961016,243505843
M13060,17175,1984.9151748364382,253312473
M13061,49539,2042.5495297335228,272320450
M13062,25880,1903.6522884670119,229763136
M13063,67858,2022.816221387178,264425343
M13064,8498,1991.3002713919404,255223056
M13065,8935,2002.0769070164677,256834524
M13066,8982,2029.498117308921,267571438
M13067,38718,1991.2370623942795,255129027
M13068,13590,1937.3685678196955,236171089
M13069,46344,2032.4309935638119,268224227
M13070,13936,1998.2712919722444,256340054
M13071,10425,1912.7642504192797,231212910
M13072,9839,2038.341844867977,269420855
M13073,32265,1908.2445083833927,230419356
M13074,22641,2002.8766943163594,257004901
M13075,11317,2019.938905068744,264182044
M13076,86840,2006.1558164639089,257713447
M13077,122274,2010.843751258524,261352140
M13078,16977,1929.3549613865162,234328190
M13079,7519,1931.5272882400955,234810848
M13080,20727,1915.4954701261283,231305348
M13081,24933,1946.3865022416608,239937647
M13082,14888,2018.760794710261,263958406
M13083,24516,2026.9421646240085,265819643
M13084,37435,1930.0767644172558,234409127
M14001,19282,1932.2595036867294,234836544
M14002,20236,1979.9853384556884,251407888
M14003,20118,1954.6899323467794,245851839
M14004,5494,2025.3669412807244,265768050
M14005,12509,1936.3643304976615,236146241
M14006,56681,1972.5612142352425,249173788
M14007,8610,1944.3063771818256,238427935
M14008,76293,1935.3717910218727,235976871
M14009,14523,1942.245106751224,237351775
M14010,5958,2012.9000189580877,261934945
M14011,5394,2005.5978791443977,257697708
M14012,4318,1994.3783469393968,255715078
M14013,51798,1953.8805486047502,245699254
M14014,8697,2024.3313813295993,265486355
M14015,50846,2063.108032539827,282264623
M14016,35432,1954.8094667291703,245871957
M14017,13135,2023.3692923739409,264592428
M14018,59086,1984.4702567429135,253150815
M14019,5377,1827.2557135054515,207653347
M14020,9133,2020.9679960901544,264270233
M14021,21577,2082.7130592212006,295788851
M14022,32019,2124.878227882396,313059483
M14023,90509,2057.5618645709733,280546818
M14024,26460,1989.2849317344885,255040962
M14025,17557,1788.865944575283,198262749
M14026,5726,2024.6973279975725,265534226
M14027,16097,2098.1315390337722,307584347
M14028,2477,2016.28373065772,262630541
M14029,17554,1917.0364015421787,231585062
M14030,43444,1989.4208335735095,255067422
M14031,3926,1832.7649186225299,208551536
M14032,5536,2020.3613385952,264260884
M14033,21044,1962.5450712526456,246682482
M14034,2155,2044.9885113314187,273565401
M14035,46421,1843.6922347817492,210140513
M14036,17342,1949.2312453447782,242223040
M14037,22499,2056.868990104553,278312299
M14038,4769,1974.885126862734,250267387
M14039,1646319,1948.5949803733088,240144547
M14040,8659,1916.5257189873807,231479990
M14041,6273,1761.2883712335035,192161793
M14042,9047,1741.6045262127002,189958033
M14043,22827,2099.4656989075597,307889204
M14044,21605,1983.0007941808606,252874031
M14045,19503,1926.5398470522457,233597131
M14046,28110,1884.970627696293,222292061
M14047,21157,1984.4665155194816,253129658
M14048,19842,1945.339073634656,239838413
M14049,10280,2089.3020834953277,301055395
M14050,35713,1993.0063520031672,255332522
M14051,11792,1965.0091589830126,247254319
M14052,5831,2024.4259571875077,265528395
M14053,128118,1860.3483126754936,216822513
M14054,6026,2053.871312874554,277285497
M14055,18177,1932.0741319845804,234818367
M14056,2769,2064.422182275189,282610898
M14057,3813,2020.6318840741196,264266420
M14058,13873,1987.7495944289324,254789247
M14059,11004,2028.979889713138,266717663
M14060,6974,1877.1024640189935,220583079
M14061,14614,1765.2203068474378,192635697
M14062,3938,1990.516537715508,255110866
M14063,84200,1978.3112366749199,251233469
M14064,27230,1801.9168813193933,202887991
M14065,14115,2106.365028986681,309705382
M14066,40827,1976.5045156563726,251091559
M14067,184728,1986.9859688846507,254569454
M14068,12357,2072.737808532459,287924755
M14069,11528,2026.2933308927277,265802357
M14070,83453,1963.9927893044933,246710103
M14071,4348,1909.0679347675384,230734200
M14072,6384,1901.1233776436106,227084999
M14073,55305,1875.2839651520608,219973292
M14074,14760,1900.2952087966225,227046738
M14075,3497,1948.156387892285,240141050
M14076,3977,1844.095045784443,211925115
M14077,27286,1983.2250474649604,252924616
M14078,27666,1899.8174579494157,226311911
M14079,12705,2047.650826039106,275017543
M14080,6577,1963.1200373170577,246703526
M14081,4204,1782.063975683777,196815661
M14082,30995,2039.4432435083402,269580863
M14083,53616,1956.3766681447817,246026213
M14084,13797,2004.255816789974,257523506
M14085,41111,2058.0884274983487,280752492
M14086,15480,2034.6979806203638,269024212
M14087,18047,2081.5113615673536,295619582
M14088,16074,2010.538334507156,261328887
M14089,3204,2017.70173931218,262865360
M14090,7179,2010.713119170317,261344961
M14091,37999,1856.522021597901,216734696
M14092,11817,2013.272971217728,262033851
M14093,119197,1926.6180458743386,233616634
M14094,35502,1932.5048868643578,234855826
M14095,8361,1954.627919186532,245843478
M14096,19766,2002.3692672296052,256939782
M14097,123619,1972.3386188330162,249050169
M14098,474178,1952.361986908906,243802521
M14099,9277,2074.732415630723,288485365
M14100,34329,2060.666461438501,281084919
M14101,337149,1953.1530993630022,245324888
M14102,5928,2055.270134761916,278130253
M14103,7374,2091.185096295496,302219868
M14104,5089,1811.8340136995728,206301742
M14105,20034,1957.2900150559417,246136646
M14106,4024,2065.2310275938635,283362987
M14107,6109,2004.445967020647,257537303
M14108,33162,2072.9574808909383,288107750
M14109,15664,1886.041178327839,223866564
M14110,14054,2041.28216811247,271847133
M14111,5958,1903.8117660600276,229801685
M14112,5758,2026.3323097190637,265813885
M14113,13736,2056.710510217275,278298563
M14114,15936,1981.5103129820197,252767748
M14115,5938,1807.7972252259485,205370983
M14116,15381,1830.0710094784783,207919740
M14117,4407,1889.194124363473,224089407
M14118,23773,1887.5214837064384,224012082
M14119,25829,2000.9663562059498,256603725
M14120,1001021,1944.321408633211,238436545
M14121,28981,2065.613652242498,283367011
M14122,6533,2079.313671937127,291984858
M14123,15478,1967.0628753363505,247973676
M14124,53461,1951.3273081625593,243639882
M15001,58389,2014.6077218649227,262120884
M15002,61250,2055.4650185721043,278136181
M15003,38827,1998.6222627396496,256360866
M15004,15584,2135.558970058438,316400675
M15005,110591,2079.9870635177517,293118416
M15006,8873,2104.690912265232,309389769
M15007,21095,2091.984011094849,303285818
M15008,30141,2154.859803485695,321646314
M15009,45255,2113.3177419757726,311085896
M15010,23734,2016.282967217455,262606807
M15011,34435,2064.3124737312623,282576463
M15012,8172,2102.8082202888772,309060231
M15013,467886,2061.4902160537627,281146863
M15014,76750,2031.8614625579842,268016641
M15015,25950,2124.309694171547,312978445
M15016,20516,2047.4248837313419,273998079
M15017,5947,2113.1246215513593,311014315
M15018,35196,2103.7645296777737,309175088
M15019,28808,2101.154428028156,308639812
M15020,252555,2054.5717857720965,277688245
M15021,35068,2129.421264608335,315037098
M15022,10205,2100.89405298609,308590253
M15023,35358,2037.9749261268162,269363999
M15024,75836,2050.2144448582417,275390947
M15025,217972,2096.9921950929024,307234583
M15026,22828,2031.5455845635445,267993813
M15027,5735,2099.6084299290333,307912031
M15028,19620,2065.705893444495,283395992
M15029,77579,2080.267426152143,293635781
M15030,17972,2064.478731477368,282613667
M15031,490772,2077.3708851467086,289799160
M15032,28006,2085.3526143925674,298125007
M15033,1622697,2057.4408433737867,278924121
M15034,7916,2132.463810863299,315855676
M15035,38458,2031.4861729049924,267955355
M15036,33343,2024.4051334067183,265495052
M15037,193468,2083.0169847056404,295823890
M15038,8168,2060.800286005654,281119248
M15039,297570,2091.1429973215045,301922298
M15040,30529,2138.667344687237,317374749
M15041,6425,2090.2819801988817,301802881
M15042,115165,2057.7190160151163,280637327
M15043,19182,2102.606040444432,309027352
M15044,31629,2041.7729585290067,271978996
M15045,68336,2016.0750656409393,262538471
M15046,15086,2063.1203123821424,282315469
M15047,56614,2059.9600096269346,280860993
M15048,51979,2042.260681415098,272219205
M15049,10720,2116.6774399045885,311489610
M15050,18968,2115.438484747437,311423185
M15051,99870,2090.5551488677015,301822428
M15052,21712,2128.012975428411,313609108
M15053,37716,2046.3113242771522,273680677
M15054,194463,2093.798338666962,305364063
M15055,9225,2098.55437191823,307721182
M15056,26971,2034.2157823115188,268967934
M15057,858711,2071.0791629959676,285651405
M15058,1225972,2081.253824740444,294393610
M15059,19532,2042.8629515448117,272369989
M15060,269546,2053.952768828512,277291523
M15061,7512,2041.281226233307,271839621
M15062,49643,2092.223982730959,304165048
M15063,25989,2125.0016460610427,313091502
M15064,30411,2030.622427840183,267779811
M15065,29097,2050.3134598424645,275527554
M15066,5196,2106.278674925224,309549831
M15067,57583,2073.9546587013256,288407144
M15068,23592,2122.872419368346,312923756
M15069,3469,2064.222079044699,282572994
M15070,212694,2085.6983976881193,298831622
M15071,11065,1984.8137810847998,253301408
M15072,9024,2105.5593598754663,309479516
M15073,10321,2103.7723322143947,309210284
M15074,177287,2041.01947308524,271041802
M15075,19694,2048.965104987805,275231402
M15076,59647,2092.042605068003,303311648
M15077,5436,2117.6962587099133,311688229
M15078,8592,2099.1557292769085,307759541
M15079,10007,2009.5273295538616,261257986
M15080,27592,2136.045034617097,316469268
M15081,172813,2046.6992220423758,273725042
M15082,95032,2130.078523689835,315242002
M15083,8840,2104.20754624378,309329790
M15084,29307,2034.626195757939,268994905
M15085,61974,2018.3564964810685,263853263
M15086,31192,2115.107603790425,311391993
M15087,69306,2069.6942356993727,284492157
M15088,77531,2126.118112536827,313382193
M15089,8486,2109.2069874123727,310208601
M15090,65119,2110.3882885520907,310399279
M15091,66556,2041.631311998875,271874447
M15092,44653,2050.1796553025342,275346294
M15093,22729,2063.461258579404,282457490
M15094,16863,2124.1213336846968,312961582
M15095,62280,2044.4470917280958,273429916
M15096,28067,2023.5565318383094,264660656
M15097,16370,2128.0827377534583,313630820
M15098,3997,2107.6746980309576,309870602
M15099,204102,2070.417985953989,284793432
M15100,18852,2060.646694250817,281066067
M15101,58381,2102.3667885059563,308968971
M15102,14512,2024.0915774131233,264690939
M15103,42507,2104.474725554985,309347262
M15104,721415,2064.5619599269644,282641572
M15105,36100,2162.068392999417,322892081
M15106,666596,2088.9863989290648,300388799
M15107,11502,2143.4781990249808,318674822
M15108,93277,2048.5806556862885,275127748
M15109,432141,2052.71847707671,276235713
M15110,57375,2098.2635916333006,307600444
M15111,40164,2077.956346050604,291091447
M15112,37993,2041.686926774514,271941003
M15113,50829,2125.9649198635702,313331364
M15114,74043,2071.434955856983,287780445
M15115,41402,2077.282877238141,289757758
M15116,3797,2111.272260684865,310481776
M15117,16101,2152.325185715016,321444553
M15118,121850,2089.601914761298,301065675
M15119,15372,2140.0041499823033,317544542
M15120,99774,2036.3755498590076,269216891
M15121,453298,2052.299723777685,275782415
M15122,323461,2093.6667170762803,304389448
M16001,9933,2064.4910290455077,282631639
M16002,19645,2157.4186184279843,321845483
M16003,19502,2027.537659261061,265859693
M16004,15108,1993.1585785227155,255375248
M16005,10287,2050.665941986042,275569065
M16006,117949,2114.8162413845457,311274044
M16007,2826,2044.6664151892135,273492196
M16008,22152,2180.056343632444,329533014
M16009,30584,2097.953532128524,307553763
M16010,23386,2195.534207432146,332919767
M16011,9641,1985.2825040794828,253499668
M16012,38188,2103.22256184604,309097165
M16013,10351,2117.3847556330943,311555165
M16014,13974,2171.225812394645,324751960
M16015,21706,2156.4634376703884,321795155
M16016,23221,2029.2179880110207,267545268
M16017,30107,2013.5796096975764,262072749
M16018,9151,2020.1878571809657,264241580
M16019,21169,2037.6706704829178,269325649
M16020,26269,2011.4828204929047,261520559
M16021,10898,2051.81090517961,275657737
M16022,19169,2036.1337973134207,269197722
M16023,10968,2013.725842730854,262102856
M16024,16243,2045.9041773124663,273640541
M16025,30711,2029.1802832994103,267514557
M16026,6870,2160.9568839230546,322876540
M16027,7463,2019.582872187864,264105199
M16028,7077,1995.1186261694356,255892250
M16029,14866,2158.3618261259926,321895831
M16030,14915,1994.5923052765916,255867135
M16031,15923,1993.1642436982368,255390356
M16032,13161,2055.719216544967,278197431
M16033,20015,2105.1595454121166,309455825
M16034,106421,2042.0565367869938,272112784
M16035,34245,2125.5305173203938,313251271
M16036,11808,2009.4601979859433,260545358
M16037,10153,2020.2477171190799,264250731
M16038,45441,2160.4543300586847,322771006
M16039,6711,2059.3912522785563,280854282
M16040,16341,2031.4071503021696,267939014
M16041,13260,2041.4228220430741,271861187
M16042,14393,1995.4574072048742,256028640
M16043,54130,2018.1211073195336,263799133
M16044,14430,2018.5825552101994,263943976
M16045,36389,2017.3767793219895,262721074
M16046,11648,2084.1752870649243,296095974
M16047,18586,2068.0658631338542,284371106
M16048,5136,2057.382660010636,278918985
M16049,16620,2076.028420042137,289714612
M16050,69382,2019.7502103115062,264112662
M16051,11235,2021.3148490777498,264289164
M16052,171100,2239.553518190287,340617714
M16053,620532,2041.2568951713833,271219089
M16054,10914,2008.366421317323,260219875
M16055,42877,2120.189942929411,312052861
M16056,23221,2049.361929438283,275255402
M16057,8724,2114.452793442033,311259739
M16058,15280,2076.911740772517,289742478
M16059,8821,2103.332019574444,309135353
M16060,9703,1982.6508952568713,252864328
M16061,18804,2054.422306780871,277669441
M16062,19688,2002.350835290051,256843459
M16063,18504,2011.9196075364869,261546828
M16064,23868,2107.5023716216415,309822599
M16065,31096,2051.404156786831,275585017
M16066,77872,2063.187141421245,282330555
M16067,20097,1999.4457511270125,256509883
M16068,20256,2067.6973505432093,284277707
M16069,84946,1973.846966004015,250136855
M16070,15666,2021.336160470748,264332677
M16071,71770,1999.290559809406,256438113
M16072,13438,2028.9013543164178,266704225
M16073,23893,2046.2500373817595,273656784
M16074,9905,2004.8859395718614,257543412
M16075,57006,2060.118027963743,280939961
M16076,60894,2010.4207300639177,261267993
M16077,19506,2164.6387153952655,323989150
M16078,13952,2007.062203800396,257991522
M16079,38331,2075.652301369298,289397845
M16080,17181,2037.7485675249843,269346818
M16081,9085,2095.273171380328,306340195
M16082,59192,2093.8587124002415,305558526
M16083,25670,2087.2879962667694,299300972
M16084,26245,2019.1556639517592,264000801
M16085,32821,2024.988313955889,265539952
M16086,14413,1981.9355251857837,252783684
M16087,13287,2084.891778754344,296330863
M16088,39408,2031.0766281676376,267814614
M16089,24135,2107.647258924779,309846467
M16090,11742,2065.8812538325437,283420341
M16091,12833,2043.6979885909045,272430413
M16092,16656,2129.969008135991,315085787
M16093,25392,2030.1057548040708,267625430
M16094,8830,2014.964088536362,262431586
M16095,11315,2048.009449227236,275056107
M16096,10153,2177.5748195084375,328198916
M16097,36072,2113.9725475212203,311193420
M16098,23959,2056.05428788234,278210592
M16099,18103,2096.013399539931,306833204
M16100,12414,2050.6249401340806,275556651
M16101,11124,2053.8562518625395,277274373
M16102,265699,2075.3927100335136,289025502
M16103,22512,2003.3731753928737,257310664
M16104,20579,2013.5027455382585,262052170
M16105,17687,1984.5864333037487,253283721
M16106,26691,1975.7498677752444,251037147
M16107,69700,2030.6119898081304,267710111
M16108,161918,2014.802023874839,262179273
M16109,4084,1992.2516666643442,255257181
M16110,48917,2023.3961502496586,264605563
M16111,12879,2075.5969199837946,289384966
M16112,138050,2070.5128997174006,284997534
M16113,26500,1975.7341327067331,251010647
M17001,16482,2167.570590715311,324479438
M17002,14708,2133.5826228122237,316296226
M17003,30436,2182.745778141343,330223009
M17004,69381,2151.7936286399176,321219941
M17005,9356,2150.910106036819,320373770
M17006,153329,2146.777102879796,319461491
M17007,338706,2132.8921727034603,315930786
M17008,57617,2142.0164903827663,318204398
M17009,15184,2120.4958190605466,312620783
M17010,13745,2158.782110032383,321962866
M17011,170589,2137.3863762083915,316635466
M17012,53351,2166.9852959227533,324415669
M17013,13623,2162.305869802662,322966103
M17014,8821,2153.3659910653337,321486937
M17015,23984,2148.752021694448,320094540
M17016,15090,2141.4913691494094,318189308
M17017,54149,2165.866417122578,324315866
M17018,92850,2140.061699919096,317559914
M17019,24133,2171.542850768009,324809150
M17020,32921,2126.4257966665295,313462120
M17021,6917,2152.898958042642,321480020
M17022,16428,2139.7504091788055,317477455
M17023,5626,2124.819977850036,313053857
M17024,45272,2159.883126181557,322681902
M17025,30017,2165.548830659206,324275419
M17026,13851,2130.61071506278,315381599
M17027,8742,2127.6143378950433,313600366
M17028,45643,2148.1233073113617,320048897
M17029,84405,2137.9738234857114,316832008
M17030,36582,2139.903277073668,317507960
M17031,33331,2162.286717878882,322932772
M17032,7962,2151.408931214274,321011175
M17033,12065,2152.5258466821015,321460654
M18001,36512,1785.7638133543073,197931992
M18002,15371,1924.2881866039565,232361947
M18003,12088,1949.9244092265574,243242575
M18004,65943,1912.2143283463174,230961903
M18005,10294,1769.1878579362046,193670120
M18006,25382,1924.4489625023075,232377318
M18007,16171,1918.0382604714466,231646280
M18008,37664,1889.6514590991887,224550320
M18009,26649,1793.909999971278,199031298
M18010,34683,1822.3005902390425,207129530
M18011,21722,1839.6861967345005,209644012
M18012,42762,1887.3842718666674,223969320
M18013,7753,1911.0200069549005,230920788
M18014,20849,1895.5990097160866,225251504
M18015,94979,1856.1229622186077,215164571
M18016,42237,1798.364198068922,201665430
M18017,305176,1881.6230492572304,221344813
M18018,31202,1843.8394621265181,211893913
M18019,12940,1887.2687772869515,223956380
M18020,59808,1966.3392349484652,247835907
M19001,2514,1346.766873357878,105228858
M19002,4390,1310.571862592782,99066040
M19003,2464,1340.9815839019248,103426746
M19004,27773,1421.5996564201737,120027023
M19005,18524,1203.6547580559745,84271673
M19006,283497,1365.5670915043372,107361421
M19007,14840,1554.119708836352,145117156
M19008,3499,1281.0473563123617,95797078
M19009,75059,1387.5816241490304,113760936
M19010,6644,1348.0253854558907,105321346
M19011,9343,1334.471582895998,103131499
M19012,11204,1346.5653471087765,105195710
M19013,11540,1380.2457419143793,112464114
M19014,33721,1600.0595690848559,156744993
M19015,2246,1356.3799854515291,106048344
M19016,3185,1358.035977158486,106195199
M19017,39519,1472.4130788001298,130884654
M19018,28974,1361.250416306899,106274732
M19019,125978,1378.0198896243062,112265978
M19020,5799,1371.1700936907487,108877832
M19021,233457,1362.1408608932004,106358356
M19022,15475,1426.3009829560115,122593060
M19023,1699,1320.259714517331,101599024
M19024,5576,1568.502572184961,150591302
M19025,6033,1353.2203345423027,105936403
M19026,670162,1376.8034347121559,110484819
M19027,2795,1356.6986791786242,106050590
M19028,1371,1346.623193662313,105206914
M19029,6413,1467.6836172137089,129943194
M19030,3484,1484.203783446726,132457420
M19031,66497,1380.8414111729837,112475654
M19032,5305,1226.6409803968568,87098536
M19033,69205,1471.2723916695618,130454862
M19034,4719,1355.3418133106436,105955580
M19035,1215,1338.51230743847,103303081
M19036,7078,1628.0927124343248,163892334
M19037,5049,1340.3816577294951,103404927
M19038,52741,1433.2901055833263,123349377
M19039,1110997,1377.447033097224,111154981
M19040,1226,1289.8628655631549,96465173
M19041,11321,1365.7498390750775,107672518
M19042,6237,1378.2455880448058,112391956
M19043,2613,1450.8855996277375,125724494
M19044,32329,1285.3999755352538,96024935
M19045,19024,1345.097569037489,105165702
M19046,496878,1369.6507261035017,107894273
M19047,14275,1343.292208278615,104184635
M19048,227026,1376.6334721176243,110234691
M19049,36812,1405.1267333660346,116320326
M19050,2169,1268.8488298590896,92566694
M19051,4247,1284.8654016270862,96016322
M20001,1540,2328.020653409687,366614132
M20002,44579,2206.9021340314744,334587803
M20003,2567,2383.5892189070137,380260756
M20004,883,2257.519079467079,343859213
M20005,14249,2460.229309281844,388014814
M20006,13745,2315.906417635888,362371595
M20007,3655,2400.5061693132116,381889489
M20008,918,2468.477381881388,388551903
M20009,5660,2310.429368904541,355883601
M20010,13186,2426.20237621237,386226937
M20011,1317,2294.69864758394,351393642
M20012,9566,2495.766671510994,391459459
M20013,2942,2384.8199478406236,380266140
M20014,22675,2452.708683538702,387729674
M20015,5803,2425.8713639565053,386171383
M20016,5733,2323.495247611078,366354623
M20017,3998,2421.117568653984,385458015
M20018,946,2267.08443834831,344923138
M20019,3077,2278.831714121191,346432635
M20020,3295,2352.8869912016926,373134692
M20021,14467,2198.990633052297,333600083
M20022,931,2232.7904520327047,340351250
M20023,12812,2373.4358975032605,379200224
M20024,4298,2266.2068291781293,344898951
M20025,9799,2504.0034809740746,392776448
M20026,7828,2358.4373918774722,374704885
M20027,2501,2264.2761943464843,344747174
M20028,17573,2421.4553406764526,385462887
M20029,4149,2242.181089376936,340969435
M20030,7705,2462.433064163445,388113025
M20031,6704,2379.32060425729,379956899
M20032,1138,2254.6303041505844,342850640
M20033,2004,2353.7479929993033,373298867
M20034,1400,2271.275545130436,345316856
M20035,754,2342.7957282229077,369297197
M20036,5610,2422.8731631693536,386016986
M20037,4185,2366.189552021921,376351934
M20038,2132,2363.028255691917,376146849
M20039,53219,2270.30549030795,345108925
M20040,6567,2251.7988370836497,342567262
M20041,31040,2247.68643979181,341700723
M20042,7287,2341.5234266151324,368934032
M20043,78512,2468.572700327515,388552821
M20044,40877,2267.904436384269,344927060
M20045,3942,2345.8519720033555,370654349
M20046,3717,2330.978212697291,368263742
M20047,109,2273.931498663727,345367827
M20048,946,2382.498942812713,380187709
M20049,1029,2406.1733250461084,382294786
M20050,3473,2336.0195777894783,368715530
M20051,3604,2472.664384471178,388860576
M20052,6011,2459.9906046674096,388008803
M20053,1116,2457.402995780406,387905751
M20054,434,2323.2812226811448,366353005
M20055,3383,2260.0177767381047,343929345
M20056,1275,2405.2524647529717,382189526
M20057,40709,2420.342935709274,385261940
M20058,13947,2259.0938583639772,343881961
M20059,32555,2449.901644379212,387638308
M20060,2666,2368.494481697772,376744019
M20061,2392,2444.908604188571,387301515
M20062,579,2346.2325545726258,370658665
M20063,3368,2352.6775402437465,373131324
M20064,7607,2429.9152901651105,386428720
M20065,1835,2299.946985481715,353079939
M20066,5308,2463.98007527737,388197221
M20067,256130,2366.495641330286,376357193
M20068,18183,2397.572665503286,380958553
M20069,2032,2413.4022623234287,382740437
M20070,6226,2420.0936285119387,385199297
M20071,3828,2497.041581829866,391623270
M20072,5661,2409.064645330502,382544447
M20073,26406,2354.4574846443684,373301729
M20074,424,2456.579697162588,387821380
M20075,2675,2485.2178842418402,390792840
M20076,3548,2399.719101665251,381051864
M20077,2423,2349.9603467377997,370775898
M20078,1061,2374.697887323326,379340299
M20079,76452,2492.051039954299,391237053
M20080,1796,2426.7181512677716,386288887
M20081,2318,2288.89453275335,350637031
M20082,4594,2424.899251015563,386112722
M20083,4970,2372.86043805893,379172281
M20084,3206,2352.408824188506,373124501
M20085,22495,2482.0472243783497,390255901
M20086,751,2340.2442247430836,368751812
M20087,3400,2365.9365526393367,376348534
M20088,3100,2372.5372466356425,379169181
M20089,2136,2283.596963335686,349526737
M20090,5638,2431.670045199937,386607005
M20091,3909,2363.6678769593664,376266883
M20092,1377,2364.4832490971553,376341870
M20093,563,2298.9495152387303,352898759
M20094,2067,2341.8551263243085,369068165
M20095,3723,2463.7349997102992,388190366
M20096,677,2314.3571264404554,361956525
M20097,1678,2352.551922609291,373127707
M20098,4295,2270.190045161826,345104630
M20099,548,2278.9034146137565,346435712
M20100,537,2351.769276505813,370870602
M20101,916,2415.8052583712156,383640415
M20102,3074,2351.2043221615063,370867528
M20103,4809,2396.3178087597603,380907961
M20104,1929,2389.5516589635713,380574559
M20105,6200,2300.9715715470443,353084911
M20106,339,2280.511874382392,346660653
M20107,15261,2371.147390358446,378745711
M20108,4315,2375.3218896574413,379712603
M20109,1313,2242.668895583547,340978775
M20110,1362,2345.132565803277,370651149
M20111,3818,2406.5692726001053,382295815
M20112,2881,2403.987954567657,382082668
M20113,2873,2474.52731158945,388925287
M20114,788,2357.6848201908797,374668828
M20115,4740,2378.8216322506128,379930252
M20116,3833,2261.568748709354,343935853
M20117,2512,2487.544421389616,391093510
M20118,2731,2388.259824851862,380340749
M20119,523,2336.8535916724463,368719523
M20120,638,2356.047998794471,373338747
M20121,827,2300.071507678214,353081774
M20122,752,2449.654239552798,387637556
M20123,2727,2390.487382122546,380598220
M20124,15886,2475.7356713211175,389251112
M20125,10882,2439.914144537436,386988359
M20126,4236,2454.066073818351,387809257
M20127,1180,2330.358525102753,367884914
M20128,1252,2346.8278525187397,370664300
M20129,344,2284.225388892238,349595143
M20130,4931,2486.6442095637994,391046708
M20131,9788,2401.635194660578,381896280
M20132,1043,2402.4058003875275,382029232
M20133,3408,2353.091092398744,373137987
M20134,23238,2259.480626868165,343906107
M20135,6150,2359.59450894887,374869068
M20136,11680,2280.6249237090365,346661424
M20137,3324,2376.6416174702126,379873665
M20138,472,2363.2343157281284,376148981
M20139,1914,2270.0343724269032,345102716
M20140,783,2318.0396555903462,362651051
M20141,5782,2491.1074771625244,391170108
M20142,1379,2238.6878090653195,340611797
M20143,9318,2490.1004471856313,391096022
M20144,1184,2323.371037528084,366353439
M20145,1789,2375.2181972125145,379352653
M20146,1868,2451.114794944169,387672801
M20147,413,2322.3671850963847,364086569
M20148,1991,2481.163746397157,390237372
M20149,1250,2423.3363435521073,386076861
M20150,9694,2338.180687218074,368739166
M20151,452,2268.989264006872,345082226
M20152,2064,2300.196756925149,353082601
M20153,3959,2468.363800521415,388547944
M20154,1938,2450.973027535132,387670863
M20155,849,2422.7463523240854,385559909
M20156,3294,2346.7821770874766,370661006
M20157,8343,2362.2083099014117,376058612
M20158,2355,2417.096365954267,383654012
M20159,5227,2456.250257749266,387814470
M20160,1895,2268.7939809653485,345000452
M20161,2717,2328.8330046704023,366615672
M20162,1529,2407.7687261581823,382329249
M20163,1702,2242.5895054653192,340977073
M20164,3353,2282.8758171961053,348255826
M20165,1271,2252.7347200565646,342801580
M20166,9867,2279.737316634904,346492415
M20167,1892,2452.7679499177448,387752349
M20168,916,2424.3162300671397,386111806
M20169,4538,2239.1226916208484,340613176
M20170,3151,2448.7169801036725,387537133
M20171,19969,2247.6308182024927,341677500
M20172,531,2324.4493513045136,366362109
M20173,1572,2330.0964856241494,367883342
M20174,2887,2375.1325049886623,379341360
M20175,1775,2313.826300793765,361945367
M20176,3223,2285.1381359786383,349596994
M20177,9298,2282.3118527423085,347905161
M20178,3499,2348.127494320971,370752102
M20179,1236,2325.892615431608,366574604
M20180,2286,2407.223436051467,382326963
M20181,442,2253.224825287144,342807493
M20182,2242,2281.746571277493,346680867
M20183,1511,2283.9692544158424,349589097
M20184,133913,2265.3752658261074,344765038
M20185,7514,2397.7074624845036,380976736
M20186,666,2259.4258486918625,343905441
M20187,2479,2258.020302226786,343866239
M20188,8656,2416.7789882221787,383641331
M20189,2338,2350.1093755264046,370778321
M20190,21679,2373.0216282752103,379177251
M20191,374,2346.1152850312837,370658291
M20192,1338,2393.522170915025,380853389
M20193,2285,2342.741129702976,369294912
M20194,1350,2396.461162204139,380957203
M20195,1468,2333.265928829035,368534822
M20196,422,2332.2825458335737,368463040
M20197,2914,2381.8734311438848,380176478
M20198,27399,2409.466600322304,382550108
M20199,849,2271.5767480856407,345319130
M20200,3588,2395.291156464544,380899737
M20201,1830,2342.1767681748684,369073148
M20202,4302,2460.5344207605663,388032361
M20203,3198,2421.612372642873,385480460
M20204,675,2441.779785887887,387210890
M20205,16775,2337.4116818301777,368722391
M20206,2466,2253.5481389219167,342810145
M20207,17090,2394.189664580106,380860061
M20208,9543,2324.78243888526,366362640
M20209,932,2460.454929691737,388031429
M20210,6750,2316.1164582566767,362385340
M20211,3125,2477.1210929027957,389305654
M20212,2551,2334.6221174284638,368547553
M20213,3889,2442.1656671427295,387211565
M20214,2486,2310.093750034507,355881115
M20215,665,2315.6151606717326,362370930
M20216,1150,2349.380977489271,370766929
M20217,3454,2348.6738970936353,370762252
M20218,572,2353.1149040415453,373141855
M20219,2817,2383.65532250118,380263323
M20220,2974,2292.435558157328,351284219
M20221,1448,2302.8094211855714,354610303
M20222,1605,2334.317511084424,368542890
M20223,496,2339.6125334670833,368748860
M20224,720,2309.287248491662,355840906
M20225,5380,2425.037334390548,386124422
M20226,2587,2391.7339193696253,380641472
M20227,9965,2358.5556380270978,374712713
M20228,737,2238.1817897429323,340609056
M20229,5676,2412.56446781393,382730996
M20230,1202,2281.301166354228,346673104
M20231,3144,2398.204564332581,380984250
M20232,20118,2263.179944150131,344722600
M20233,1941,2389.252935333987,380539778
M20234,7227,2246.038709517184,341304839
M20235,3618,2444.776369779117,387297897
M20236,1741,2479.398041543915,389452197
M20237,2303,2278.589255944309,346428071
M20238,757,2411.5494685808085,382625152
M20239,1078,2317.391327998173,362475264
M20240,2614,2332.687696885639,368463462
M20241,1200,2414.6226520842074,383623506
M20242,8877,2314.231486928602,361947142
M20243,1776,2389.8284458414196,380596444
M20244,3254,2247.6355463311393,341697469
M20245,1370,2266.598343704881,344903249
M20246,642,2365.0814406982536,376344288
M20247,1391,2344.918907053084,370649758
M20248,10657,2493.7087690411327,391372510
M20249,2913,2245.997002786386,341301926
M20250,1108,2319.8683475257276,362742781
M20251,1150,2279.6006009622974,346491265
M20252,1838,2345.582348370691,370652511
M20253,4148,2490.346161002479,391105340
M20254,3495,2472.6228561062057,388857081
M20255,1945,2364.3278765689693,376278883
M20256,250,2274.1623561862802,345367936
M20257,1122,2356.425431386989,373398522
M20258,880,2329.110276478549,366819024
M20259,2261,2278.8308960568556,346430374
M20260,2621,2329.213071740877,366861517
M20261,6143,2257.6942039068767,343860096
M20262,1089,2347.533875288465,370751013
M20263,3134,2462.9055981822444,388120730
M20264,2276,2296.667702901357,351454782
M20265,5947,2444.33984843221,387279141
M20266,8584,2501.4759062361513,392718675
M20267,307,2341.215005779737,368864666
M20268,884,2419.849544837637,385198413
M20269,3635,2355.9621837777654,373335112
M20270,1703,2285.9263076353986,349621624
M20271,2097,2394.787510381974,380890739
M20272,6705,2445.8676703352785,387303907
M20273,3205,2376.2989105663605,379866122
M20274,1193,2367.186038932464,376620756
M20275,5332,2394.2018729298406,380877151
M20276,874,2271.4605518319217,345318256
M20277,12668,2423.3567417756967,386078111
M20278,36036,2243.143779034005,340986992
M20279,2617,2477.9452918513375,389427501
M20280,2673,2342.3507526904564,369292239
M20281,268,2322.361760652881,364086301
M20282,821,2474.6962756015287,388993833
M20283,1038,2276.2648229167376,346274100
M20284,3160,2400.268926533708,381884339
M20285,3115,2420.5416647837405,385302649
M20286,3525,2306.2191332008906,355488331
M20287,432,2280.530248283064,346660992
M20288,601,2339.9956445367575,368751211
M20289,1131,2437.450237731452,386809276
M20290,991,2268.346649825499,344980073
M20291,4069,2458.50455486501,387987987
M20292,1294,2373.231261150586,379198930
M20293,7103,2357.423613080357,374658849
M20294,5071,2340.967509374881,368755235
M20295,8470,2392.608632823948,380784554
M20296,1135,2318.010685015804,362649916
M20297,2489,2360.5626984482183,375149634
M20298,10477,2388.4975783284144,380343480
M20299,1074,2366.4371071593855,376356119
M20300,5334,2393.971018090062,380854727
M20301,1471,2402.8610289009425,382030275
M20302,3765,2413.216869615623,382736672
M20303,1204,2363.3373536607655,376149453
M20304,1050,2331.00846916683,368267459
M20305,3634,2459.2967727080913,388005169
M20306,4735,2484.096997689867,390788105
M20307,9862,2499.6687661200303,392016134
M20308,2588,2486.3436140197214,391044120
M20309,10854,2251.8497183486566,342573829
M20310,3604,2365.447435384972,376344930
M20311,677,2293.2646359559235,351297326
M20312,1298,2416.9050179293754,383651662
M20313,1010,2283.765381865708,349549240
M20314,1548,2440.9880190492704,387065169
M20315,1903,2402.371645759824,381986033
M20316,821,2446.2956625949005,387393170
M20317,1555,2313.58528103289,361943812
M20318,32471,2480.4509970403624,389453938
M20319,1312,2461.3633474604353,388041008
M20320,653,2350.804400972796,370866875
M20321,926,2273.271797547283,345366901
M20322,877,2240.440224218774,340804200
M20323,1780,2394.5713151674754,380888959
M20324,36982,2516.1064740899274,394142865
M20325,9570,2410.1465269349405,382580798
M20326,4535,2283.984541446073,349590608
M20327,13377,2495.2790346737356,391446082
M20328,1052,2417.0598991309225,383652960
M20329,1428,2363.6881933024006,376270792
M20330,4173,2267.081287374891,344918965
M20331,850,2326.664054949381,366613282
M20332,420,2316.541570148556,362397170
M20333,2684,2417.178738827406,383656367
M20334,42645,2457.3786427480427,387863106
M20335,991,2334.1960703920713,368541899
M20336,2546,2312.215264126119,359362324
M20337,5504,2382.269323703822,380182205
M20338,7819,2349.8490012076463,370768079
M20339,3486,2306.3661171657786,355503993
M20340,2061,2242.67886174514,340980088
M20341,246,2300.9582857936807,353084665
M20342,1584,2376.530975199554,379872081
M20343,2029,2376.917052817209,379876989
M20344,2366,2460.318852123664,388029063
M20345,3722,2405.6945757869107,382190801
M20346,1633,2303.141223297599,354611751
M20347,3288,2468.049187661703,388532516
M20348,8671,2317.9108369890528,362640979
M20349,2062,2381.175114343357,380174416
M20350,15690,2368.1588289489127,376728329
M20351,2470,2439.327002070047,386935551
M20352,2225,2264.9382757557014,344750539
M20353,1867,2446.713872773945,387530355
M20354,524,2237.962296917493,340608532
M20355,864,2264.509952548982,344749675
M20356,2140,2378.6985897717755,379928112
M20357,993,2426.131508963041,386225944
M20358,1990,2400.3879318239997,381887499
M20359,1149,2332.1088851814125,368443686
M20360,3415,2391.819446739504,380644059
M20361,977,2456.2362298419634,387813493
M20362,1545,2451.4553764757247,387677799
M20363,2532,2347.347446274291,370747531
M20364,14036,2449.5863788135366,387544345
M20365,1542,2348.6466352115795,370760710
M20366,4440,2476.090971634556,389295516
M20367,4230,2431.7921550230617,386612643
M20368,1604,2399.901241385593,381058727
M20369,1758,2386.873528545324,380269082
M20370,725,2323.6219551400427,366360356
M20371,858,2354.2682878938817,373300871
M20372,1848,2358.355019503806,374703037
M20373,573,2243.6516001782375,341024291
M20374,1263,2243.563834236652,341023028
M20375,6457,2368.1301159555296,376721872
M20376,410,2289.776654049139,350646048
M20377,10688,2374.5739991165456,379329611
M20378,3311,2394.3293012417043,380882483
M20379,2672,2340.705620158232,368752563
M20380,1833,2381.0614795500474,380172583
M20381,2625,2263.418117170583,344742718
M20382,1158,2371.7649511882714,378891486
M20383,567,2322.3224896152947,364085734
M20384,4061,2448.7922152750584,387540284
M20385,52806,2370.8310266568055,378651129
M20386,15054,2414.1372317429505,383607436
M20387,3549,2396.401497230144,380953654
M20388,2212,2380.2155190752437,380147551
M20389,1177,2394.570616112377,380887782
M20390,44364,2367.5088149317608,376628726
M20391,2808,2465.017923727698,388226757
M20392,6663,2363.7271043148266,376272220
M20393,3455,2403.470124615762,382079213
M20394,2660,2379.1840926561554,379954239
M20395,2531,2298.3307819552883,352787137
M20396,3329,2250.669573947151,341995314
M20397,29026,2330.516636052983,368166244
M20398,5597,2406.8484310377594,382299633
M20399,15749,2361.8714554806943,376042863
M20400,1562,2261.1902283385252,343934291
M20401,18120,2491.9739000541595,391218933
M20402,1016,2414.4265643785598,383622490
M20403,1658,2377.96177764905,379920860
M20404,808,2307.6628926519406,355607052
M20405,1711,2295.8372736894935,351407536
M20406,21436,2236.7459077966805,340570911
M20407,7106,2424.921460041081,386117316
M20408,414,2322.6943012084025,364088287
M20409,7272,2370.17145327504,376749519
M20410,3369,2467.2774476881873,388502711
M20411,759,2375.6864204306803,379729941
M20412,3021,2428.1942861421066,386362218
M20413,28327,2508.6270743427326,393205860
M20414,10118,2434.700859142639,386676603
M20415,4910,2396.383154216667,380948744
M20416,594,2272.7996328795703,345366307
M20417,9783,2288.4550015749764,350627248
M20418,10491,2458.6540721950373,387992056
M20419,598,2337.3829078158433,368721793
M20420,1070,2399.2986809258377,380987394
M20421,4041,2469.771447108921,388711341
M20422,770,2291.890602558332,351282939
M20423,606,2317.312125862115,362474658
M20424,4156,2475.3291736964884,389084636
M20425,2081,2286.6846300463135,349635673
M20426,6914,2360.997864306772,375152123
M20427,13648,2424.1019508243817,386098158
M20428,1506,2464.822686984983,388225251
M20429,1675,2416.8979787072944,383649987
M20430,272,2348.500765010183,370755601
M20431,1831,2264.0480224392813,344745343
M20432,958,2341.885949579611,369070232
M20433,2622,2458.9611315104016,388002547
M20434,4843,2242.7903397957602,340982149
M20435,2752,2386.8976799776156,380270840
M20436,1204,2290.134880009998,350648764
M20437,8406,2375.1690922707185,379344247
M20438,1562,2269.3285958826805,345082678
M20439,20228,2514.6274913201028,394122637
M20440,1016,2437.6166000273683,386810407
M20441,5698,2476.5398144269907,389299956
M20442,378,2355.5585407814756,373328135
M20443,460,2353.102793000021,373141395
M20444,469,2376.147661096727,379865653
M20445,1223,2349.325455823129,370765706
M20446,6565,2357.183585589952,374652284
M20447,15417,2383.069214285283,380231832
M20448,1633,2402.8625637228215,382031746
M20449,3449,2428.426163272719,386365239
M20450,9537,2402.178448281779,381947139
M20451,1365,2295.9304580170647,351409247
M20452,4636,2395.640337625888,380903325
M20453,2577,2503.693590644821,392773871
M20454,2754,2376.380917047567,379869327
M20455,2404,2254.1216623446753,342812611
M20456,1341,2279.8782593076935,346605135
M20457,3058,2334.4519842073946,368544495
M20458,1544,2314.742078514798,361976268
M20459,4314,2228.973064922852,339372281
M20460,4837,2348.561124674996,370755873
M20461,725,2305.1442391728174,355118068
M20462,3988,2268.2570536577737,344976085
M20463,933,2318.927264733995,362713570
M20464,601,2269.919196182545,345102115
M20465,1200,2401.1660716135916,381895080
M20466,10675,2408.6588585666555,382533772
M20467,17922,2438.081635946243,386811423
M20468,12682,2329.142594380954,366819904
M20469,28118,2319.5256173341045,362714503
M20470,6336,2430.1866094564884,386436327
M20471,520,2336.2024748589274,368719003
M20472,2788,2448.0196854086525,387532222
M20473,1432,2357.080987680012,374650852
M20474,3291,2410.0918168184785,382577507
M20475,1988,2394.5585590093674,380885794
M20476,397,2251.4586337435017,342519624
M20477,1674,2429.862563496806,386427046
M20478,2422,2315.4839447740073,362368508
M20479,266,2317.994745222632,362649650
M20480,1028,2323.8352172539794,366361081
M20481,2876,2357.677714859979,374665952
M20482,44193,2428.7965313222644,386377565
M20483,7937,2344.1191931614408,370641821
M20484,4469,2279.9414795307653,346606476
M20485,3234,2425.1418994144706,386129802
M20486,2306,2289.8380411798635,350646458
M20487,1721,2333.7713406136068,368540178
M20488,140,2277.625233877864,346401372
M20489,4997,2434.570664702621,386671606
M20490,2712,2237.159104403919,340592347
M20491,3315,2399.8095488620343,381055412
M20492,3888,2333.465058698075,368536290
M20493,506,2314.2875824503017,361956019
M20494,7433,2366.7402072703317,376613323
M20495,3267,2491.1644544126293,391175890
M20496,1762,2346.6593557725773,370659244
M20497,3130,2451.1502577214624,387674669
M20498,6599,2355.8678914567813,373328513
M20499,1725,2309.525031362197,355841626
M20500,7544,2375.680430973805,379722397
M20501,1173,2287.1382049410445,349646211
M20502,4963,2370.846131464684,378703935
M20503,465,2357.9960368838706,374702572
M20504,1757,2343.7734087278586,370640064
M20505,7295,2457.555418928837,387906867
M20506,755,2375.5560984957774,379721642
M20507,3347,2426.639834252782,386285540
M20508,1488,2448.517360957177,387535645
M20509,8725,2502.9850457491652,392727259
M20510,878,2371.801580465605,378892644
M20511,3430,2343.470552246052,370636634
M20512,1125,2474.3132959780323,388924162
M20513,7379,2424.0408918309736,386090779
M20514,950,2347.481683451041,370750063
M20515,53229,2475.6642869009397,389197883
M20516,4334,2411.625375083254,382625909
M20517,4004,2390.6329187635247,380600947
M20518,160,2319.669152717672,362742621
M20519,2834,2368.880029233486,376746685
M20520,7308,2282.293406234682,347897853
M20521,327,2297.1131763718927,351460569
M20522,1041,2364.836945501831,376343247
M20523,1565,2306.556952730773,355585722
M20524,510,2292.1149324217126,351283709
M20525,10457,2479.2291011517095,389441740
M20526,14058,2466.0284568020834,388229565
M20527,2569,2283.114292050322,349331221
M20528,1464,2308.831466055513,355826160
M20529,1456,2270.528324337834,345185050
M20530,3095,2391.84352615252,380647474
M20531,1939,2352.6106758379833,373129385
M20532,4139,2343.30176616933,369297951
M20533,1683,2456.320621950561,387819697
M20534,4173,2439.5263872238393,386938021
M20535,3390,2401.8890813215594,381906068
M20536,519,2313.06127174018,359477967
M20537,7786,2299.3951345362607,352978911
M20538,635,2448.356888807672,387535010
M20539,3902,2353.7037986703444,373294965
M20540,6088,2287.117895115684,349640123
M20541,1855,2339.87708064304,368749356
M20542,874,2421.1715769587986,385462013
M20543,5306,2438.8026351964786,386930245
M20544,1747,2336.966265590324,368720046
M20545,7476,2243.82754010882,341050463
M20546,5562,2374.0488483901177,379213036
M20547,952,2282.0846559547067,347816953
M20548,1573,2267.9051233362275,344967937
M20549,12346,2286.6038302190314,349623327
M20550,4724,2375.42644025908,379716918
M20551,13507,2383.096003645707,380247249
M20552,514,2269.5785642899873,345084240
M20553,6777,2367.320633843928,376621949
M20554,5626,2357.9688838379293,374696946
M20555,2813,2381.9496802827302,380179392
M20556,316,2277.357315687567,346401056
M20557,12140,2468.317557857716,388535804
M20558,1507,2285.0638113318278,349595487
M20559,22886,2295.9694469827737,351410612
M20560,5594,2378.308254868273,379922518
M20561,2256,2408.446873333357,382477349
M20562,1305,2322.4252987883983,364086982
M20563,1413,2432.273265367344,386616873
M20564,1259,2361.3243025614397,376041604
M20565,19247,2378.9632945804733,379934992
M20566,3184,2379.884538743302,379963603
M20567,3433,2268.826279642344,345002347
M20568,1563,2260.370327237139,343932728
M20569,1958,2342.121895525535,369071190
M20570,16801,2387.7281763392175,380323948
M21001,49462,2124.579356900206,313004395
M21002,9199,2021.9474403072738,264367646
M21003,34765,2223.1064712541997,338884459
M21004,40439,2140.3656247870017,317778798
M21005,3074,2154.011110980218,321501371
M21006,13058,2026.1382313828128,265789299
M21007,3795,2179.726915248049,329500161
M21008,9087,2017.7673288911722,263790046
M21009,2614,2220.2133206862454,338539516
M21010,48642,2214.151600555516,335812968
M21011,2004,2238.4511554813917,340609793
M21012,6632,2130.587939596412,315374967
M21013,15811,2214.7673488421983,335869412
M21014,4704,2022.2143119576822,264399666
M21015,64315,2129.9836022325685,315102443
M21016,7664,2048.2957155657327,275072978
M21017,18565,2050.1379919972096,275327729
M21018,3732,2204.9479434130867,334505009
M21019,117111,2140.8506515177264,317819237
M21020,5782,2156.239636365222,321789373
M21021,1310,2179.870118058102,329519420
M21022,11933,2148.7659305491243,320118524
M21023,8104,2155.964082260649,321767546
M21024,1302,2221.017712184319,338562561
M21025,7704,2022.5385217596483,264404370
M21026,13571,2118.8165095136737,311948844
M21027,5104,2232.494304997657,340346146
M21028,2216,2023.846357824922,264688723
M21029,3931,2023.1707915714783,264553362
M21030,884,2021.6751484078602,264366762
M21031,3564,2176.0090500771257,328138850
M21032,1880,2215.222201814292,335885223
M21033,4596,2151.927976347326,321293520
M21034,27575,2117.497176226575,311565516
M21035,18692,2228.389059112375,339338966
M21036,12662,2228.5452273897677,339357658
M21037,2524,2203.3208882857025,334488384
M21038,6583,2146.9304573771255,319988458
M21039,8984,2037.2942700267768,269316665
M21040,7086,2140.103693571581,317652764
M21041,46729,2122.5726235488223,312858028
M21042,3985,2190.075454574086,330819318
M21043,45010,2029.660023401968,267580420
M21044,14434,2073.6030270135984,288392710
M21045,38711,2144.163446622284,319286927
M21046,5542,2185.3277170286788,330338518
M21047,21133,2206.694127380481,334566670
M21048,17788,2107.920542878504,309915851
M21049,12855,2015.2602497637577,262501955
M21050,20252,2126.6218942069268,313551107
M21051,36606,2182.519238638624,330186403
M21052,1301,2173.690820752056,324916422
M21053,49266,2042.4769770811545,272271184
M21054,27216,2054.128088732043,277642225
M21055,5043,2250.906584372688,342394787
M21056,1961,2228.863009830669,339370320
M21057,7279,1995.9461634211916,256128505
M21058,17833,2118.732032305526,311931011
M21059,2810,2221.0312282509612,338563863
M21060,5581,2114.7900739485754,311268463
M21061,26108,2205.496458236325,334508741
M21062,4845,2170.9948488776377,324747115
M21063,13473,2159.4868216597692,322232897
M21064,16331,1945.9211860741145,239875198
M21065,22151,2139.3726970076605,317455304
M21066,3177,2234.4924474806267,340411200
M21067,14833,2112.3939671218377,310994112
M21068,8194,2015.0673059722387,262493761
M21069,28654,2154.9787348253335,321703653
M21070,8026,2170.4057163059515,324626555
M21071,83537,2004.99422523258,257590295
M21072,16130,2018.3848119974753,263915237
M21073,9651,2197.66421888337,333182808
M21074,50868,2113.1581605763563,311020262
M21075,10206,2045.5572994085794,273630335
M21076,28345,2041.9997060252267,272084439
M21077,5465,2026.0357412769558,265773544
M21078,11670,2032.362683963541,268212557
M21079,4591,2162.1771744949388,322928181
M21080,2761,2028.5307334463566,266696197
M21081,4614,2236.039063495853,340546808
M21082,6922,2197.249528654455,333154722
M21083,28358,2069.066617290401,284441713
M21084,6589,2027.015702429406,265844159
M21085,70739,2174.470957597063,327144679
M21086,13257,1972.7382269167563,249244051
M21087,12556,2202.241948807414,333967682
M21088,4942,2027.4982560526014,265854751
M21089,13489,2011.1188611467671,261507070
M21090,14483,2119.6658124617884,311995754
M21091,9301,2001.6113804789732,256629554
M21092,5239,2188.8928289704095,330779339
M21093,9207,2112.35151726918,310984905
M21094,25719,2088.315988176564,300324043
M21095,722,2160.897384405298,322829765
M21096,2396,2126.132555276158,313459724
M21097,2044,2147.479702313872,320031723
M21098,6229,2165.6075958962238,324309637
M21099,17779,2172.068481871291,324833283
M21100,9613,1998.2475446504795,256330441
M21101,3617,2034.8691182828927,269064225
M21102,10644,2125.1346774597205,313217285
M21103,5375,2187.4028825196096,330593327
M21104,19033,2113.9432865409167,311174387
M21105,4945,2078.757782029265,291608578
M21106,23619,2134.737249110242,316357411
M21107,12609,2018.473623999159,263931367
M21108,13769,2099.0327371180215,307745772
M21109,18326,1992.8134695034369,255314196
M21110,35812,2159.487191358297,322246370
M21111,19401,1968.2151807307832,248115645
M21112,9680,2237.916514042244,340598852
M21113,5948,2221.1804183040535,338566673
M21114,1346916,2128.3183158983643,313647190
M21115,38649,2144.6638745832706,319345583
M21116,19235,2119.749485700945,312010237
M21117,14766,2113.178197723661,311071130
M21118,20849,2143.9269692167372,319266078
M21119,56066,2126.5495265927366,313495041
M21120,4495,2200.3586025611885,333848183
M21121,1116,2152.809596811533,321478904
M21122,8632,2104.409966090317,309338630
M21123,4425,2017.4076906932492,262815825
M21124,13554,2218.950216300406,338430884
M21125,6934,2128.744445405118,315024897
M21126,5267,2129.412863306021,315031831
M21127,4317,2222.529450738741,338874458
M21128,6744,2111.58613192716,310485573
M21129,11697,2223.6306446544745,338931834
M21130,3708,2131.657467003762,315395450
M21131,815,2163.3043421745706,323747764
M21132,121071,2099.2268098177296,307768133
M21133,951,2170.2940797698625,324625604
M21134,16361,2094.158091559633,306147812
M21135,727,2248.9053504537237,341785994
M21136,9350,2113.389209453471,311146454
M21137,8334,2123.4112806540866,312947348
M21138,10009,2122.1004609686543,312848019
M21139,3441,2231.3037301596005,339496601
M21140,99794,2125.1257138755177,313117491
M21141,3711,2232.334212261109,340329705
M21142,23342,2125.212284144605,313227929
M21143,22649,2100.006043584375,307924595
M21144,10631,2147.10521112809,320011885
M21145,13219,2217.5468856009506,338343397
M21146,887,2177.128363485611,328174466
M21147,6112,2199.82497894889,333683684
M21148,8815,2131.9513591807636,315575275
M21149,14249,2192.1045496353286,331372278
M21150,6734,2162.550863083534,323072957
M21151,7082,2149.1973227184153,320159031
M21152,11068,2125.9470220505823,313320296
M21153,16844,2146.974684325575,319995041
M21154,59177,2151.7150275285303,321160764
M21155,6830,2230.295147543878,339441716
M21156,226258,2202.781538180314,333980238
M21157,12650,2206.531059054243,334554020
M21158,7060,2014.5269882515533,262113824
M21159,4840,2164.119438255318,323748579
M21160,3549,2186.1994161922494,330433237
M21161,16717,2190.3959871119473,330825141
M21162,4003,2027.164862653687,265850748
M21163,14055,2127.040890260831,313571359
M21164,62651,2140.3401025202074,317716147
M21165,1272,2158.03494323444,321894559
M21166,8671,2161.4456640580274,322883410
M21167,9457,2030.540998913217,267700654
M21168,6392,2167.9332199406817,324515583
M21169,18145,2182.9753956678833,330266064
M21170,15268,2087.9318128214272,300302145
M21171,2864,2157.547595990187,321865128
M21172,25859,2047.8047136464972,275030248
M21173,5556,2048.041168919738,275067422
M21174,81156,2054.0595098384497,277561069
M21175,9640,2133.026621480953,316269492
M21176,8331,2174.6736428470167,327717517
M21177,42295,2174.860933284962,327733700
M21178,17764,1988.1939750103102,254857711
M21179,25674,2130.5472830013096,315349293
M21180,31665,2092.6751020979073,304214691
M21181,5370,2112.751120675224,311008945
M21182,4198,2151.841178762403,321289322
M21183,18233,2010.847522761977,261474414
M21184,6502,2013.3276375547025,262045668
M21185,8686,2163.2556776325987,323305577
M21186,47106,2048.3016845546945,275080642
M21187,6271,1977.84148887318,251227198
M21188,17171,2141.188680966944,317978351
M21189,17259,2155.2590902291495,321732307
M21190,1161,2223.181606003882,338919224
M21191,11025,2236.386112558881,340551422
M21192,6176,2023.5394341271829,264654480
M21193,6185,2152.5643501701998,321472719
M21194,25115,1973.7654504813916,250111740
M21195,21164,2197.317019489567,333161644
M21196,1701,2220.2650375439084,338542130
M21197,70164,1995.4725911183086,256043033
M21198,1433,2234.072404995309,340382148
M21199,30426,2056.998843834701,278334798
M21200,4306,2049.336599036921,275251096
M21201,3279,2170.2918509010865,324622325
M21202,11760,2033.5710564308356,268742500
M21203,5101,2170.957813260415,324637731
M21204,6649,2046.6011239373602,273718393
M21205,19368,2162.4833759110747,323053589
M21206,4407,2179.9490106422268,329520730
M21207,49242,2044.866017655752,273516159
M21208,69698,2033.021669041891,268369297
M21209,8900,2216.3566281849453,337439841
M21210,5267,2028.5942402751427,266698958
M21211,13810,2056.2168907313626,278267950
M21212,19447,2060.8199539801208,281127416
M21213,13535,1998.9228863833123,256399693
M21214,13641,2219.168588718185,338491337
M21215,4392,2031.008690783741,267810222
M21216,2949,2029.3998059473474,267568489
M21217,19715,2222.4638459697862,338854743
M22001,54591,1987.8115999144352,254803120
M22002,27290,1884.512632972818,222160125
M22003,12667,1838.2952071864315,209373322
M22004,51790,1932.5603070591492,234891328
M22005,46878,1921.3136141886532,231934777
M22006,74558,1948.1101045227495,240066492
M22007,27598,1935.4917411754298,236053164
M22008,29140,1966.421542638684,247895715
M22009,22839,1876.2425359105528,220284199
M22010,19493,1881.100646856208,221175394
M22011,71397,1940.54447205671,237214250
M22012,49554,1952.593249649213,245134520
M22013,16557,1892.7027528930967,224884550
M22014,641386,1942.5631667224382,237366298
M22015,7665,1909.162458048349,230738548
M22016,179668,1965.8027976645262,247656239
M22017,49969,1951.412336679499,243693343
M22018,21266,1908.1520751941846,230378570
M23001,60091,2359.164565108016,374808977
M23002,60365,2392.625218113209,380793024
M23003,11313,2299.639271828376,353036085
M23004,208164,2486.3211490268177,390835956
M23005,419815,2304.1720620345677,354627489
M23006,31052,2370.8039215457297,378620077
M23007,20411,2274.3142276120775,345368186
M23008,63752,2341.678581621308,369004413
M24001,19192,1741.2391415226366,189915978
M24002,8781,1774.1190980181289,194493965
M24003,42782,1834.7174211889799,208945052
M24004,4889,1757.939218846873,191465353
M24005,18824,1788.6155725795443,198243925
M24006,9889,1597.3241888045934,155057814
M24007,16153,1582.6487668198863,152965612
M24008,20703,1737.5853111090457,189050541
M24009,3404,1761.0814014142622,192124813
M24010,30603,1744.2395261061813,190377094
M24011,39944,1792.9532858255545,198779597
M24012,19904,1838.024528216655,209353418
M24013,146604,1794.8257061510508,199257049
M24014,17352,1844.7075033731846,211929092
M24015,21070,1659.8728488640804,177089729
M24016,39687,1775.8166363128294,194590677
M24017,25359,1716.7346781072295,186072182
M24018,14289,1843.5035782953714,210017143
M24019,6538,1834.2566393630736,208814837
M24020,78187,1602.1692925742589,157862153
M24021,48392,1755.8721852483839,191343626
M24022,19904,1702.3197038090918,184464969
M24023,15790,1805.6036307977758,205152894
M24024,88991,1794.1491664514172,199057947
M24025,26405,1717.8974907016536,186500726
M24026,9363,1835.9549440674357,208992882
M24027,10493,1825.9492502176834,207313331
M24028,670532,1768.5076778198957,192809223
M24029,22373,1865.9087109520858,218516007
M24030,6793,1757.701901400556,191426420
M24031,10830,1827.3143571716203,207658724
M24032,39066,1807.6939319029213,205331917
M24033,12755,1640.636937918623,175062041
M24034,14107,1828.2523248239036,207779839
M24035,180296,1764.4796904003688,192436220
M24036,27390,1798.6686563071848,201707667
M24037,89074,1876.687560404557,220437492
M24038,16008,1861.7775132198526,217158289
M24039,13722,1843.5178564913701,210031432
M24040,35087,1794.6286694889745,199203229
M24041,18137,1830.959244964015,207968209
M24042,13354,1840.228167818651,209776795
M24043,9582,1822.2849948718738,207119948
M24044,7533,1575.9783767872343,151923176
M24045,14205,1681.6981204495473,182339861
M24046,14623,1796.3292487080025,201619391
M24047,10378,1632.54655675768,174332020
M24048,5135,1598.7793104814284,155265975
M24049,34432,1696.7755877560378,183267722
M24050,40602,1807.0784203036092,205291315
M24051,14989,1735.1921725699883,188898959
M24052,10956,1749.7304992268262,190796963
M24053,31405,1856.3665359023923,216703291
M24054,49578,1861.0302849435402,216950631
M24055,21962,1781.000002364759,196681808
M24056,13747,1713.833055821911,185945539
M24057,28319,1868.0466154553696,218704421
M24058,18898,1732.5293064385319,188315654
M25001,359146,1568.5112232282618,150596878
M25002,43827,1574.538686977969,151879349
M25003,37757,1549.8758253445885,141618987
M25004,27815,1718.3381685529928,186592269
M25005,17269,1617.8747692817853,162621543
M25006,745537,1601.9065918783206,157116616
M25007,29355,1447.4998769528784,125653322
M25008,49471,1676.591747203549,180769771
M25009,50438,1759.2461818830504,191647618
M25010,89515,1489.7692882777842,132685969
M25011,277402,1566.7410093633357,150190570
M25012,380509,1733.9120929425953,188422163
M25013,50082,1552.7354561033321,141971323
M25014,47934,1744.5025370501955,190407697
M25015,73303,1561.181453869096,149294434
M25016,26762,1659.2892408161495,177044130
M25017,85100,1530.8450518868215,137626433
M25018,145622,1617.3996381554543,162428856
M26001,2420,1264.7912362864222,92344470
M26002,61944,1098.3284374363,61726019
M26003,25152,1445.7070835597544,125333972
M26004,7253,1303.428448128625,97933298
M26005,1484,1280.7379592676498,94419829
M26006,3396,1218.7617777319201,85875523
M26007,718,1275.8803295447058,92989613
M26008,1348,1199.5700741544679,82859956
M26009,943,1288.139824910452,96157026
M26010,1366,1139.256940095684,66482961
M26011,1496,1181.7620268789203,72253342
M26012,21322,1456.541436210323,128140638
M26013,1484,1248.882177636826,90073855
M26014,3724,1270.2760522313665,92574172
M26015,1377,1129.2068852870232,65151287
M26016,5732,1295.0167045772318,96899295
M26017,69516,1326.5273740707457,101949109
M26018,356290,1454.0636996590065,125968519
M26019,32061,1176.0071711552112,71422154
M26020,4984,1323.4688131980226,101744506
M26021,2306,1373.7597352676062,109806371
M26022,937,1254.7222330508623,91061402
M26023,6202,1222.5776047514698,86290805
M26024,825,1235.997139951974,87725175
M26025,49987,1461.6431305480137,128641592
M26026,56129,1491.6283891378873,132787198
M26027,7801,1133.3759882119432,65774332
M26028,1235,1204.9655411728584,84401997
M26029,130329,1470.5251998775686,130239744
M26030,609829,1372.002060514584,108883631
M26031,1147,1153.602034742602,67873748
M26032,966,1200.5135332067696,83715205
M26033,76296,1500.405647272656,133512685
M26034,1142,1256.7643496386424,91546433
M26035,9988,1229.864690790905,87421283
M26036,24447,1249.182639890031,90167153
M26037,1584,1329.5368958366907,102410273
M26038,4187,1232.5555211920803,87485096
M26039,5370,1125.16923655194,64844517
M26040,2236,1200.6922033624605,83716171
M26041,14365,1184.570521924175,75402273
M26042,140650,1466.1771116466352,129685076
M26043,159787,1195.3505751645425,82369427
M26044,479,1342.311203330983,104184156
M26045,2831,1282.2451464930075,95953992
M26046,402,1294.1014789100575,96561899
M26047,9236,1321.8609315955384,101721897
M26048,31157,1387.581967268941,113835995
M26049,3335,1414.5655453483596,119694548
M26050,1591,1296.3306270815501,97193507
M26051,5432,1390.6171256327364,114127117
M26052,6400,1271.7922696062774,92692158
M26053,416,1262.7532851261176,92002486
M26054,279,1342.2595752417146,104183877
M26055,145006,1414.3672685911667,119549542
M26056,5626,1324.7970509389982,101757206
M26057,1703,1280.7030570988777,94418126
M26058,13526,1266.3033196015335,92380764
M26059,1628,1176.9927833241734,71454215
M26060,2257,1242.021301988864,88235291
M26061,1649,1321.0335329974139,101720248
M26062,1175,1368.737282138859,107834553
M26063,1539,1246.6917068940577,88904335
M26064,1756,1305.6501672880631,98455432
M26065,1798,1264.41763395418,92298746
M26066,9565,1308.527478423654,98924776
M26067,1986,1179.4784584996905,71616574
M26068,1590,1309.3591076367302,98951786
M26069,6069,1317.5254719258512,99792697
M26070,11278,1299.7056099224822,97736864
M26071,21813,1482.5152876666648,132389602
M26072,13692,1478.333545270159,131623580
M27001,54265,2423.11151573431,386022596
M27002,217261,2342.209515670396,369074978
M27003,88218,2308.312926230276,355737942
M27004,520308,2356.8744981773893,373408045
M27005,164637,2317.8464605947656,362476342
M27006,104360,2341.142963560406,368760306
M27007,26951,2421.9494773592983,385483658
M27008,158573,2359.9749496998297,374900642
M27009,32840,2389.3562071029123,380541719
M27010,68746,2333.0292931500894,368466076
M27011,27807,2372.438958411209,379141374
M27012,133985,2391.891890412302,380650569
M27013,80272,2335.43839671224,368613407
M27014,70764,2304.994045838499,355047304
M27015,41296,2402.3799140088636,381987936
M27016,45834,2403.165874049474,382033379
M27017,55712,2462.2058360249403,388057313
M28001,13306,1572.4964553691802,151792208
M28002,27997,1701.96760030302,184429458
M28003,127664,1761.5965895024565,192228408
M28004,8915,1731.2469586201894,188218221
M28005,5183,1469.041333225453,130135620
M28006,7520,1628.213227570652,163899412
M28007,16787,1317.3549255362648,99770691
M28008,4537,1604.3914809330188,158508688
M28009,182325,1776.2985556258245,194637608
M28010,2333,1493.2285259217233,132932518
M28011,8570,1694.4085878891096,183137061
M28012,41455,1707.315383287245,184946158
M28013,14499,1580.343147856591,152538488
M28014,4366,1285.1323575333522,96020569
M28015,16246,1329.720741244329,102411857
M28016,24281,1540.194593731713,139699923
M28017,13184,1633.986021717323,174414937
M28018,8510,1553.6374309850091,145108646
M28019,17620,1646.70261668506,175733898
M28020,2830,1504.2901285031326,133754907
M28021,112602,1710.821376166875,185664859
M28022,418141,1387.3726222885364,113332248
M28023,5337,1452.691877854839,125963182
M28024,6788,1300.9560534571938,97748142
M28025,25704,1305.8647258298602,98457188
M28026,3176,1612.5570789669734,162239338
M28027,310915,1180.5393570709402,71631397
M28028,3067,1731.9389431939967,188272834
M28029,13303,1696.5314074002051,183254419
M28030,13677,1567.0684046200377,150477390
M28031,1821,1644.2395754410034,175388871
M28032,420463,1349.9411201960215,105410124
M28033,104229,1365.179049835441,107032682
M28034,9577,1507.5949353864614,134776259
M28035,57412,1488.5532319901927,132593052
M28036,1055,1496.60212058483,133199473
M28037,24231,1606.653386086368,158739883
M28038,295442,1778.069525889195,195455544
M28039,27049,1676.516031639318,180624155
M28040,58573,1403.8030905694784,116219416
M28041,263063,1599.2416255093856,155271110
M28042,7005,1514.6601941567371,135213522
M28043,22464,1683.113088903256,182414622
M29001,7679,2094.8648667004754,306297960
M29002,11795,2096.513495627471,306867989
M29003,5449,2074.2855663323007,288464727
M29004,13122,2090.371757582486,301809306
M29005,67675,2087.815658832526,300222986
M29006,37169,2064.154236569611,282535825
M29007,12412,2104.01740667063,309220605
M29008,10964,2105.7540310818777,309497546
M29009,4255,2095.0714977657312,306335940
M29010,57512,2098.4523824430576,307657819
M29011,4080,2080.491719731826,293723349
M29012,7215,2079.6251862758945,292004055
M29013,66561,2101.9454898601316,308902410
M29014,12664,2079.5269012557455,291991391
M29015,30301,2094.984649565456,306305639
M29016,5840,2109.0323991263,310202761
M29017,8357,2113.44829565998,311155804
M29018,28842,2096.585211898551,306879784
M29019,14313,2101.60387079134,308705009
M29020,6937,2075.677540000322,289436176
M29021,14605,2075.039729435694,288494642
M29022,4357,2108.3433342553503,310036586
M29023,21020,2106.008658411779,309511744
M29024,23391,2097.615798000782,307457142
M29025,54387,2120.269456425401,312095738
M29026,12824,2094.4220485340365,306164173
M29027,10142,2116.816009265054,311513669
M29028,17067,2106.2726369599413,309532764
M29029,9006,2105.591661891492,309488540
M29030,11226,2083.7241892417746,296030383
M29031,21753,2085.482564972525,298153013
M29032,10803,2106.5255756998836,309719497
M29033,73230,2097.625753277617,307480533
M29034,33893,2066.146601716995,283875426
M29035,4735,2092.0389118430394,303306913
M29036,16682,2096.4292187503065,306851307
M29037,7959,2114.018179925957,311229492
M29038,9294,2092.8452086364764,304246356
M29039,16857,2090.21878109751,301786024
M29040,7418,2086.1584189420378,299071504
M29041,22288,2114.3882438876262,311237451
M29042,10226,2113.475300815123,311164161
M29043,21555,2088.501834343988,300349762
M29044,31915,2108.7653855599465,310145253
M29045,4729,2065.713170400438,283415612
M29046,3391,2074.7323379089535,288481974
M29047,2347,2076.2402745606882,289731232
M29048,13697,2102.6450977957084,309046534
M29049,4360,2101.4580868869225,308668620
M29050,9081,2104.8408738161384,309398642
M29051,3234,2105.7604880307813,309508510
M29052,4587,2097.5186912738527,307452555
M29053,5547,2106.8120029816137,309794451
M29054,4368,2107.7754315627435,309911483
M29055,2939,2078.979497817042,291620824
M29056,5851,2098.5496904099145,307715331
M29057,3676,2105.4913917165404,309475840
M29058,6997,2110.9923189345873,310474779
M29059,4883,2109.3721622051876,310297895
M29060,3184,2103.451170956821,309144174
M30001,7514,2084.966343322245,296344150
M30002,2658,2075.7265202462418,289443113
M30003,78243,2306.5110859762103,355507479
M30004,39354,2100.936262086919,308600458
M30005,5011,2226.5732141184008,339326518
M30006,17785,2175.788950290923,328121065
M30007,5613,2153.6671956597975,321495758
M30008,8573,2135.0390483648284,316392102
M30009,27188,2085.842099921971,299044316
M30010,53241,2061.798376983176,281614749
M30011,49499,2198.0583112634677,333194385
M30012,7228,2235.1741501045835,340414377
M30013,26377,1880.4453090923987,221135562
M30014,36823,2168.1131700062533,324521975
M30015,32119,2224.066796856823,339045968
M30016,23389,2120.1804202066023,312029472
M30017,3611,2119.2080883539757,311962415
M30018,1776,2167.3734064707055,324469020
M30019,5381,2195.7225573254336,332943153
M30020,8054,2181.533604406776,329698093
M30021,22619,2162.6030650811995,323079691
M30022,16998,2158.4423438137733,321910697
M30023,48179,2059.075927440172,280806103
M30024,13339,2116.748140722346,311500330
M30025,20230,2108.7539849568434,310125023
M30026,16433,2085.6619799925274,298815189
M30027,16237,1924.5399578960828,232523637
M30028,135804,2154.828558049813,321504445
M30029,11072,2134.875645486495,316381030
M30030,39308,2168.340878687587,324558798
M30031,14628,2178.886160089613,328773593
M30032,45383,2250.6979387715187,341998643
M30033,23839,1957.394365874766,246156680
M30034,24729,1897.2283293536207,226128888
M30035,11268,1880.0806241578837,221097841
M30036,7301,2078.8661048947747,291613523
M30037,6876,1998.4198573611527,256353990
M30038,73536,2100.0960410277353,307947244
M30039,267212,2297.9359728856734,352519925
M30040,39189,1979.4283230918634,251368699
M30041,1834,2174.495919704511,327215418
M30042,6196,2053.283990459176,276798188
M30043,17094,2133.467082291772,316279132
M30044,177288,2162.6727316221504,323102310
M30045,54185,2241.4979888997395,340837853
M30046,15303,2113.3203957573537,311131151
M30047,42003,2140.9616139356854,317936348
M30048,97437,2308.186374940483,355640505
M30049,18920,2178.34118951797,328663982
M30050,14423,2010.9469283848293,261492647
M30051,21105,2002.3871370544177,256959548
M30052,10849,2176.8292061981997,328163617
M30053,23260,2175.0111725834463,328088085
M30054,11731,2247.1682476156866,341665769
M30055,12902,1886.6562517473606,223902997
M30056,6646,1883.6664713309506,222063174
M30057,12981,2071.293593864983,287767464
M30058,58735,1915.7932643703562,231346486
M30059,14105,2304.166413774743,354613384
M30060,14035,1878.9071476981449,220836109
M30061,73077,2331.522359105924,368268509
M30062,15130,2147.85501847789,320033767
M30063,15072,1883.232375796826,222048102
M30064,3438,2007.8560055593678,260094472
M30065,44580,2100.436006961542,308020780
M30066,23876,2004.9945770485315,257673832
M30067,10824,2007.0639423746663,258005474
M30068,46053,2160.948188948524,322830487
M30069,26413,1989.0623547243513,255014549
M30070,18205,2332.1770415467868,368444835
M30071,46477,2133.7939143628237,316310934
M30072,18093,1960.398501429194,246437484
M30073,39795,2278.9928005589068,346436260
M30074,5733,2167.391620985801,324470796
M30075,17753,2198.31075773806,333262074
M30076,12956,1933.516080042912,235065167
M30077,38847,2283.9302083723614,349550250
M30078,12863,1888.3512774228561,224035855
M30079,9517,2108.6188143947015,310115506
M30080,19945,2144.2613004234922,319325638
M30081,11914,2158.8058898402287,321976611
M30082,13294,2311.754913440791,359349030
M30083,49216,1948.8015309684292,241790866
M30084,6047,2231.7193668577515,340008974
M30085,56896,2165.020277336847,324067458
M30086,33399,2056.06190363376,278234551
M30087,390590,2091.4969789348193,302530032
M30088,4416,2117.190878566029,311550749
M30089,37764,2309.607739964129,355843351
M30090,9969,2158.8679137024237,321988525
M30091,25424,2359.9422630158315,374875218
M30092,28762,2103.1597004514274,309068403
M30093,13025,2083.2884110441933,296017358
M30094,33495,2290.52545594627,350707314
M30095,18971,2062.7608219773374,282245652
M30096,1432,2071.4995217136498,287854488
M30097,20161,2218.7538986713057,338410723
M30098,2327,2175.3823240305605,328118738
M30099,14709,2165.9865490439684,324370015
M30100,20580,2151.3479400361934,320990595
M30101,28622,2156.940287571417,321816861
M30102,119166,2032.2148602053917,268093391
M30103,10345,2005.8888545482412,257703102
M30104,15210,2279.070022693468,346476055
M30105,35171,2158.456355732798,321927695
M30106,3807,2074.3170236654055,288470176
M30107,2582,2071.2925362154324,287764882
M30108,153001,2310.846151780795,355889261
M30109,60771,2050.293424098664,275466783
M30110,8368,2194.2449929014674,331983563
M30111,16755,2316.566990777493,362397590
M30112,18097,2079.9882024119843,293229007
M30113,4038,2170.9766436855734,324642832
M30114,9798,2021.0844335586164,264279366
M30115,30945,2166.572532111656,324384724
M30116,13282,2309.1296623790163,355827624
M30117,22085,2181.0422097802684,329676008
M30118,118593,2164.442800149986,323753419
M30119,5236,2257.284946319632,343853977
M30120,12137,2306.3130811785313,355491856
M30121,24394,1843.7578763466615,210186934
M30122,14071,2278.128424016203,346401512
M30123,90657,1795.8198527488603,199569607
M30124,170304,1985.3174830820608,253509309
M30125,26567,2157.5776970740894,321867992
M30126,30791,2128.530877865484,314994106
M30127,17980,2155.346959516409,321749566
M30128,54365,2084.144585333627,296041609
M30129,17509,1879.9108485607107,221080332
M30130,49388,2299.5082064501485,352986697
M30131,152838,1973.6247885970818,249958902
M30132,14161,2078.209042799359,291131611
M30133,50329,1786.4703486784103,198088797
M30134,18999,2122.796836507138,312904757
M30135,14730,2169.382399160748,324598106
M30136,5342,2084.8760462316436,296325521
M30137,4195,2185.278358093377,330334323
M30138,39327,2165.3711275106175,324236092
M30139,5684,2222.6844677957997,338878775
M30140,2214,2171.3387694676676,324765934
M30141,142343,2245.109605235574,341062255
M30142,32645,2308.0718335243205,355607860
M30143,54539,2241.8028574083555,340914896
M30144,27958,2312.633779399018,359398875
M30145,11467,2305.6804733494914,355162893
M30146,3105,2129.518212165345,315072166
M30147,16392,2174.100834826763,324928027
M30148,27198,2154.88166001976,321676455
M30149,27486,2276.7150379565355,346335926
M30150,11589,1879.8588106482057,221068743
M30151,26306,1892.0607730486993,224761132
M30152,12643,1794.9679261099852,199452294
M30153,6254,1886.2046219830256,223896743
M30154,13455,1880.4509896860895,221161939
M30155,94829,1873.6052260688416,219796154
M30156,4881,2071.560829965241,287855920
M30157,19551,1947.4603632960823,240031318
M30158,25681,1986.98344860645,254543773
M30159,17640,2201.740423318852,333950042
M30160,102946,1928.2917024380147,234218406
M30161,36359,1852.1872477997101,213745744
M30162,5900,2123.923414241114,312955682
M30163,5603,2062.2146401354994,282240049
M30164,14900,2107.7358481488736,309896583
M30165,7844,2144.835258440318,319384232
M30166,8455,2079.2035439785313,291976403
M30167,13754,1898.8294940327685,226298157
M30168,11958,2178.1968159711537,328652024
M30169,24506,2275.0917940529343,345498119
M30170,9051,1956.0771994646152,246017162
M30171,4642,2190.5762520416483,330849968
M30172,19066,2314.7094480776645,361957202
M30173,51006,2198.3708008155054,333279827
M30174,89382,2221.3225323204947,338719059
M30175,81088,1952.5805014858067,245053432
M30176,4642,2252.898204774088,342802851
M30177,8899,2076.3377755530296,289733579
M30178,14946,2217.461411253993,338328451
M30179,3624,2131.7486030381247,315399158
M30180,11067,1953.9525287291915,245751052
M30181,36610,2188.463918503651,330683346
M30182,11484,2087.8592465068364,300290661
M30183,51877,2040.454403793774,270779397
M30184,6263,2190.5745709406724,330843705
M30185,3955,2169.417569342115,324612836
M30186,6092,2145.9050225501533,319392076
M30187,4839,2075.9922066441445,289709773
M30188,14952,2127.2488951279215,313585414
M30189,126616,1927.8160499916648,233989073
M30190,2210,2253.473363145401,342807935
M30191,27684,2116.540760488102,311461926
M30192,18771,2043.1704736414645,272389521
M30193,457377,2143.478738440012,318686324
M30194,7991,2074.6328855361776,288473983
M30195,4401,2185.8582269210838,330348803
M30196,16389,2171.4303784260665,324768148
M30197,12500,2058.512244700969,280793603
M30198,6993,1973.0876992415494,249266325
M30199,8945,2312.2350765652855,359364870
M30200,12339,2139.281190707424,317442965
M30201,39814,2186.456852779724,330436786
M30202,12339,1936.661177745035,236158750
M30203,12607,2015.3055235713657,262514810
M30204,44100,2305.6471909103107,355118793
M30205,18446,1824.2157390737789,207270702
M30206,27218,2305.816666718123,355174360
M30207,44215,2248.2711943847426,341739295
M30208,22858,2241.5855485900106,340892038
M30209,12488,2278.1295480164817,346415583
M30210,23461,2390.669182071621,380604951
M31001,5230,2208.7573512098934,335425628
M31002,13166,2203.1726119650116,334452541
M31003,9413,2262.1275402156143,344192238
M31004,5095,2176.1622656265677,328149533
M31005,1974,2196.8575795155825,333131090
M31006,7959,2196.7895560689076,332948534
M31007,6286,2196.896798003776,333133064
M31008,3916,2245.792486478038,341298010
M31009,4743,2185.825618505142,330344060
M31010,2085,2254.7710691446246,342851778
M31011,6065,2154.852330108051,321640249
M31012,3445,2229.3215130296226,339438271
M31013,7620,2173.8651644770503,324917723
M31014,1313,2276.2641191426046,346272787
M31015,4387,2216.452895193434,338301049
M31016,2369,2286.9967034468064,349637754
M31017,4016,2272.552772055163,345362291
M31018,2800,2237.7945354679646,340596052
M31019,25085,2293.3677502596574,351298003
M31020,3503,2167.8304026013057,324508854
M31021,6561,2281.3145564483025,346674306
M31022,3511,2296.85160218512,351457058
M31023,4057,2191.4522769258274,331368221
M31024,2868,2248.147573800461,341736427
M31025,4316,2244.4702107425287,341057939
M31026,3150,2170.5316665597056,324634581
M31027,7877,2180.04295116311,329525137
M31028,2414,2173.268098763199,324914008
M31029,5854,2182.3472051394165,330180549
M31030,3413,2245.438845614105,341286964
M31031,2723,2199.1280831647573,333614550
M31032,12666,2239.8235509820347,340788814
M31033,16864,2207.49281486672,334632382
M31034,5312,2212.497588679854,335662582
M31035,5477,2209.7463399841486,335601876
M31036,6112,2218.183970016488,338403159
M31037,4227,2225.4184021382125,339318417
M31038,25979,2163.0327447424434,323279598
M31039,3226,2167.9108042917906,324512357
M31040,23006,2212.0964081322804,335639576
M31041,39191,2186.150397522991,330394046
M31042,5130,2224.5897026222983,339313287
M31043,2248,2272.447989370055,345360043
M31044,5534,2169.576752852345,324616791
M31045,2184,2198.5905348532456,333330833
M31046,2720,2240.2889291795354,340801480
M31047,4664,2248.125997205473,341731763
M31048,18804,2200.432671031283,333852678
M31049,2484,2248.3337507033734,341783510
M31050,705055,2179.548118095568,328795106
M31051,2684,2173.99085997366,324925343
M31052,29485,2183.124216645535,330284209
M31053,11449,2223.371974601196,338920385
M31054,2537,2186.1002956525635,330391509
M31055,5279,2210.29590320251,335634297
M31056,25483,2255.1348694873495,342853863
M31057,7802,2214.189215717244,335861610
M31058,21284,2296.1570277524215,351433498
M31059,48797,2146.222703148315,319398168
M31060,993,2237.3256131304042,340595059
M31061,3061,2191.152301014986,331039406
M31062,3909,2228.0345157143934,339331529
M31063,4354,2175.239432378145,328114384
M31064,1452,2218.403659638873,338409271
M31065,1838,2190.2047498562006,330823303
M31066,3489,2242.5630954975063,340973584
M31067,8275,2204.373896770585,334490908
M31068,3039,2175.1141740900316,328111345
M31069,7633,2245.66271100641,341290377
M31070,3874,2225.667853937056,339322644
M31071,1527,2219.589302223778,338504978
M31072,1847,2190.522188170433,330841858
M31073,3193,2287.5410329550527,349647384
M31074,3505,2206.1815112883314,334550515
M31075,4866,2251.771690794719,342562396
M31076,14380,2208.873991442035,335430858
M31077,2310,2207.5761996893043,334649246
M31078,3889,2200.0395034311055,333689796
M31079,34802,2271.245929002807,345282054
M31080,8464,2236.4151337613703,340562447
M31081,2660,2281.796776888825,346683109
M31082,3302,2173.102515790636,324910706
M31083,1594,2159.965065018593,322769412
M31084,6396,2194.5616955335395,331991931
M31085,12274,2265.235192620898,344752764
M31086,2126,2199.5631037265516,333681558
M31087,4201,2165.576045301282,324305436
M31088,1926,2197.8493712451295,333192459
M31089,32776,2240.5572455440233,340805077
M31090,5883,2200.2246263182055,333693685
M31091,9533,2259.313838401962,343895908
M31092,5289,2287.786628670418,349828326
M31093,15281,2186.955536661139,330476600
M31094,4012,2276.399326492066,346331914
M31095,4840,2187.2414096806074,330491881
M31096,64104,2235.246001185119,340421605
M31097,3528,2228.0439171353055,339335438
M31098,12577,2295.4370105279913,351394959
M31099,2976,2267.8972933025025,344924084
M31100,2909,2167.4175768098517,324476529
M31101,49145,2181.9374659107725,330131404
M31102,56776,2276.3213169912888,346275138
M31103,2824,2213.7096450230697,335810144
M31104,13243,2259.0482896095627,343868718
M31105,2371,2179.825199060547,329517049
M31106,2067,2177.7253329121663,328209069
M32001,7371,1857.8208127128928,216772695
M32002,4976,1862.8136376208065,217174297
M32003,3199,1825.6357754582227,207289148
M32004,4368,1860.0564824291023,216818145
M32005,31897,1690.006747666625,182990659
M32006,8522,1617.6740834122425,162574478
M32007,11728,1495.7394994971028,133132213
M32008,10824,1742.0743177182853,190059113
M32009,11927,1648.454186029162,176209570
M32010,183236,1666.7692752183048,177320107
M32011,3547,1891.2156515735826,224636395
M32012,7974,1738.6686870023,189573543
M32013,5486,1685.3852201610196,182494798
M32014,23112,1578.2754194668048,152293249
M32015,2018,1806.5133017052049,205203519
M32016,21689,1716.1908894913583,186029317
M32017,109066,1710.6072104936281,185555793
M32018,5254,1823.0003559865122,207243143
M32019,23470,1838.7399763395945,209406172
M32020,54757,1726.4336764220343,187679513
M32021,5235,1671.1083335945286,179281703
M32022,19387,1551.0367162444693,141757348
M32023,12669,1864.76368073671,218363458
M32024,39921,1758.8170345680464,191534022
M32025,11418,1743.033137223966,190092042
M32026,17860,1493.7143904567063,132934851
M32027,2720,1472.7509572833123,130924173
M32028,3004,1889.154491825767,224086403
M32029,21671,1551.4047772399456,141776735
M32030,2916,1810.6746765712978,205902165
M32031,9702,1772.0161543185407,194265712
M32032,9755,1698.5726070347418,184100098
M32033,5704,1881.5099627240636,221339109
M32034,29282,1867.2560338917676,218583557
M32035,13814,1739.5569149545236,189581517
M32036,38219,1727.8077344681803,187776323
M32037,13985,1696.3976782681295,183240434
M32038,64415,1753.802892154333,191019590
M32039,59330,1597.4032533325226,155083615
M32040,20775,1626.929133329743,163535654
M32041,3101,1504.9938910284345,133830692
M32042,61652,1626.8369323070472,163474002
M32043,1346,1732.0295524955272,188314308
M32044,15681,1812.2655294480367,206358122
M32045,8972,1838.5004861084906,209385989
M32046,8446,1749.0561194956424,190758636
M32047,9174,1863.2667325787086,217179273
M32048,23456,1826.0386829943586,207323824
M32049,35048,1720.7578158881606,187236798
M32050,7228,1701.464823852688,184422230
M32051,32125,1648.6521238096395,176221497
M32052,14443,1770.6414250618307,194222024
M32053,11870,1731.7075600812539,188260964
M32054,15746,1747.94054198722,190677979
M32055,32140,1757.8070261166351,191433213
M32056,123899,1708.3318202246746,185002793
M32057,13080,1710.8537955918498,185777461
U01001,43671,1416.9416266634182,119902831
U01003,140415,1446.644459626086,125484129
U01005,29038,1554.953912203087,146326152
U01007,20826,1351.6343594381651,105881611
U01009,51024,1351.4872156709037,105830587
U01011,11714,1516.595503441455,135407284
U01013,21399,1458.9688888927772,128317415
U01015,112249,1423.6545994310675,120377968
U01017,36583,1500.3593873459458,133476102
U01019,23988,1424.9407537105562,122480456
U01021,39593,1393.0836172648942,114248038
U01023,15922,1320.6595279457256,101630269
U01025,27867,1373.4025809083437,109756590
U01027,14254,1443.8391458802917,125092643
U01029,14123,1454.0645732166079,126324809
U01031,43615,1535.2165835521637,138073999
U01033,54984,1215.7937418466497,85343553
U01035,14089,1454.2215857454094,126338932
U01037,12202,1428.8901034716346,123007047
U01039,37631,1508.4577936665148,134785836
U01041,13665,1489.090832322163,132650464
U01043,77483,1319.1070792794433,101142225
U01045,49129,1563.9066034237017,149803041
U01047,46365,1390.2278990772363,114006755
U01049,64452,1396.055873184156,115260077
U01051,65874,1454.7336924511953,127988973
U01053,38440,1459.9523662971994,128345627
U01055,103459,1393.5429442345442,114287631
U01057,18495,1263.5990067059086,92243516
U01059,31223,1223.281170652621,86317042
U01061,25764,1567.3078637425645,150565538
U01063,9974,1292.7455377748681,96488279
U01065,17185,1325.4492206767172,101789705
U01067,16310,1588.6237860099677,153156300
U01069,88787,1605.2851209057953,158596624
U01071,53926,1369.4639414321089,107835728
U01073,662047,1343.5451559647877,104198910
U01075,15904,1233.0640227896558,87489283
U01077,87966,1220.6008207072573,86171531
U01079,34803,1263.7136556061275,92262011
U01081,115092,1519.5589714088649,135760368
U01083,65676,1281.524251058233,95816743
U01085,13473,1438.2600704660497,124649576
U01087,24105,1502.9771287789254,133696334
U01089,276700,1320.1712622641257,101322324
U01091,22539,1341.0892508680015,103477718
U01093,31214,1233.5500792231094,87505187
U01095,82231,1357.987475773645,106112968
U01097,399843,1411.1492885046268,116873046
U01099,24324,1414.027697592861,119483599
U01101,223510,1471.2832157518083,130524067
U01103,111064,1307.286741341573,98482892
U01105,11861,1358.4683706722008,106198384
U01107,20949,1257.3258957883272,91650494
U01109,29605,1515.5703693805424,135234619
U01111,22380,1475.8456655967318,131375123
U01113,49756,1549.8376319618271,141569231
U01115,64742,1384.69695481629,113073560
U01117,143293,1376.0297833409404,110063997
U01119,14798,1287.9047571097028,96142228
U01121,80321,1412.6739257904837,118446986
U01123,41475,1469.1706483661653,130140803
U01125,164875,1304.7686147843153,98239836
U01127,70713,1298.3327638591354,97648781
U01129,18097,1361.7309596970333,106330104
U01131,13183,1395.3108670909296,114541139
U01133,24843,1276.264454336969,93028654
U02013,2697,4864.309878238806,407651541
U02016,5465,6207.354357660607,407670462
U02020,260283,4191.7509173583785,407221286
U02050,16006,4763.770364808758,407628327
U02060,1258,4568.06987489647,407614762
U02068,1893,4307.080205967478,407540891
U02070,4922,4669.346966390326,407623405
U02090,82840,4189.097036705383,407138446
U02100,2392,3403.084557313552,406428821
U02110,30711,3293.657992018301,406332976
U02122,49691,4332.524137300435,407542784
U02130,14070,2975.522611189938,404880492
U02150,13913,4359.317397883702,407592475
U02164,1823,4547.112956522047,407612939
U02170,59322,4228.773976088228,407481569
U02180,9196,5001.106288491121,407661266
U02185,7385,4658.611166047044,407616020
U02188,7208,4846.444353296972,407644333
U02201,6146,3028.456738794411,405186511
U02220,8835,3292.8806606843773,406324141
U02232,3436,3408.7829890276903,406439175
U02240,6174,4002.7251716168066,407132272
U02261,10195,3980.7573315949426,407094213
U02270,7028,4933.599720982636,407654238
U02280,6684,3158.94984263553,405732327
U02282,808,3683.1555500507466,406667429
U02290,6551,4434.656459532093,407606388
U04001,69423,834.4247066558913,29585065
U04003,117755,1069.4692664642841,59327277
U04005,116320,1010.8464029232753,50009838
U04007,51335,1022.7336080609091,52160340
U04009,33489,1003.6866760315351,48722470
U04011,8547,935.8213967617269,39783283
U04012,19715,1289.7110966717325,96402414
U04013,3072149,1182.5077791548936,72276817
U04015,155032,1185.0785347523888,75441545
U04017,97470,903.4418893943098,36965946
U04019,843746,1200.3233066191642,82871459
U04021,179727,1117.9191508527542,63950411
U04023,38381,1172.9255161431167,71065957
U04025,167517,1125.4353879532748,64884227
U04027,160026,1328.667741632389,102034619
U05001,20749,938.4114069817648,39880029
U05003,24209,973.7083856993963,42880998
U05005,38386,770.6304612441869,27115590
U05007,153406,605.068468997446,14898533
U05009,33948,705.8993217582513,24295201
U05011,12600,926.0905523749537,39388756
U05013,5744,893.8436689212574,35399797
U05015,25357,665.4120669441613,20417236
U05017,14117,1004.8076824818121,49798982
U05019,23546,812.1288404273804,28790403
U05021,17609,932.7586186263152,39694103
U05023,24046,820.4722314656684,29303387
U05025,8571,897.3661484295245,35777578
U05027,25603,865.7963311285844,32164654
U05029,20336,781.9095175325699,27400724
U05031,82148,931.5649611836761,39549954
U05033,53247,640.6352502738076,17263077
U05035,50866,981.9285055087724,46607387
U05037,19526,939.9829117391918,39963246
U05039,9210,857.0870285069933,31157737
U05041,15341,974.8151038968956,43021042
U05043,18723,952.1041367581814,41486789
U05045,86014,817.5138533382861,29067877
U05047,17771,672.4860352533383,20534483
U05049,11642,811.272790718121,28707054
U05051,88068,782.0334632329955,27421060
U05053,16464,855.4522649317317,31059668
U05055,37331,927.4679643772861,39429907
U05057,23587,797.9504058150744,28331522
U05059,30353,813.4485044695504,28874170
U05061,14300,749.8982071083761,26539223
U05063,34233,855.7226724562405,31076132
U05065,13249,812.5640308400879,28821758
U05067,18418,889.706004504898,35140803
U05069,84278,894.8795215387241,35471474
U05071,22781,703.5980723436886,24220017
U05073,8559,836.9588378106961,29916061
U05075,17774,883.9338182618521,34984545
U05077,12580,962.2623877049593,41942557
U05079,14492,929.3173206714847,39485151
U05081,13628,760.184123029652,26799144
U05083,22486,700.9458015504099,24005523
U05085,52828,872.0984386133033,33025100
U05087,14243,662.6947282700872,18938033
U05089,16140,741.3408029589069,26216198
U05091,40443,812.121805021945,28749960
U05093,51979,983.2433413573555,46658253
U05095,10254,932.2142021302734,39666204
U05097,9245,744.1575453642419,26233894
U05099,9955,828.3310993713693,29434172
U05101,8608,709.4558116455084,24658049
U05103,28790,864.7372295143387,32107834
U05105,10209,778.8595369522063,27374323
U05107,26445,973.9744887199764,42949334
U05109,11303,769.263414754296,27067074
U05111,25614,936.7872096629847,39848495
U05113,20229,704.9910412972072,24263209
U05115,54469,744.8167975798723,26243139
U05117,9539,895.8912140628894,35569785
U05119,361474,836.9839381191842,29924620
U05121,18195,880.7528681664477,34917985
U05123,29329,954.5787957033689,41541962
U05125,83529,815.1781058071995,28926325
U05127,10996,694.5199821119618,23599254
U05129,8261,752.7525898961001,26622278
U05131,115071,658.3754112052695,18743722
U05133,15757,737.9315590215169,25793443
U05135,17119,847.8234410746961,30880602
U05137,11499,801.9771739168286,28464031
U05139,45629,914.2151885297486,38279869
U05141,16192,781.6716150471417,27384532
U05143,157715,623.4946251955173,15692679
U05145,67165,859.6323962855198,31260397
U05147,8741,904.9202866565365,37073995
U05149,21139,737.731971274686,25772304
U06001,1443741,1856.1817317803468,215259550
U06003,1208,1661.1179870621559,177176573
U06005,35100,1736.7427412502732,188941547
U06007,203171,1811.76850619093,206098571
U06009,40554,1730.7411561347405,188170507
U06011,18804,1868.2270244801723,218872490
U06013,948816,1855.5922672703682,214199097
U06015,27507,2018.881533414683,263973294
U06017,156299,1723.6395852359856,187365200
U06019,799407,1674.498701785982,179785272
U06021,26453,1880.4239855801766,221109109
U06023,126518,2009.2565780984003,260250761
U06025,142361,1433.1911422312944,123207016
U06027,17945,1481.5610235194863,132287090
U06029,661645,1629.589752341364,173548221
U06031,129461,1704.3250327306353,184484873
U06033,58309,1912.606962765387,231154601
U06035,33828,1731.6522296077949,188227136
U06037,9519338,1628.775645941297,163950555
U06039,123109,1674.290130221573,179662163
U06041,247289,1922.964081698072,232104791
U06043,17130,1682.7245398774778,182397492
U06045,86265,1970.426290567671,248546176
U06047,210554,1759.6669112372106,191714484
U06049,9449,1747.361246896863,190668530
U06051,12853,1587.4770058451359,153084752
U06053,401762,1831.5784224717165,208139279
U06055,124279,1881.1782608210422,221214830
U06057,92033,1741.6505811738805,189967080
U06059,2846289,1608.244920332966,158812386
U06061,248399,1738.2758796148898,189272607
U06063,20824,1745.6916266174032,190548460
U06065,1545387,1454.733151827716,126443586
U06067,1223499,1796.2671803986775,200287959
U06069,53234,1802.9316042066437,203029041
U06071,1709434,1424.4995380139087,120750729
U06073,2813833,1552.8228036259345,142058296
U06075,776733,1952.5192654006808,244276699
U06077,563598,1796.2160453938977,199724361
U06079,246681,1778.4791397751167,195915600
U06081,707161,1899.935866868582,226339577
U06083,399347,1770.1866534093633,193812958
U06085,1682585,1843.8282036588125,210211328
U06087,255602,1875.392184050299,220028597
U06089,163256,1850.8513047229212,213510832
U06091,3555,1719.3934998987193,186815304
U06093,44301,1897.5677591624194,226253856
U06095,394542,1850.2213748936867,213116290
U06097,458614,1934.576761649928,235518257
U06099,446997,1778.0247425591103,195008547
U06101,78930,1822.9809448443882,207164213
U06103,56039,1865.2186369177102,218453669
U06105,13022,1940.6977458132474,237338753
U06107,368021,1609.7892513512936,161684110
U06109,54501,1681.222949191504,182285360
U06111,753197,1697.9972055446854,183346901
U06113,168660,1842.9399265143156,209848483
U06115,60219,1790.8701323149596,198493197
U08001,363857,371.0200788404877,3441640
U08003,14966,446.7805852721655,7173333
U08005,487967,358.1159379137442,2662239
U08007,9898,563.7870438837525,13160351
U08009,4517,178.56793191517613,243218
U08011,5998,205.33995329311927,331672
U08013,291288,462.03415676415244,7719678
U08015,16242,492.10568773104245,9589142
U08017,2231,184.44957528500012,287209
U08019,9322,464.2421531166793,8356757
U08021,8400,487.7719926750435,9426721
U08023,3663,421.66341781711634,6100186
U08025,5518,268.1538273387871,638310
U08027,3503,405.7147628228103,4493319
U08029,27834,626.9662283726462,16510949
U08031,554636,405.7853929865721,4496822
U08033,1844,684.4066830468925,20961293
U08035,175766,390.159742823071,4105085
U08037,41659,544.7615417201201,12607521
U08039,19872,325.0904977671636,1672809
U08041,516929,341.103319807238,1913013
U08043,46145,411.35424311688786,5757971
U08045,43791,644.5667326650348,17493385
U08047,4757,460.5330339348586,7668497
U08049,12442,516.6079083755384,10626017
U08051,13956,556.9752394524388,12949370
U08053,790,583.3320984264764,14482613
U08055,7862,372.69418032814997,3893194
U08057,1577,561.5943032493863,13116253
U08059,527056,426.17931058852633,6152386
U08061,1622,180.17583768926636,275940
U08063,8011,213.70047768513712,349936
U08065,7812,503.99788168838904,10358265
U08067,43941,630.6674634122011,17064387
U08069,251494,500.70334237461714,9803616
U08071,15207,301.9906983179011,1342365
U08073,6087,262.7219368102463,601384
U08075,20504,359.9287494617323,3276487
U08077,116255,680.2455336050539,20821886
U08079,831,545.5687688826065,12649180
U08081,13184,700.7600719008132,23992339
U08083,23830,695.7414870123055,23664825
U08085,33432,658.3722355578026,18710290
U08087,27171,361.2704540866623,3296991
U08089,20311,262.07545278223915,581073
U08091,3742,615.048153439062,15528789
U08093,14523,448.76534919285996,7385910
U08095,4480,314.94352856377566,1518471
U08097,14872,551.984908193685,12793978
U08099,14483,145.17341139362233,144247
U08101,141472,328.4461344443535,1692681
U08103,5986,679.1053343247979,20760730
U08105,12413,506.17375662157144,10418141
U08107,19690,601.8834653043597,14792503
U08109,5917,482.3291569568792,9155413
U08111,558,608.7439367232389,15277752
U08113,6594,673.353527220677,20579524
U08115,2747,343.13386595796925,2452690
U08117,23548,499.1493630375627,9780068
U08119,20555,397.555923801919,4307938
U08121,4926,301.5719271888772,1337439
U08123,180936,419.50572749240587,5919250
U08125,9841,261.178429427938,571232
U09001,882567,2361.1657118259195,375159037
U09003,857183,2414.078214529252,382750253
U09005,182193,2372.393077750482,378959181
U09007,155071,2431.3671189291285,386451934
U09009,824008,2400.063262000942,381060331
U09011,259088,2466.3911090990705,388243623
U09013,136364,2446.6125338101815,387393991
U09015,109091,2475.6187744362533,389088792
U10001,126697,2190.6495395351662,330854610
U10003,500265,2174.5920223219637,327217252
U10005,156638,2209.6167376885387,335445238
U11001,572059,2062.0807192753973,281667990
U12001,217955,1931.4670341956908,234592893
U12003,22259,1896.8458943017054,226051968
U12005,148217,1636.730887447048,174611617
U12007,26088,1930.309933072072,234484871
U12009,476230,2151.1326056894386,320483691
U12011,1623018,2311.621338525276,357726012
U12013,13017,1660.8076782212993,177138799
U12015,141627,2151.6409225623747,321019137
U12017,118085,1971.028235267857,248831685
U12019,140814,1952.9750171335065,245184074
U12021,251377,2246.6916812303593,341312066
U12023,56513,1876.8671198304833,220526566
U12027,32209,2139.1242209496527,317410756
U12029,13827,1870.4043994981514,219554206
U12031,778879,1949.745685935234,242463696
U12033,294410,1480.6549509285217,131785286
U12035,49832,2030.2365046010732,267650822
U12037,11057,1729.4809483795434,188159450
U12039,45087,1695.162227022287,183152652
U12041,14437,1893.3131772395284,224977532
U12043,10576,2202.992861107674,334441965
U12045,13332,1687.5604637979122,182561787
U12047,13327,1834.2343758416894,208801510
U12049,26938,2116.883907816306,311523811
U12051,36210,2235.3214904732017,340510598
U12053,130802,1993.9155103829573,255529137
U12055,87366,2164.466580658778,323872012
U12057,998948,2047.5506044946087,274018595
U12059,18564,1582.1773210784086,152947048
U12061,112947,2200.230683776395,333699568
U12063,46755,1634.738168644816,174472668
U12065,12902,1762.3548633067262,192379376
U12067,7022,1846.1337899542343,212016015
U12069,210528,2040.5124505372046,270831274
U12071,440888,2178.119223787713,328211136
U12073,239452,1729.27220784982,187919998
U12075,34450,1922.0321811508086,232070341
U12077,7021,1694.9363938300091,183145631
U12079,18733,1794.8040335893104,199238316
U12081,264002,2075.8270447349396,289445771
U12083,258916,1986.1702150435121,254237324
U12085,126731,2255.90207568335,342879346
U12086,2253362,2351.9176214382064,370871139
U12087,79589,2299.325296814362,352899322
U12089,57663,1924.67344172377,232539874
U12091,170498,1534.0691015305954,137837284
U12093,35910,2196.8371818139644,333095180
U12095,896344,2087.5561294707522,299326642
U12097,172493,2131.904068604284,315402782
U12099,1131184,2281.9215931625804,346685769
U12101,344765,2012.4148159833553,261590180
U12103,921482,2017.7374750629863,262868564
U12105,483924,2095.467202483419,306349280
U12107,70423,1985.4469994950318,253725623
U12109,123135,1997.356557531242,256151509
U12111,192695,2231.9707972833976,340015021
U12113,117743,1499.2503326725862,133358359
U12115,325957,2096.825524301203,306908626
U12117,365196,2091.539041753637,302920622
U12119,53345,2014.9969530956678,262440416
U12121,34844,1848.895581282342,213081446
U12123,19256,1809.4700837218759,205882909
U12125,13442,1907.6361179910236,230365128
U12127,443343,2065.9950207338807,283432083
U12129,22863,1741.4621271683056,189935170
U12131,40601,1568.7000054444104,150979469
U12133,20973,1610.694853751587,162149629
U13001,17419,1819.5257829176567,206763694
U13003,7609,1793.5997035285022,199023689
U13005,10103,1820.5880410005136,207024727
U13007,4074,1663.7025149354436,177207584
U13009,44700,1673.5866864517398,179513420
U13011,14422,1598.6195083907364,155251553
U13013,46144,1594.288822659835,154925613
U13015,76019,1487.619665763126,132517033
U13017,17484,1747.9681627436719,190693725
U13019,16235,1766.3299292314719,192779709
U13021,153887,1648.1687976037501,176038316
U13023,11666,1696.8885590730613,183302154
U13025,14629,1873.8769867267072,219890983
U13027,16450,1762.2735783818182,192362926
U13029,23417,1877.1228912260865,220590053
U13031,55983,1833.0677867965096,208555462
U13033,22243,1780.091281377429,196480307
U13035,19522,1603.3763901648429,157943697
U13037,6320,1638.2116584737757,174814156
U13039,43664,1917.9715699183562,231602616
U13043,9577,1804.7833603965641,204381413
U13045,87268,1494.997304749866,133044945
U13047,53282,1436.911046459817,124596294
U13049,10282,1883.9706425998972,222149843
U13051,232048,1908.5845712330358,230469650
U13053,14882,1579.774514656485,152523606
U13055,25470,1434.8702073860243,124065499
U13057,141903,1518.653224270165,135562580
U13059,101489,1625.5643738306355,163159424
U13061,3357,1602.7796395015177,157940340
U13063,236517,1553.004163935998,144872129
U13065,6878,1829.8689210962261,207912862
U13067,607751,1522.5634131058912,136162289
U13069,37413,1783.3080368858725,196850115
U13071,42053,1726.9846244222326,187734270
U13073,89288,1737.9555126055839,189071244
U13075,15771,1756.908402432128,191398855
U13077,89215,1532.3934767749013,137748069
U13079,12495,1628.974937224304,173498146
U13081,21996,1688.3977067817743,182575119
U13083,15154,1406.7582202845465,116379522
U13085,15999,1536.9362090588327,138125607
U13087,28240,1679.7711605819309,182210905
U13089,665865,1559.4369670147203,148557473
U13091,19171,1725.3488506012798,187587770
U13093,11525,1671.4644104215834,179413909
U13095,96065,1671.0929232791943,179185638
U13097,92174,1516.5129123326387,135315110
U13099,12354,1626.8057272054443,163461648
U13101,3754,1830.8950813256504,207964455
U13103,37535,1868.5923772307856,219312342
U13105,20511,1664.355351431783,177288296
U13107,21837,1776.5087076116351,194819933
U13109,10495,1832.5762666345845,208541041
U13111,19798,1508.9521723315027,134823467
U13113,91263,1552.376887989712,141880060
U13115,90565,1454.5190121785527,126353021
U13117,98407,1549.310226229118,141389503
U13119,20285,1621.165336037979,162844439
U13121,816006,1537.95867971486,138162265
U13123,23456,1503.4948364748043,133731451
U13125,2556,1721.3130281692686,187271846
U13127,67568,1913.5771759451677,231223335
U13129,44104,1474.0266522844315,130957850
U13131,23659,1706.6932154031292,184922499
U13133,14406,1658.2809629419176,176972982
U13135,588448,1568.9719752181268,151020070
U13137,35902,1585.7459307824643,153048850
U13139,139277,1572.307289338706,151652931
U13141,10076,1685.8598415464571,182510971
U13143,25690,1473.6959519711359,130932160
U13145,23695,1549.7046328317238,141545536
U13147,22997,1644.9850217189717,175423892
U13149,11012,1503.4106857540805,133720439
U13151,119341,1579.4044560480775,152404265
U13153,110765,1667.9348288348815,177669083
U13155,9931,1744.5084444412828,190455631
U13157,41589,1601.2730825154997,157075027
U13159,11426,1625.2490277755674,163147998
U13161,12684,1786.7964431017233,198139126
U13163,17266,1745.153813536122,190531194
U13165,8575,1794.9653997444952,199443719
U13167,8560,1741.1824397923106,189907418
U13169,23639,1649.355337797505,176253622
U13171,15912,1597.3623111184254,155067703
U13173,7241,1793.4435331322895,199016448
U13175,44874,1733.084633595716,188334552
U13177,24757,1661.0331265449188,177151816
U13179,61610,1885.975582233704,223804954
U13181,8348,1711.0901572144473,185790541
U13183,10304,1864.9153833554067,218382994
U13185,92115,1788.3172365886182,198151810
U13187,21016,1547.3163422332268,141226774
U13189,21231,1721.759911465228,187274402
U13191,10847,1909.9296388217388,230746213
U13193,14074,1640.0112611527377,175023437
U13195,25730,1632.644860515353,174378477
U13197,7144,1600.591009109116,156818837
U13199,22534,1555.9037880065828,148429205
U13201,6383,1650.5143513462813,176277261
U13205,23932,1690.2762926419855,183022556
U13207,21757,1618.9600483836355,162822682
U13209,8270,1777.125777675699,194936413
U13211,15457,1629.7291407890882,174209866
U13213,36506,1475.0918864422101,131338617
U13215,186291,1564.0982102991077,149929965
U13217,62001,1600.8767971583945,156825981
U13219,26225,1624.3138940886633,163121773
U13221,12635,1654.2141343020094,176918424
U13223,81678,1498.3535896474004,133200528
U13225,23668,1648.134514620184,176014648
U13227,22983,1509.087773926089,134864549
U13229,15636,1846.5213204382064,212023037
U13231,13688,1576.335728004015,152006909
U13233,38127,1467.890631917771,129949607
U13235,9588,1694.1629202052995,183127473
U13237,18812,1651.89319601973,176391353
U13239,2598,1587.8049728445574,153112655
U13241,15050,1587.6098479824032,153097605
U13243,7791,1614.3351780296214,162400636
U13245,199775,1761.0655831321353,191925038
U13247,70111,1581.5854012763627,152876937
U13249,3766,1622.781744342184,162967147
U13251,15374,1827.4208142837106,207669554
U13253,9369,1653.1481109235258,176427939
U13255,58417,1576.8437956536384,152143356
U13257,25435,1609.1705169439995,161658675
U13259,5252,1590.501874309491,153568759
U13261,33200,1644.245573244829,175390692
U13263,6498,1583.0110900061525,152981765
U13265,2077,1684.0341995073893,182462794
U13267,22305,1823.449855091633,207248397
U13269,8815,1613.819342194391,162295037
U13271,11794,1756.9119571340473,191414626
U13273,10970,1639.1911661166596,174973524
U13275,42737,1733.6293086447795,188379426
U13277,38407,1731.9943801149807,188275901
U13279,26067,1796.327335874436,201593324
U13281,9319,1558.5054803338426,148501188
U13283,6854,1762.2604158490078,192356072
U13285,58779,1525.0230639176125,136806935
U13287,9504,1709.2560819230152,185493069
U13289,10590,1677.6816527673725,181531232
U13291,17289,1538.567947678555,138978271
U13293,27597,1594.2627866162286,154898016
U13295,61053,1428.3519732922425,122931604
U13297,60687,1601.0302332969875,156891886
U13299,35483,1845.5624715785298,211980532
U13301,6336,1706.0442994528507,184684882
U13303,21176,1716.4764390108476,186051006
U13305,26565,1861.1219204265603,217039796
U13307,2390,1615.162109744315,162426466
U13309,6179,1763.0122114955864,192392278
U13311,19944,1566.6220403980951,150170626
U13313,83525,1455.0097785550543,128057113
U13315,8577,1712.0522436603528,185809232
U13317,10687,1685.8401559483486,182500284
U13319,10220,1692.2171345686456,183091086
U13321,21967,1700.0791722882577,184109853
U16001,300904,1434.8909044705601,124090969
U16003,3476,1508.991929049989,134861073
U16005,75565,1100.7454786608378,61913624
U16007,6411,1014.7443042529674,50412025
U16009,9171,1647.3531524773261,175978138
U16011,41735,1138.1259008398558,66421522
U16013,18991,1260.6559891700267,91759085
U16015,6670,1416.7136507589105,119896161
U16017,36835,1713.4985023347494,185908704
U16019,82522,1091.7688022245613,60748522
U16021,9871,1739.8097548839771,189595331
U16023,2899,1217.6591128468372,85870341
U16025,991,1326.8146200456026,102018625
U16027,131441,1476.655861821399,131410000
U16029,7304,1054.5643579367847,58464239
U16031,21416,1189.2251012303213,76624198
U16033,1022,1193.1242287704504,76732634
U16035,8930,1551.939029709196,141849485
U16037,4342,1323.9383854346693,101749490
U16039,29130,1374.145260307672,109879774
U16041,11329,1047.3412675121544,57789423
U16043,11819,1130.192723945024,65152664
U16045,15181,1470.4721645642799,130224563
U16047,14155,1308.4719924373833,98910621
U16049,15511,1491.781662813537,132843327
U16051,19155,1162.5932931317557,70531311
U16053,18342,1254.9731865664,91101735
U16055,108685,1679.1005349279385,182102220
U16057,34935,1630.2681112586151,174249020
U16059,7806,1333.5568434615593,103091988
U16061,3747,1577.2572776506704,152256861
U16063,4044,1258.1588496348327,91731775
U16065,27467,1116.2708588968455,63829604
U16067,20174,1213.9446350492778,84977472
U16069,37410,1605.1515471032797,158559214
U16071,4125,1101.2469929924682,61989189
U16073,10644,1398.0170111021343,115416372
U16075,20578,1494.186571716996,132992422
U16077,7538,1146.9675955044959,67122864
U16079,13771,1608.1846708293526,158798615
U16081,5999,1084.2109902355533,60454352
U16083,64284,1274.2497550559567,92789865
U16085,7651,1446.999583153937,125624544
U16087,9977,1516.0818088059148,135264224
U17001,68277,852.0402542480733,30917207
U17003,9590,1007.5400044929175,49906347
U17005,17633,988.1242309143449,47064417
U17007,41786,1117.0044448992385,63873191
U17009,6950,888.7197601818916,35133853
U17011,35503,1028.045664244599,52646601
U17013,5084,883.8502271514345,34979461
U17015,16674,1021.9210256890833,52143666
U17017,13695,931.1878196174576,39536259
U17019,179669,1106.4039188401916,63120989
U17021,35372,1006.5825341699508,49853732
U17023,17008,1132.1522898565343,65350223
U17025,14560,1070.3936508975412,59511076
U17027,35535,988.775756535234,47089188
U17029,53196,1096.7202630341876,61586494
U17031,5376741,1193.748758014777,76799081
U17033,20452,1133.71185638891,66186252
U17035,11253,1093.2092804582649,61163171
U17037,88969,1105.1488784890614,62565036
U17039,16798,1047.8971081612615,57827762
U17041,19922,1099.129465243389,61828698
U17043,904161,1157.4810612611059,68751308
U17045,19704,1138.7158584371223,66463257
U17047,6971,1108.7826707499746,63443453
U17049,34264,1061.688328706794,58825449
U17051,21802,1024.7819252447628,52422579
U17053,14241,1112.3727143005465,63492628
U17055,39018,1034.5026048878476,53054310
U17057,38250,945.4483433626939,40555683
U17059,6445,1097.6435601541227,61669930
U17061,14761,909.731235837206,37345100
U17063,37535,1115.0696719435568,63792069
U17065,8621,1067.6645105665355,59092566
U17067,20121,864.8384749773855,32136624
U17069,4800,1097.3168485906097,61665130
U17071,8213,895.8403343309943,35561572
U17073,51020,978.4753590992008,45324108
U17075,31334,1148.009275749397,67142468
U17077,59612,996.5175342595145,47808509
U17079,10117,1099.704492261862,61869728
U17081,40045,1032.842215511169,52989484
U17083,21668,909.3596419478988,37323432
U17085,22289,1013.8435595432451,50180652
U17087,12878,1044.0645188953883,57715267
U17089,404119,1133.4962345015758,65782133
U17091,103833,1154.813177434708,68509690
U17093,54544,1121.580383456127,64594693
U17095,55836,957.9404818267863,41656056
U17097,644356,1224.7107367451179,86434134
U17099,111509,1077.529136283145,59991234
U17101,15452,1135.7808002051295,66347178
U17103,36062,1058.248897204076,58510242
U17105,39678,1092.110345993748,61109462
U17107,31183,1008.0798033757568,49915937
U17109,32913,906.4514167252637,37157307
U17111,260077,1145.8210841768323,66744622
U17113,150433,1058.8316718914161,58546304
U17115,114706,1037.680536545887,57126285
U17117,49019,948.3482781241484,41025513
U17119,258941,947.778567781543,40617198
U17121,41691,1032.4780696912637,52946725
U17123,13180,1031.4174297135303,52784162
U17125,16038,964.4070870485476,41969710
U17127,15161,1063.3560339952005,58912235
U17129,12486,970.119792960925,42232444
U17131,16957,924.952448454765,39278192
U17133,27619,923.4308365964959,39247331
U17135,30652,986.524123278135,46710232
U17137,36616,930.4466739502068,39499643
U17139,14287,1063.37125014416,58927396
U17141,51032,1067.8020100341005,59101187
U17143,183433,989.9429200274591,47178951
U17145,23094,995.1779661432616,47549063
U17147,16365,1071.0921847002885,59548655
U17149,17384,870.7972846301503,32690056
U17151,4413,1074.51838983279,59762502
U17153,7348,1026.4044002990092,52466541
U17155,6086,1039.9561739420749,57490159
U17157,33893,955.7820371882499,41571291
U17159,16149,1104.9309465120427,62548887
U17161,149374,948.1289160463081,40876139
U17163,256082,944.8653767434694,40212714
U17165,26733,1070.0773716145784,59484343
U17167,188951,976.8021257485372,43715884
U17169,7189,904.3581067160545,37066806
U17171,5537,905.8498433422767,37082736
U17173,22893,1046.1003225023048,57757579
U17175,6332,996.6545299639985,47899142
U17177,48979,1054.2298593607545,58393997
U17179,128485,1003.4770403118155,48593985
U17181,18293,1011.4660181875385,50126158
U17183,83919,1146.7359166226058,67023113
U17185,12937,1126.8575392362845,65088472
U17187,18735,922.6284111819027,39099067
U17189,15148,989.659286188406,47124723
U17191,17151,1075.2691943468783,59963163
U17193,15371,1099.138327313065,61848620
U17195,60653,1010.6081842499434,49949185
U17197,502266,1153.6217786795269,67874895
U17199,61296,1036.6016534359298,56689073
U17201,278418,1092.0010052325647,60831044
U17203,35469,1035.5902557466204,53151490
U18001,33625,1389.0254285178344,113867152
U18003,331849,1383.1862514579097,112635864
U18005,71435,1294.6075059818181,96562301
U18007,9421,1188.237865019288,76433187
U18009,14048,1352.8732174632971,105922355
U18011,46107,1251.2225115520064,90222508
U18013,14957,1265.1567762759746,92346890
U18015,20165,1250.4345598442878,90202343
U18017,40930,1270.7888381663183,92577896
U18019,96472,1311.9398376047338,99108463
U18021,26556,1190.5575211823223,76645614
U18023,33866,1253.6152359449352,90438997
U18025,10743,1249.4445931789144,90191600
U18027,29820,1192.4993315107636,76702814
U18029,46109,1374.2559795765767,109908904
U18031,24555,1329.113929694037,102385718
U18033,40285,1394.910195090954,114414863
U18035,118769,1343.688678388469,104860957
U18037,39674,1211.281975829732,84736404
U18039,182791,1328.725808211299,102194645
U18041,25588,1357.344114613806,106085729
U18043,70823,1295.3995071003674,97087050
U18045,17954,1187.2959143448422,76400667
U18047,22151,1366.5883326622547,107735248
U18049,20511,1283.8137342695802,95995811
U18051,32500,1149.9350255835054,67211192
U18053,73403,1325.6206402672096,101824602
U18055,33157,1198.7785313486665,82648522
U18057,182740,1289.2182998300952,96174546
U18059,55391,1308.2710485693713,98855230
U18061,34325,1279.5551575108404,94157023
U18063,104093,1244.9847775491255,88628818
U18065,48508,1341.0807833759488,103429210
U18067,84964,1286.6383552814816,96057264
U18069,38075,1344.9835934166852,105127627
U18071,41335,1281.9306117178883,95882419
U18073,30043,1212.7730659467188,84947429
U18075,21806,1379.364238430326,112434959
U18077,31705,1334.3118112368393,103099794
U18079,27554,1317.7343477070224,99798766
U18081,115209,1278.715841066729,94032612
U18083,39256,1162.7172214366685,70550466
U18085,74057,1320.9768705463837,101646191
U18087,34909,1365.2821449605613,107136911
U18089,484564,1203.0430703681388,83775138
U18091,110106,1256.0116108293614,91415587
U18093,45922,1243.423467137478,88426379
U18095,133358,1315.6740536464065,99506390
U18097,860454,1277.0303305421069,93084649
U18099,45128,1289.3164816922035,96357286
U18101,10369,1216.3702676141438,85811389
U18103,36082,1296.9953131436075,97440228
U18105,120563,1240.6081021487344,87907974
U18107,37629,1215.2128682109103,85266984
U18109,66689,1248.386043468102,89993411
U18111,14566,1188.2323894113574,76418621
U18113,46275,1360.6543681409046,106228457
U18115,5623,1375.1920942587176,109980339
U18117,19306,1243.9500570086982,88479976
U18119,21786,1213.9721623076864,84997646
U18121,17241,1186.5291079800777,76317754
U18123,18899,1234.7485411633297,87536401
U18125,12837,1179.884251887795,71618560
U18127,146798,1228.556172427174,87203805
U18129,27061,1126.6680865091803,65061411
U18131,13755,1248.4624413047293,90060100
U18133,36019,1214.8774327432125,85230965
U18135,27401,1376.3994347051948,110207290
U18137,26523,1349.4801595117813,105370463
U18139,18261,1333.1661780520615,103067673
U18141,265559,1294.7318934913535,96633736
U18143,22960,1307.5598259337921,98832270
U18145,43445,1304.7788681525485,98404711
U18147,20391,1201.7996885439588,83752505
U18149,23556,1257.4004648506032,91671443
U18151,33214,1399.7997929623855,115506979
U18153,21751,1163.427028628045,70598589
U18155,9065,1369.7693449689014,108405483
U18157,148955,1219.813867221222,85950465
U18159,16577,1289.1683628632782,96157969
U18161,7349,1379.5034091173318,112456765
U18163,171922,1151.4164611397791,67510830
U18165,16788,1164.7926019566492,70712117
U18167,105848,1167.2058790050728,70748666
U18169,34960,1318.9209541038751,101107265
U18171,8419,1178.8088866893158,71540973
U18173,52383,1178.2520231675517,71488590
U18175,27223,1277.176671446659,93945103
U18177,71097,1373.860505733797,109808677
U18179,27600,1365.7368880585182,107644918
U18181,25267,1228.4094528374112,87178538
U18183,30707,1348.4695905721976,105327990
U19001,8243,647.9873351399914,17758872
U19003,4482,614.579790695295,15524307
U19005,14675,979.3438012739697,45447253
U19007,13721,739.4950264443554,25809200
U19009,6830,640.9679485506672,17316324
U19011,25308,864.4086679655024,32082526
U19013,128012,867.9289854791815,32241396
U19015,26224,729.1142365622401,25180958
U19017,23325,884.9525084053652,35040561
U19019,21093,900.6825582899676,36913936
U19021,20411,704.8173275830898,24242798
U19023,15305,851.5445211270717,30901902
U19025,11115,707.2641315670584,24479400
U19027,21421,668.24598190537,20497952
U19029,14684,616.542324129769,15544288
U19031,18187,917.5939607978792,38945699
U19033,46447,843.6854124788681,30667223
U19035,13035,677.6472926813517,20688902
U19037,13095,903.1987616090959,36952851
U19039,9133,682.2017978807983,20952160
U19041,17372,731.8493599148456,25270643
U19043,18678,957.8936845258928,41637378
U19045,50149,968.6469460973289,42059997
U19047,16942,636.0354352266834,17190742
U19049,40750,700.0824157044797,23941695
U19051,8541,775.8885777853184,27297136
U19053,8689,668.1100215964167,20489263
U19055,18404,935.1038668855452,39726927
U19057,42351,879.2704651209629,34591751
U19059,16424,755.377546915893,26647056
U19061,89143,969.4704543116181,42110146
U19063,11027,782.5942660054507,27520396
U19065,22008,923.4070364934337,39225323
U19067,16900,871.866361443978,32758233
U19069,10704,819.2020102042535,29181304
U19071,8010,533.7062280976579,12228988
U19073,10366,699.4234502901728,23931329
U19075,12369,830.2124024701552,29499011
U19077,11353,668.2966061544751,20519373
U19079,16438,767.4435831841428,27039087
U19081,12100,813.057905930273,28847143
U19083,18812,798.6362071128132,28355109
U19085,15666,582.6505663917508,14466947
U19087,20336,853.3852954869718,31033065
U19089,9932,922.9294159699631,39215391
U19091,10381,763.4435444281536,26939400
U19093,7837,656.0388251645153,17899984
U19095,15671,843.575459619308,30651552
U19097,20296,977.4900123122277,43904835
U19099,37213,770.3833359986056,27078377
U19101,16181,820.8635678115277,29327433
U19103,111006,878.2683842844767,34480745
U19105,20221,935.1562803571566,39745331
U19107,11400,818.9503543996625,29162488
U19109,17163,795.2451526983953,28179866
U19111,38052,846.9773642986144,30839206
U19113,191701,897.2760182320984,35585877
U19115,12183,884.8353541644022,35011224
U19117,9422,716.539988922701,24782078
U19119,11763,705.4210741696966,24283438
U19121,14019,681.1921825051506,20938141
U19123,22335,783.276215219913,27534116
U19125,32052,748.9395598489178,26479053
U19127,39311,795.4511320571735,28206123
U19129,14547,550.3616737017959,12754538
U19131,10874,892.2322951702781,35388923
U19133,10020,602.9310433284994,14835547
U19135,8016,751.6342111803812,26587615
U19137,11771,581.665009024884,14455176
U19139,41722,906.2340251315654,37100229
U19141,15102,706.9668277812814,24329149
U19143,7003,732.2105164527597,25288015
U19145,16976,566.2303881323365,13246346
U19147,10147,758.414559842267,26715790
U19149,24849,646.8808858755243,17721714
U19151,8662,731.1500266175454,25237318
U19153,374601,733.1746521140002,25312973
U19155,87704,575.6794763848291,14276305
U19157,18815,809.1303364762381,28665578
U19159,5469,632.9940300151611,17163839
U19161,11529,679.257161204083,20766716
U19163,158668,951.1120818959141,41320817
U19165,13173,614.5341580733458,15496667
U19167,31589,679.4461521493231,20778245
U19169,79981,761.3574050507178,26849524
U19171,18103,829.4494909404348,29464099
U19173,6958,599.1242777028041,14753950
U19175,12309,647.9249274872994,17746563
U19177,7809,812.44963712267,28813949
U19179,36051,787.308056801635,27715740
U19181,40671,714.3622886705339,24708894
U19183,20670,852.8984484110375,31012395
U19185,6730,703.1930601480761,24213287
U19187,40235,739.9343318142173,25926931
U19189,11723,835.5747318194842,29892462
U19191,21310,949.0722524894122,41234235
U19193,103877,625.734958441998,16407072
U19195,7909,865.1052654813809,32156745
U19197,14334,789.1268113994188,27826769
U20001,14385,477.23187549810467,9033781
U20003,8110,476.93121027194513,9025671
U20005,16774,498.4217671127795,9763294
U20007,5307,203.02034185498613,320996
U20009,28205,178.77975515773005,247735
U20011,15379,516.8662476158012,10638459
U20013,10724,488.87270810661795,9457956
U20015,59482,343.693343315116,2497696
U20017,3030,363.5385116443507,3369581
U20019,4359,408.3601428552796,5735403
U20021,22605,528.4219964266435,11581186
U20023,3165,211.49885414321224,343623
U20025,2390,122.03089743119517,115782
U20027,8822,341.7995891853947,2443868
U20029,10268,312.6519405541659,1501321
U20031,8865,438.7764758194931,6882135
U20033,1967,162.17869769629078,223194
U20035,36291,355.4675088882627,2625948
U20037,38242,520.9086466210747,10786374
U20039,3472,194.34648730867158,295125
U20041,19344,324.9531900548856,1653465
U20043,8249,521.0775196094655,10824616
U20045,99962,483.7178830611764,9164855
U20047,3449,127.20347261486103,121491
U20049,3261,400.77683661417484,4400909
U20051,27507,156.82011789633728,175580
U20053,6525,232.55451489234943,413997
U20057,32458,85.17946232062599,34542
U20059,24784,479.92441516189547,9096825
U20061,27947,361.45670346518443,3335573
U20063,3068,98.94292763069353,100265
U20065,2946,162.63774848446056,225161
U20067,7909,74.4370820901328,26633
U20069,5904,42.353576360306235,0
U20071,1534,104.69609995815928,106379
U20073,7673,394.83732475044036,4299732
U20075,2670,92.53721385656897,70454
U20077,6536,254.2698758713713,547833
U20079,32869,289.31375345845987,756655
U20081,4307,55.95783413701704,17710
U20083,2085,73.80691493182547,24548
U20085,12657,454.9598111625238,7653938
U20087,18426,484.3807060883544,9264817
U20089,3791,290.44150806734905,789524
U20091,451086,523.5421959588239,10969614
U20093,4531,50.167628539907206,5904
U20095,8673,234.69365823076083,485312
U20097,3278,138.8114895513529,140969
U20099,22835,488.8206620953251,9435121
U20101,2155,53.6083031506156,15555
U20103,68691,511.29230765027364,10476656
U20105,3578,246.11149811968164,508544
U20107,9570,516.0042033030759,10616447
U20109,3046,102.68546239531635,103333
U20111,35935,402.39656053143057,4457384
U20113,29554,272.9357400300413,643828
U20115,13361,319.7403731918168,1534927
U20117,10965,412.789062159622,5814271
U20119,4631,95.68774435362891,73124
U20121,28351,518.660915252464,10700532
U20123,6932,265.72332249520827,611257
U20125,36252,450.51303789436537,7400433
U20127,6104,364.059907703492,3372611
U20129,3496,134.64280144879095,133922
U20131,10717,453.0987001565098,7539252
U20133,16997,479.6605662595477,9079828
U20135,3454,86.96107769707226,67000
U20137,5953,206.1362397548145,337670
U20139,16712,442.25373147645774,7137092
U20141,4452,223.97919463126667,392783
U20143,6163,294.22633204094507,1246184
U20145,7233,132.76557391807017,126689
U20147,6001,227.71830335907728,407996
U20149,18209,409.78092798255227,5739762
U20151,9647,181.25019837735402,277562
U20153,2966,195.31496312345553,298597
U20155,64790,233.55913704335427,420522
U20157,5835,332.49506505252396,1839210
U20159,10761,224.3395229922243,397235
U20161,62843,374.7615571843211,3901056
U20163,5685,189.41616557623604,289440
U20165,3551,135.56540823614074,137418
U20167,7370,197.09160306625034,301563
U20169,53597,281.42768385085674,693273
U20171,5120,50.20314165191804,10435
U20173,452869,290.89740376926505,793315
U20175,22510,97.21967463890653,77755
U20177,169871,447.3449997114578,7188299
U20179,2813,146.97058365720127,164587
U20181,6760,167.90786554823293,228107
U20183,4536,256.58834331974145,560591
U20185,4789,176.95402172267126,238429
U20187,2406,106.79078302604216,107913
U20189,5463,107.0519829224956,110319
U20191,25946,299.8893306470289,1311493
U20193,8180,148.49035764142775,167400
U20195,3319,123.25381564430161,118172
U20197,6885,407.6489566178795,5728518
U20199,1749,132.5485343713624,124940
U20201,6483,369.23801065232533,3435157
U20203,2531,71.57930243888042,22017
U20205,10332,442.2876193163132,7153804
U20207,3788,437.1996684810415,6877600
U20209,157882,532.9112552617953,11607521
U21001,17244,1365.1686899323245,107015438
U21003,17800,1292.1903258582481,96466399
U21005,19111,1378.6299187478294,112398193
U21007,8286,1039.7133603442674,57481873
U21009,38033,1311.3850165716458,99070430
U21011,11085,1486.154467830836,132492156
U21013,30060,1512.708260343086,135161368
U21015,85991,1395.280174116069,114455148
U21017,19360,1444.5392297065755,125120053
U21019,49752,1576.2580633717992,151930709
U21021,27697,1393.0152677153847,114220341
U21023,8279,1450.8755888371286,125716215
U21025,16100,1529.9930054865813,137532968
U21027,18648,1254.6157899238221,91042754
U21029,61236,1316.4038092912485,99709455
U21031,13010,1240.7065122116462,88028537
U21033,13060,1137.6464412914363,66401831
U21035,34177,1112.9847737270297,63677552
U21037,88616,1425.7549070023974,122504444
U21039,5351,1046.467632806642,57784072
U21041,10155,1362.0890054500312,106348201
U21043,26889,1544.7277241808624,140854331
U21045,15447,1392.4861534454205,114172402
U21047,72265,1175.3961360644423,71263992
U21049,33144,1452.4394606136536,125930038
U21051,24556,1501.68922285304,133595537
U21053,9634,1383.6125914113966,113056056
U21055,9384,1113.7055316002711,63753210
U21057,7147,1361.459262921105,106322957
U21059,91545,1197.8974787831348,82556977
U21061,11644,1281.0634311376446,95800577
U21063,6748,1542.2901255451611,139742522
U21065,15307,1471.5379230902945,130783442
U21067,260512,1424.3707722217741,120490217
U21069,13792,1487.0494778068455,132503241
U21071,42441,1580.3502017621224,152552987
U21073,47687,1386.85154204466,113256785
U21075,7752,1034.8977193423866,53143738
U21077,7870,1384.4866718683918,113065690
U21079,14792,1421.467068090716,120012231
U21081,22384,1405.4105014090162,116357138
U21083,37028,1077.8445326472656,60102743
U21085,24053,1266.461996302816,92394290
U21087,11518,1337.8737974479245,103279966
U21089,36891,1552.779836058445,142021405
U21091,8392,1222.424273857888,86282413
U21093,94174,1296.6568158902178,97300763
U21095,33202,1550.1944029020863,141656744
U21097,17983,1432.0121754730014,123147687
U21099,17445,1309.0906585512391,98934341
U21101,44829,1154.7459053241037,68464861
U21103,15060,1363.4839221786244,106591813
U21105,5262,1050.786605141366,57908171
U21107,46519,1163.7241517502193,70645918
U21109,13495,1470.663784558374,130441367
U21111,693604,1318.4402151256293,100401523
U21113,39041,1415.161283582309,119697883
U21115,23445,1568.5581772893404,150956024
U21117,151464,1412.4786432955013,118295522
U21119,17649,1565.1969469096537,150116256
U21121,31795,1494.099945435038,132952711
U21123,13373,1321.8733372239237,101731133
U21125,52715,1466.8031812436977,129825726
U21127,15569,1574.03026615433,151805514
U21129,7916,1494.1591625562519,132984506
U21131,12401,1531.2541906799268,137721395
U21133,25277,1576.8837777400202,152201773
U21135,14092,1514.8248090444451,135220527
U21137,23361,1414.0687913615377,119507923
U21139,9804,1093.4423745897868,61203846
U21141,26573,1229.6545124487145,87394710
U21143,8080,1121.249760321592,64586613
U21145,65514,1065.6390084715222,58953365
U21147,17080,1441.5808175051116,124826551
U21149,9938,1185.002315346696,75431607
U21151,70872,1443.7719597729179,125021771
U21153,13332,1549.6008479529205,141532204
U21155,18212,1359.2396158576191,106210245
U21157,30125,1102.1937997203609,61993314
U21159,12578,1597.502746317376,155142945
U21161,16800,1474.948995787819,131321817
U21163,26349,1272.9281828159042,92698558
U21165,6556,1500.452762324253,133588981
U21167,20817,1390.0210624059089,113985938
U21169,10037,1336.7552909104973,103264841
U21171,11756,1334.8939124186402,103191449
U21173,22554,1472.0374369057167,130798749
U21175,13948,1530.2996936379566,137556037
U21177,31839,1201.0376456815727,83720666
U21179,37477,1338.8747774684884,103304296
U21181,6813,1459.494450268221,128338814
U21183,22916,1222.3276033752336,86259497
U21185,46178,1334.550414655181,103140842
U21187,10547,1387.4382095622125,113750389
U21189,4858,1499.154052505536,133353501
U21191,14390,1428.8189276091828,122992657
U21193,29390,1543.5412116309578,139755963
U21195,68736,1610.9822522477418,162170602
U21197,13237,1482.0222666583927,132376365
U21199,56217,1426.5523089784806,122608535
U21201,2266,1454.951717119731,128054847
U21203,16582,1445.6079907950443,125317390
U21205,22094,1512.8075364403007,135191428
U21207,16315,1386.7582466144584,113240470
U21209,33061,1411.6371903673858,118129508
U21211,33337,1355.4763290894457,105976731
U21213,16405,1258.3484382151496,91735819
U21215,11766,1349.167085269292,105358697
U21217,22927,1356.9230520954181,106053385
U21219,11971,1203.5952734605057,84259702
U21221,12597,1145.1953347916924,66715399
U21223,8125,1342.2240937562135,103554301
U21225,15637,1123.0867587435184,64664306
U21227,92522,1267.1161468319124,92418343
U21229,10916,1364.8535200448478,107004522
U21231,19923,1410.412901847191,116836498
U21233,14120,1148.1722332886436,67173802
U21235,35865,1471.3829305562629,130747577
U21237,7065,1511.8470558571325,135110786
U21239,23208,1399.0652508736866,115427016
U22001,58861,1153.148378362876,67814887
U22003,25440,1097.2467287795903,61639690
U22005,76627,1255.9219575852067,91338960
U22007,23388,1271.5377644619416,92626586
U22009,41481,1113.3571604427596,63711729
U22011,32986,1066.9671726354743,59059580
U22013,15752,942.6595078676643,40184625
U22015,98310,878.0073009679178,34381354
U22017,252161,870.0875964805799,32429606
U22019,183577,1102.9841052186257,62320938
U22021,10560,1025.9561945711778,52455981
U22023,9991,1146.1025118215637,67013122
U22025,10920,1077.4417948651262,59980314
U22027,16851,910.7218448110679,37392721
U22029,20247,1107.6594894407501,63415011
U22031,25494,921.450895988411,39015900
U22033,412852,1216.3503094292216,85398537
U22035,9421,1044.5989616970496,57728145
U22037,21360,1196.306203909138,82535617
U22039,35434,1117.0620625758656,63914977
U22041,21263,1054.2484382411958,58442976
U22043,18698,1034.855188786146,53125040
U22045,73266,1246.8667222251845,88907551
U22047,33320,1219.3175960970639,85908560
U22049,15397,980.0233122810571,45461928
U22051,455466,1370.3680599582763,108422366
U22053,31435,1130.7506896610394,65256114
U22055,190503,1181.7172405203473,72062839
U22057,89974,1347.6952727921478,105231372
U22059,14282,1054.911487145746,58471543
U22061,42509,950.4662558046327,41255545
U22063,91814,1249.1001233840982,90075339
U22065,13728,1069.081316528597,59152219
U22067,31021,996.5764248124973,47868121
U22069,39080,989.7082650245776,47139871
U22071,484674,1331.9172431603652,102478496
U22073,147250,995.2482157980363,47572157
U22075,26757,1428.0653057884972,122902971
U22077,22763,1169.3324359813214,70869625
U22079,126337,1069.399666281586,59200940
U22081,9622,942.9980977798897,40200377
U22083,20981,1027.8427033618138,52625620
U22085,23459,974.6032838973898,42997583
U22087,67229,1390.2786932061326,114053120
U22089,48072,1315.7663063813109,99639748
U22091,10525,1220.573441788586,86161006
U22093,21216,1278.0019237232023,94011396
U22095,43044,1289.736040105597,96422129
U22097,87700,1154.7268353590725,68377161
U22099,48583,1217.253514405963,85821758
U22101,53500,1268.1066135655758,92513194
U22103,191268,1304.5953936562694,98048568
U22105,100588,1256.8401647437213,91547575
U22107,6618,1087.679629393651,60682924
U22109,104503,1332.0360900480484,102963170
U22111,22803,954.1483012996583,41510213
U22113,53807,1204.2414246216524,84302250
U22115,52531,1035.976020329773,56634834
U22117,43926,1264.5371316000274,92300544
U22119,41831,893.9215560820004,35405541
U22121,21601,1208.4573406017698,84700419
U22123,12314,1024.1848220832096,52410265
U22125,15111,1168.2857833516473,70854514
U22127,16894,1002.3254694555123,48530876
U23001,103793,2631.073350921859,402337187
U23003,73938,2784.193716517054,404197165
U23005,265612,2618.4661294562384,401579833
U23007,29467,2620.7455366880804,401852224
U23009,51791,2779.8779379799294,404100212
U23011,117114,2668.281612473591,402942437
U23013,39618,2723.3195268632344,403836363
U23015,33616,2685.0444613060354,403297987
U23017,54755,2592.4157307689484,401237893
U23019,144919,2764.9932463476343,403955293
U23021,17235,2737.122260748952,403906232
U23023,35214,2658.1487279364346,402758520
U23025,50888,2664.2269500646385,402891549
U23027,36280,2718.5937270456975,403789166
U23029,33941,2842.8780276505545,404372280
U23031,186742,2588.6689846455124,400504917
U24001,74930,1912.5117882657846,231079671
U24003,489656,2100.604996364164,308073826
U24005,754292,2092.191763528122,303410756
U24009,74563,2108.605246766284,310040943
U24011,29772,2164.6304314264903,323959378
U24013,150897,2057.2716281314797,278377505
U24015,85951,2149.2227389568275,320166113
U24017,120546,2066.815957977645,283909319
U24019,30674,2151.155301253204,320959921
U24021,195277,2025.0547035881737,265572773
U24023,29846,1864.26946374716,217314180
U24025,218590,2118.719153076609,311712421
U24027,247842,2067.1219578537202,284029865
U24029,19197,2135.981440323253,316450071
U24031,873341,2044.0378509082018,272443246
U24033,801515,2077.488860560058,290289932
U24035,40563,2141.3342485131006,318148745
U24037,86211,2111.696896359174,310492317
U24039,24747,2172.885487373668,324885959
U24041,33812,2135.965897436553,316416259
U24043,131923,1988.6271070271723,254882626
U24045,84644,2187.9072814296946,330598702
U24047,46543,2217.8449697325927,338356616
U24510,651154,2093.7295258305394,304712909
U25001,222230,2623.169860451672,401929564
U25003,134953,2376.064830500707,379730700
U25005,534678,2550.592089673514,397114871
U25007,14987,2583.508171899191,400411122
U25009,723419,2569.522863052022,399001308
U25011,71535,2428.0486530654366,386290683
U25013,456228,2422.76764827682,385560758
U25015,152251,2421.1053384594893,385305764
U25017,1465396,2525.5743294842014,394317450
U25019,9520,2630.4981371984086,402272587
U25021,650308,2542.848755948396,396289832
U25023,472822,2578.979167167216,399878614
U25025,689807,2556.180773519385,397948302
U25027,750963,2480.4834509322477,389486409
U26001,11719,1661.9987280593307,177177781
U26003,9862,1531.1722167170228,137711533
U26005,105665,1296.55804188103,97195098
U26007,31314,1626.7920367437653,163430334
U26009,23110,1505.5996148028678,133833793
U26011,17269,1569.9198321287263,151635662
U26013,8746,1397.0509380123103,115331709
U26015,56755,1399.4807413863432,115450224
U26017,110157,1539.7645644748309,139509344
U26019,15998,1394.7212229286033,114398865
U26021,162453,1262.8159474379784,92002902
U26023,45787,1400.9961824841075,115540193
U26025,137985,1413.677431409718,118811955
U26027,51104,1325.8035617748592,101898005
U26029,26090,1511.7479849054923,135084696
U26031,26448,1576.3010700623656,151980461
U26033,38543,1617.814221368636,162583000
U26035,31252,1485.7120032101836,132460904
U26037,64753,1467.5501131134738,129878441
U26039,14273,1531.2640382694321,137733796
U26041,38520,1430.3321869919148,123109167
U26043,27472,1381.0770195072428,112562269
U26045,103655,1436.5997320656163,124492639
U26047,31437,1547.7150031093115,141247790
U26049,436141,1538.9962643402807,138999858
U26051,26023,1519.2688520855747,135734345
U26053,17370,1298.9439243459556,97719494
U26055,77654,1465.006980148511,129511620
U26057,42285,1477.6930475207237,131541441
U26059,46527,1434.0279331987026,123408563
U26061,36016,1401.3792634315107,115585980
U26063,36079,1632.5620908091105,174342398
U26065,279320,1474.397556964865,131042497
U26067,61518,1429.772890928453,123019249
U26069,27339,1647.745292778834,175987309
U26071,13138,1349.6634542447853,105396986
U26073,63351,1472.3063922447514,130821303
U26075,158422,1461.1584322899575,128470703
U26077,238603,1372.2597120269872,109493460
U26079,16571,1496.5768304860883,133182902
U26081,574335,1396.0224761965562,114685742
U26083,2301,1480.090884326486,131782014
U26085,11333,1413.6051535816464,118800622
U26087,87904,1578.7833419106526,152316361
U26089,21119,1451.1083509228793,125727107
U26091,98890,1481.4205579679458,132188200
U26093,156951,1511.0368715417414,134927745
U26095,7024,1583.7432547635199,152988263
U26097,11943,1556.927723429226,148489245
U26099,788149,1592.4821322295543,153975954
U26101,24527,1372.2872592602648,109732063
U26103,64634,1440.7910895982754,124663049
U26105,28274,1344.8397435419388,105099353
U26107,40553,1434.6050080051602,124024946
U26109,25326,1374.852743184771,109955013
U26111,82874,1507.405430196134,133867393
U26113,14478,1481.2222035004302,132118586
U26115,145945,1528.9723959831567,137387023
U26117,61266,1436.526929243029,124431373
U26119,10315,1581.256209841096,152628993
U26121,170200,1313.8546282489522,99301584
U26123,47874,1397.1914452336025,115357128
U26125,1194156,1554.5057110737994,145131996
U26127,26873,1324.8921843513094,101762832
U26129,21645,1552.2523864127118,141858415
U26131,7818,1370.3608685810468,108414548
U26133,23197,1449.9149287839682,125693018
U26135,9418,1566.9355804100114,150467972
U26137,23301,1549.0766210292595,141295032
U26139,238314,1307.538459975352,98593956
U26141,14411,1655.562168988601,176931059
U26143,25469,1516.7251970951859,135418998
U26145,210039,1521.3153605235548,135927952
U26147,164235,1618.2313321370432,162658447
U26149,62422,1364.0105300803953,106942100
U26151,44547,1634.7146069284265,174428121
U26153,8903,1489.1500418830612,132664129
U26155,71687,1502.427704465748,133620093
U26157,58266,1574.3174914512815,151821083
U26159,76263,1312.0864210828884,99204935
U26161,322895,1507.5201481326344,134332299
U26163,2061162,1555.162998663617,146355190
U26165,30484,1446.0447838982702,125407034
U27001,15301,1124.6107995327623,64738862
U27003,298084,1015.791423331266,50455240
U27005,30000,1069.6190829681066,59454343
U27007,39650,1188.485052648323,76445218
U27009,34226,1016.8660117908447,50753324
U27011,5820,894.9920178397493,35555752
U27013,55941,869.6024517009648,32373665
U27015,26911,852.776990151264,30985484
U27017,31671,1158.598303937103,70361263
U27019,70205,949.034514325073,41164030
U27021,27150,1119.9187407591467,64240364
U27023,13088,887.3608302456471,35110733
U27025,41101,1052.5509594338907,57951659
U27027,51229,1043.598530772226,57664038
U27029,8423,1145.843772551152,67004699
U27031,5168,1354.4356246669608,105950412
U27033,12167,810.1079313427372,28694887
U27035,55099,1086.6370635860528,60475461
U27037,355904,975.3932365889599,43105076
U27039,17731,935.7014443147555,39765552
U27041,32821,979.2268068537426,45414432
U27043,16181,846.8582655930169,30818557
U27045,21122,958.6300653577674,41742265
U27047,32584,881.2174123850792,34936180
U27049,44127,973.9501487620066,42905207
U27051,6289,959.3681352328908,41763387
U27053,1116200,981.2688985896542,45479286
U27055,19718,996.1146500356974,47765201
U27057,18376,1112.816930309865,63506869
U27059,31287,1037.8052438016814,57329516
U27061,43992,1199.3403202455254,82777149
U27063,11268,782.1061221181734,27509128
U27065,14996,1071.3882198051638,59565020
U27067,41203,922.2996604083653,39057864
U27069,5285,1234.759849039421,87555300
U27071,14355,1265.539628315753,92366409
U27073,8067,861.026000871576,32007184
U27075,11058,1297.4819924889425,97548914
U27077,4522,1281.0729616197516,95812221
U27079,25426,915.10219778102,38359178
U27081,6429,799.6045852925582,28404359
U27083,25425,816.8438959975706,29042452
U27085,34898,925.7097438522449,39353858
U27087,5190,1107.0833752709461,63354626
U27089,10155,1200.3190064563469,82861304
U27091,21802,814.3623399106408,28904523
U27093,22644,940.6791122209154,39994233
U27095,22330,1054.1408193874274,58371667
U27097,31712,1034.5412944143882,53093328
U27099,38603,916.2410472939857,38402161
U27101,9165,783.7271397193231,27582304
U27103,29771,886.9457583154449,35079602
U27105,20832,752.7346643198148,26601446
U27107,7442,1089.3202271917878,60696470
U27109,124277,962.1160998145407,41788575
U27111,57159,1016.8673854263548,50787550
U27113,13584,1177.5546463368999,71475006
U27115,26530,1110.3562843390505,63466098
U27117,9895,762.4408967940574,26929505
U27119,31369,1137.4713838877467,66370462
U27121,11236,945.9548890532302,40593933
U27123,511035,1001.4831752731932,48010614
U27125,4299,1155.0537571628095,68618850
U27127,16815,842.1755218265826,30616386
U27129,17154,884.9245217685136,35023407
U27131,56665,936.7625567814576,39791830
U27133,9721,729.486692319461,25207182
U27135,16338,1255.2571197163124,91120077
U27137,200528,1255.5620557756906,91136415
U27139,89498,948.5082438927527,41074532
U27141,64417,1004.2876998921911,49734565
U27143,15356,906.3519426697193,37141951
U27145,133166,976.6469537010136,43582718
U27147,33680,914.8223520964441,38325498
U27149,10053,926.3431363690682,39401356
U27151,11956,906.1785929234027,37088273
U27153,24426,1013.0516324235645,50156226
U27155,4134,928.0624598940802,39481017
U27157,21610,993.4570182199848,47527453
U27159,13713,1060.1401061081688,58733781
U27161,19526,894.0764602547525,35451948
U27163,201130,1014.4639053909106,50202941
U27165,11876,835.6372789919335,29904185
U27167,7138,988.6666251445024,47082050
U27169,49985,999.5663834919062,47942001
U27171,89986,971.5295469919055,42723953
U27173,11080,845.4181792654718,30807477
U28001,34340,1125.3182865676588,64849887
U28003,34558,1142.070885644259,66560978
U28005,13599,1185.4203931700627,75943388
U28007,19661,1148.6944184888685,67187922
U28009,8026,1092.8586069327332,61155145
U28011,40633,1004.9626227241334,49813099
U28013,15069,1122.505777610239,64649237
U28015,10769,1102.1993261932648,62023439
U28017,19440,1155.42255661693,68623149
U28019,9758,1161.0086120676547,70491186
U28021,11831,1120.483079437083,64562593
U28023,17955,1283.0389475344673,95956823
U28025,21979,1182.0324818989134,72254838
U28027,30622,1004.0967141833356,48805556
U28029,28757,1161.981199739901,70502554
U28031,19407,1244.7296985276803,88539913
U28033,107199,1023.4264495935203,52211675
U28035,72604,1297.0692976076587,97476310
U28037,8448,1157.8759439845387,69655469
U28039,19144,1366.0868886734263,107705948
U28041,13299,1341.9185347552198,103523579
U28043,23263,1093.3050349023054,61180583
U28045,42967,1339.1315080602965,103341773
U28047,189601,1365.5090225854149,107171820
U28049,250800,1133.0862486804926,65471064
U28051,21609,1106.9860058811307,63300658
U28053,11206,1072.7845706783983,59676330
U28055,2274,1061.3402491251006,58823175
U28057,22770,1186.6421707277962,76334995
U28059,131420,1395.9806494106267,114554322
U28061,18149,1251.6327174227042,90268615
U28063,9740,1128.5228393867812,65141547
U28065,13962,1228.8839463327586,87355565
U28067,64958,1274.1720294164434,92724907
U28069,10453,1245.0807788378008,88732911
U28071,38744,1089.836852065724,60709778
U28073,39070,1277.6789267539832,93972326
U28075,78161,1262.96149819324,92165355
U28077,13258,1209.3072243634374,84722020
U28079,20940,1174.0685172793144,71183682
U28081,75755,1159.6874954203229,70392934
U28083,37947,1066.0430456118418,59018879
U28085,33166,1185.2534410410854,75596577
U28087,61586,1220.0859927440963,86099420
U28089,74674,1141.783804460075,66486304
U28091,25595,1252.9536633383998,90413402
U28093,34993,1069.1960063540494,59165947
U28095,38014,1195.05659189113,82324264
U28097,12189,1121.1869231080195,64574424
U28099,28684,1205.802204608842,84425527
U28101,21838,1227.2554918378373,87103841
U28103,12548,1229.5750236624738,87382162
U28105,42902,1187.133201592418,76357765
U28107,34274,1049.6038309736764,57854774
U28109,48621,1303.0759654944547,97877418
U28111,12138,1318.4553356489598,101095127
U28113,38940,1215.4271097387991,85304613
U28115,26726,1132.9144164447025,65444338
U28117,25556,1158.1813862998074,69663917
U28119,10117,1028.345300551264,52682104
U28121,115327,1172.5566562032154,70931525
U28123,28423,1193.527504197625,76770658
U28125,6580,1064.575492862512,58946785
U28127,27639,1198.8160621647964,82681679
U28129,16182,1222.8416821488352,86297007
U28131,13622,1336.1832448490868,103251219
U28133,34369,1039.0265084488083,57447504
U28135,14903,1053.3890274656446,58356764
U28137,25370,1037.7424957521127,57240991
U28139,20826,1118.5952376510818,64203998
U28141,19163,1177.4582191075604,71455843
U28143,9227,1002.0204818036449,48521649
U28145,25362,1123.6372900909635,64679943
U28147,15156,1237.3795329369725,87747335
U28149,49644,1098.318873841811,61676375
U28151,62977,1031.5704729593244,52797342
U28153,21216,1309.3910632745594,98953376
U28155,10294,1143.8443712436087,66687127
U28157,10312,1152.1395666313797,67682752
U28159,20160,1193.2414696143367,76733656
U28161,13051,1087.6588408928312,60669873
U28163,28149,1106.2760271310624,63092840
U29001,24977,741.06112787803,26191221
U29003,16492,556.3456727294437,12886741
U29005,6430,527.9081396377456,11569405
U29007,25853,783.4527629624054,27556451
U29009,34010,628.4449566461951,16555778
U29011,12541,565.4990534316278,13189852
U29013,16653,560.2092922683538,12984293
U29015,17180,652.0257025451458,17826601
U29017,12029,946.203858944804,40605169
U29019,135454,740.6790494038388,25984370
U29021,85998,543.9952165221449,12379693
U29023,40867,925.0749706730572,39295149
U29025,8969,612.1656764175565,15344143
U29027,40766,772.6699480377858,27229256
U29029,37051,698.3916125328783,23894278
U29031,68693,974.9400989576941,43036383
U29033,10285,646.3333294910649,17679073
U29035,5941,872.5977292181636,33077928
U29037,82092,560.8685175218149,13000946
U29039,13733,605.6740634064504,15100732
U29041,8438,693.6561770138462,23581581
U29043,54285,676.904240883782,20634617
U29045,7416,818.9791069989553,29173888
U29047,184006,566.2534088763886,13263322
U29049,18979,576.2585271172484,14364009
U29051,71397,740.9212804515752,26119824
U29053,16670,696.0119288452497,23688655
U29055,22804,825.7968015855419,29404293
U29057,7923,609.3348586045954,15326568
U29059,15661,677.6977172765035,20701937
U29061,8016,622.4224737262336,15684663
U29063,11597,584.6370788228592,14492166
U29065,14927,813.3323395495038,28859243
U29067,13084,735.7866981810482,25728931
U29069,33155,969.857828615242,42199289
U29071,93807,845.1705657940629,30713670
U29073,15342,807.4885387148503,28650236
U29075,6861,596.9262247632231,14726836
U29077,240391,657.3401599666752,17912072
U29079,10432,660.3636330432798,18914597
U29081,8850,634.9711072065077,17181892
U29083,21997,608.1253933049278,15243289
U29085,8940,650.1199169266441,17803103
U29087,5351,528.1257198503702,11575835
U29089,10212,709.5327320034628,24666657
U29091,37238,794.5401989989255,28137088
U29093,10697,882.8054471023132,34968764
U29095,654880,566.6324907627844,13469240
U29097,104686,571.6339555851231,14124120
U29099,198099,891.7241910535389,35159221
U29101,48258,609.2318185374224,15278310
U29103,4361,776.9108270139138,27341742
U29105,32513,716.4166362072688,24749565
U29107,32960,613.7756031581557,15463707
U29109,35204,617.6628610062845,15558972
U29111,10494,810.0135635109297,28684393
U29113,38944,857.8189726038606,31213606
U29115,13754,690.0163218075901,23332607
U29117,14558,651.219731154824,17812043
U29119,21681,587.0980801602472,14586547
U29121,15762,734.1892370093722,25687574
U29123,11800,915.7943389625794,38390361
U29125,8903,771.4416676110046,27153976
U29127,28289,811.2897583148241,28718696
U29129,3757,671.5938576611853,20530726
U29131,23564,727.0408706450385,24973050
U29133,13427,1019.1604584185635,52078387
U29135,14827,714.2713516184781,24694067
U29137,9311,773.9419171131645,27276821
U29139,12136,813.0428783691275,28835007
U29141,19309,688.1875997576118,21094399
U29143,19760,993.0797157384968,47507693
U29145,52636,579.342864101444,14395369
U29147,21912,566.2749452176223,13447328
U29149,10344,838.8641587182914,30331740
U29151,13062,776.699139745104,27328680
U29153,9542,748.3508550492247,26428346
U29155,20047,992.0879879314356,47405559
U29157,18132,960.4463851759352,41770443
U29159,39403,654.0965271240259,17856686
U29161,39825,784.845630130555,27591469
U29163,18351,842.642711449516,30633201
U29165,73781,539.3834089910279,12236998
U29167,26992,646.3608393842304,17689358
U29169,41165,748.7053790045829,26437888
U29171,5223,717.7249423240315,24847252
U29173,9626,815.7207323515269,29009854
U29175,24663,731.7253206587031,25245980
U29177,23354,601.9513990112325,14812193
U29179,6689,862.8129117167796,32075837
U29181,13509,886.323830748407,35066093
U29183,283883,880.4897648510196,34634102
U29185,9652,610.1296945676278,15334491
U29186,17842,925.5238559712222,39336016
U29187,55641,900.6077367355897,36858295
U29189,1016315,899.9241511054752,35841980
U29195,23756,665.9638724467645,20442593
U29197,4170,757.0612507997537,26711620
U29199,4983,786.6782958486598,27704571
U29201,40422,990.8786488423649,47362384
U29203,8324,828.896237360304,29455775
U29205,6799,773.1009419856406,27270022
U29207,29705,962.1336865330459,41912852
U29209,28658,658.5157389093589,18867642
U29211,7219,700.5150420240756,23985120
U29213,39703,697.9516213999855,23854575
U29215,23003,776.5142738375313,27305677
U29217,20454,561.5230614003831,13083038
U29219,24525,838.4307327602877,30307215
U29221,23344,862.4502497280037,32052493
U29223,13259,911.5559741591702,37409572
U29225,31045,697.4467226964352,23823530
U29227,2382,607.5611607761235,15240907
U29229,17955,732.2759635213972,25295018
U29510,348189,917.4115012735595,38445095
U30001,9202,1279.4057982830486,94147821
U30003,12671,992.3657646428023,47425606
U30005,7009,1331.2745639641207,102428103
U30007,4385,1276.3593311983768,93053497
U30009,9552,1053.1675472021896,58347212
U30011,1360,887.3363186062892,35109373
U30013,80357,1344.7195609531648,104979726
U30015,5970,1346.765574730043,105222888
U30017,11696,995.3018041480871,47752070
U30019,2017,1255.826123185416,91336943
U30021,9059,1080.3856731773667,60170718
U30023,9417,1357.1260262439962,106076312
U30025,2837,967.7485756168555,42047891
U30027,11893,1232.4311705510545,87473203
U30029,74471,1567.1331415321094,150491067
U30031,67831,1198.9030014491468,82709318
U30033,1279,1145.7988611819767,66743343
U30035,13247,1540.6292060635285,139724204
U30037,1042,1156.7601123988395,68750266
U30039,2830,1394.5732778964382,114396035
U30041,16673,1397.146901945098,115340455
U30043,10049,1293.6191313753454,96551850
U30045,2329,1267.9560127754419,92510865
U30047,26507,1519.9796857416864,135875460
U30049,55716,1385.3856111248788,113138302
U30051,2158,1432.9055653315984,123204858
U30053,18837,1659.3042805955117,177070892
U30055,1977,1140.788991578657,66484327
U30057,6851,1229.1296170311568,87369527
U30059,1932,1263.8556636040453,92296814
U30061,3884,1545.193513496634,140939903
U30063,95802,1465.7337684398376,129589274
U30065,4497,1132.7249531136147,65426026
U30067,15694,1152.9385508009188,67799193
U30069,493,1181.3077392768132,72058738
U30071,4601,1274.4052923340985,92854149
U30073,6424,1463.1213792049075,129456181
U30075,1858,910.4970804975827,37390863
U30077,7180,1396.225920904002,115324529
U30079,1199,1049.9341050605597,57889048
U30081,36070,1417.337153798716,119946502
U30083,9667,1126.4076158291869,65051744
U30085,10620,1188.898943217337,76613578
U30087,9383,1026.973057403413,52493099
U30089,10227,1592.047703810933,153948986
U30091,4105,1223.8530288690013,86348265
U30093,34606,1313.9869068784496,99471784
U30095,8195,1108.1158251322336,63435258
U30097,3609,1149.6844901508207,67207583
U30099,6445,1433.5479261900512,123402118
U30101,5267,1473.1503385201302,130926893
U30103,861,1054.989268781367,58485825
U30105,7675,1243.6745681621173,88472301
U30107,2259,1200.7368405076775,83718407
U30109,1068,1032.5942761676347,52988416
U30111,129352,1074.9245552043296,59831553
U31001,31151,335.6945947256926,1879677
U31003,7452,513.16035807489,10567458
U31005,444,400.07886943357187,4396683
U31007,819,464.4956314232972,8366079
U31009,583,435.74525766453695,6871837
U31011,6259,466.18571405938104,8386095
U31013,12158,504.49336536759006,10366077
U31015,2438,563.9214602595216,13170249
U31017,3525,483.2324293105784,9161330
U31019,42259,343.21767101785423,2455437
U31021,7791,565.4769857326329,13182061
U31023,8767,469.28861972952035,8398968
U31025,24334,506.93389006005367,10430554
U31027,9615,586.2853873035722,14576932
U31029,4068,287.87086020751076,752587
U31031,6148,503.22686084102907,10352117
U31033,9830,402.1544753473928,4419115
U31035,7039,359.5428844998047,3263393
U31037,10441,500.8816269778712,10055110
U31039,10203,546.0539772666399,12650011
U31041,11793,381.90697618982296,4025522
U31043,20253,598.9703172823795,14733697
U31045,9060,556.7069055590425,12940310
U31047,24365,323.2888644044037,1629100
U31049,2098,367.02920936560514,3379525
U31051,6339,593.185695844033,14675642
U31053,36160,525.476472730235,11511145
U31055,463585,533.3226997729269,11765403
U31057,2292,250.4837592366191,518333
U31059,6634,385.971185080229,4089344
U31061,3574,282.55021053322076,746870
U31063,3099,277.44723312220685,689106
U31065,5324,248.79921397075725,513009
U31067,22993,427.2281537761255,6679442
U31069,2292,423.74931747232154,6150094
U31071,1902,455.94088124918045,7666595
U31073,2143,284.7438566668189,750444
U31075,747,438.6530425333381,6881388
U31077,2714,434.3892252789596,6869123
U31079,53534,367.6415670599634,3381623
U31081,9403,391.5732491877761,4280851
U31083,3786,263.38565937995094,607471
U31085,1068,277.83791684760575,692205
U31087,3111,238.03849355749324,505433
U31089,11551,517.7339578721914,10653838
U31091,783,431.5217762380755,6854235
U31093,6567,400.7935032569112,4404170
U31095,8333,390.15800514407294,4096752
U31097,4488,465.2134793384398,8366898
U31099,6882,313.7364434955653,1511589
U31101,8875,358.23968723028497,3150206
U31103,983,543.6544057615976,12378710
U31105,4089,432.95395424087064,6865034
U31107,9374,564.1370469719283,13172687
U31109,250291,462.11445020967335,8010966
U31111,34632,333.73422465145916,1845045
U31113,774,389.27107541559593,4095978
U31115,712,440.6322388155066,7124799
U31117,533,395.434602824786,4307405
U31119,35226,505.52339062154283,10378235
U31121,8204,417.44813612354454,5906399
U31123,5440,452.3394110472331,7484816
U31125,4038,440.77807205766004,7125511
U31127,7576,494.94807449994386,9726704
U31129,5057,331.5871853416133,1834153
U31131,15396,489.8321194789444,9493574
U31133,3087,452.12108628296846,7481729
U31135,3200,321.48394854942666,1606101
U31137,9747,297.38439104891677,1285772
U31139,7857,539.5544227684859,12310779
U31141,31662,479.38747932306376,9048166
U31143,5639,442.1514635819673,7129549
U31145,11448,236.91120721155139,493985
U31147,9531,490.9543846856022,9508970
U31149,1756,497.3702988070768,9741708
U31151,13843,414.40284614531066,5848119
U31153,122595,523.1479109437958,10847019
U31155,19830,497.7439185919587,9743464
U31157,36951,492.64124920268745,9686991
U31159,16496,440.4602950563102,7108303
U31161,6198,515.1306391295947,10610249
U31163,3318,383.5709941462198,4067465
U31165,1475,555.0384846027646,12875415
U31167,6455,525.4284498463934,11504690
U31169,6055,359.7020789203996,3270432
U31171,729,422.99509055624105,6149365
U31173,7171,579.8780654479426,14448005
U31175,4647,418.67843251621855,5914603
U31177,18780,546.7481970380792,12660214
U31179,9851,555.4220368220649,12876890
U31181,4061,305.8866622191613,1357572
U31183,886,471.89927192356873,8407735
U31185,14598,414.02583696739623,5825236
U32001,23982,1526.2932208725256,137343676
U32003,1375765,1280.810426573324,94421313
U32005,41259,1642.8760151861145,175347612
U32007,45291,1296.9070019601113,97394937
U32009,971,1480.6236924778793,131784315
U32011,1651,1357.5964546150694,106111317
U32013,16106,1530.69058674934,137578712
U32015,5794,1423.0176968274834,120372174
U32017,4165,1240.2188712386198,87903809
U32019,34501,1606.7860149390172,158764114
U32021,5071,1541.8385327972026,139737451
U32023,32485,1376.016453477558,110031512
U32027,6693,1542.4122853609317,139749270
U32029,3399,1633.9612027239493,174411538
U32031,339486,1654.1565749787087,176578938
U32033,9181,1236.7744452423344,87726000
U32510,52457,1653.4277334402527,176437308
U33001,56325,2528.447408968308,395789405
U33003,43666,2549.2040888631695,397038094
U33005,73825,2457.902844541179,387914162
U33007,33111,2550.531186134439,397081760
U33009,81743,2498.5918219896153,391773794
U33011,380841,2500.5465995384898,392337834
U33013,136225,2506.3417470102017,392927459
U33015,277359,2551.650390672659,397649549
U33017,112233,2558.3687357639656,398638109
U33019,40458,2463.041623206519,388149908
U34001,252552,2261.8847252699,343939686
U34003,884118,2302.128876024075,353106939
U34005,423394,2256.4063798118655,343133093
U34007,508932,2231.433317306563,339500042
U34009,102326,2247.1050306198945,341563443
U34011,146438,2221.2888287275728,338572621
U34013,793633,2287.980198688254,349833615
U34015,254673,2216.3909910842817,337448741
U34017,608975,2302.21386928234,353991057
U34019,121989,2232.298082185928,340207716
U34021,350761,2250.8403215852886,342044026
U34023,750162,2275.3176434603033,345522625
U34025,615301,2297.561952524672,351460896
U34027,470212,2262.5066713160218,344215942
U34029,510916,2290.559575710987,350740809
U34031,489049,2283.1008105594515,348842172
U34033,64285,2199.1378461117506,333617273
U34035,297490,2256.972865273428,343556487
U34037,144166,2250.257635519705,341851148
U34039,522541,2282.994018849281,348259179
U34041,102437,2223.6370371512658,338943531
U35001,556678,625.6712855052818,15850394
U35003,3543,828.5896318975853,29444127
U35005,61382,620.6929312972512,15615828
U35006,25595,735.740588098623,25703336
U35007,14189,380.12984057526,4001106
U35009,45044,451.7553897206744,7436685
U35011,2240,526.4410166482576,11558311
U35013,174682,841.2609565667158,30441704
U35015,51658,701.1480415549842,24028009
U35017,31002,910.436482308571,37359861
U35019,4680,505.92714136748623,10413461
U35021,810,366.8231222397671,3378715
U35023,5932,999.4189777464325,47936069
U35025,55511,632.5840598672339,17108328
U35027,19411,639.9365564129938,17241259
U35028,18343,550.9580366719042,12775635
U35029,25016,911.5831790120524,37422831
U35031,74798,723.428119446328,24898252
U35033,5180,436.75137770648746,6872420
U35035,62298,760.1752844583818,26736846
U35037,10155,412.3435069585771,5804116
U35039,41190,553.9866302075367,12817681
U35041,18018,511.43729750027717,10545347
U35043,89908,606.4343666046378,15114465
U35045,113801,692.5048751811546,23467780
U35047,30126,461.4582925299638,7689552
U35049,129292,544.2655323061618,12465691
U35051,13270,800.2114369224367,28410788
U35053,18078,717.1770507414077,24829174
U35055,29979,463.1905731630857,8326778
U35057,16911,594.5190593077793,14689140
U35059,4174,298.00630952323036,1295519
U35061,66152,657.4652861027731,18152463
U36001,294565,2315.0300673763372,362073943
U36003,49927,1980.3168089566989,252414858
U36005,1332650,2320.9464214324307,362753084
U36007,200536,2159.73841151521,322481366
U36009,83955,1926.6936030185693,233749536
U36011,81963,2107.943212231475,309933639
U36013,139750,1868.1620583908702,218732740
U36015,91070,2084.290491302438,296147243
U36017,51401,2180.9282361233704,329624607
U36019,79894,2362.7026782443177,376066955
U36021,63094,2341.5363896534695,368941319
U36023,48599,2143.444480385568,318626223
U36025,48055,2231.0063953163594,339448546
U36027,280150,2330.4656361228895,367886094
U36029,950265,1926.1537105175687,232646866
U36031,38851,2346.9189233005277,370665552
U36033,51134,2312.6732555913577,359426833
U36035,55073,2283.005108931992,348781720
U36037,60370,1977.40245077932,251132386
U36039,48195,2298.759872602863,352850564
U36041,5379,2283.0567496770336,348836793
U36043,64427,2249.0966669371587,341786721
U36045,111738,2165.065708477339,324124354
U36047,2465326,2313.2590616731077,359478486
U36049,26944,2209.976548556449,335607353
U36051,64328,2007.3861212388115,258212927
U36053,69441,2180.415875595855,329555166
U36055,735343,2027.7075331768028,265879195
U36057,49708,2279.9588482961612,346610945
U36059,1334544,2343.439723300238,369302090
U36061,1537195,2311.2360370893634,356188817
U36063,219846,1937.913637150675,236714757
U36065,235469,2202.938425986584,334206496
U36067,458336,2138.488037429766,316916413
U36069,100224,2046.9703152961797,273897855
U36071,341367,2282.7164606086762,347914459
U36073,44171,1983.4783947585986,252977783
U36075,122377,2143.8180547783872,319143701
U36077,61676,2229.220037299575,339376595
U36079,95745,2329.6521662757546,367787597
U36081,2229379,2322.71016745971,364088701
U36083,152538,2353.4444124855218,373142427
U36085,443728,2297.758670044792,352076197
U36087,286753,2306.1340258778255,355201578
U36089,111931,2251.0195814741887,342399830
U36091,200635,2328.8782147624165,366618389
U36093,146555,2311.08064342561,356042262
U36095,31582,2277.1200402277805,346369474
U36097,19224,2071.2193248227672,287745658
U36099,33342,2084.552527840281,296273943
U36101,98726,2033.004959085652,268270571
U36103,1419369,2418.2636547144093,383779044
U36105,73966,2245.343488404194,341212998
U36107,51784,2121.458135219895,312635967
U36109,96501,2109.5644344884454,310302778
U36111,177749,2287.5636459295356,349650577
U36113,63303,2334.960959689759,368550104
U36115,61042,2364.441325089248,376280828
U36117,93765,2075.562473935192,289291201
U36119,923459,2329.492709057813,366864138
U36121,43424,1969.830631002773,248502752
U36123,24621,2060.2382528349995,280996967
U37001,130800,1903.4080729385632,229632336
U37003,33603,1750.8407997773118,190820538
U37005,10677,1740.9875242516155,189896741
U37007,25275,1871.6553345265725,219568033
U37009,24384,1710.0855740554998,185502573
U37011,17167,1681.8921535970396,182354066
U37013,44958,2142.467286929017,318262015
U37015,19773,2116.4055990047577,311442153
U37017,32278,2021.3151043436508,264300399
U37019,73143,2067.7451555582243,284297963
U37021,206330,1641.0167346839385,175074796
U37023,89148,1709.2514548689658,185403921
U37025,131063,1820.3212335704952,206781113
U37027,77415,1719.0097587107873,186737889
U37029,6885,2179.5209562102673,328788221
U37031,59383,2188.714764505855,330719956
U37033,23501,1900.8146725745517,227061498
U37035,141685,1754.5904333695999,191164278
U37037,49329,1925.2518965722857,232597537
U37039,24298,1522.0857489327375,136137991
U37041,14526,2146.295964549673,319446965
U37043,8775,1551.6870765314654,141809419
U37045,96287,1734.1239410769772,188802672
U37047,54749,2024.2029486585375,265431606
U37049,91436,2132.061815115317,315764240
U37051,302963,1981.3092500430212,252464785
U37053,18190,2198.17016291623,333243884
U37055,29967,2233.109391664798,340352181
U37057,147246,1839.1913175148152,209494832
U37059,34835,1806.2218235549235,205168684
U37061,49063,2063.22842436166,282408427
U37063,223314,1949.2667718429961,242240382
U37065,55606,2064.0241745509666,282480219
U37067,306067,1826.0672330244956,207347280
U37069,47260,2000.0668635409927,256545065
U37071,190365,1768.5513551569657,193479755
U37073,10516,2129.9253184833215,315075271
U37075,7993,1535.347787988395,138117614
U37077,48498,1962.105155912105,246614264
U37079,18974,2068.932742536607,284422739
U37081,421048,1868.420231809257,218891294
U37083,57370,2051.9548643411995,275708148
U37085,91025,1967.9973275985221,248024620
U37087,54033,1603.8835501916649,157963219
U37089,89173,1653.520564933473,176489765
U37091,22601,2107.3352557610438,309799998
U37093,33646,1946.1887241145062,239891529
U37095,5826,2204.867528602388,334499183
U37097,122660,1780.4046959722311,196502550
U37099,33121,1598.2813694595263,155218432
U37101,121965,2007.9988172833816,260097910
U37103,10381,2110.7019225095364,310464398
U37105,49040,1938.581917568077,236934603
U37107,59648,2079.7450660559452,292698290
U37109,63780,1758.6108161730342,191470242
U37111,42151,1681.1271148414926,182243209
U37113,29811,1577.145101203921,152227050
U37115,19635,1618.004035000845,162638812
U37117,25593,2108.9160665662916,310177168
U37119,695454,1799.9725497758789,201735057
U37121,15687,1662.1275151392745,177189500
U37123,26822,1878.5268432818946,220809287
U37125,74769,1916.4035824809596,231405221
U37127,87420,2029.0501917888826,267427137
U37129,160307,2093.8691303612068,305617718
U37131,22086,2069.4879315669536,284470071
U37133,150355,2106.2890196645835,309555027
U37135,118227,1927.460802265602,233870846
U37137,12934,2167.729295447415,324495920
U37139,34897,2172.809188525784,324851062
U37141,41082,2080.8900626568643,293821985
U37143,11368,2162.345561186479,322979726
U37145,35623,1933.1094978109738,235026500
U37147,133798,2092.959230096286,304255650
U37149,18324,1682.4990964450608,182371233
U37151,130454,1876.5455615481362,220307038
U37153,46564,1902.449593216606,227104278
U37155,123339,1970.7066442010564,248708346
U37157,91928,1861.6512177665022,217066361
U37159,130340,1815.542278221828,206373803
U37161,62899,1700.4189199667837,184359331
U37163,60161,2023.1616718355738,264493201
U37165,35998,1931.2480915503377,234556895
U37167,58100,1848.7136690378136,212916886
U37169,44711,1821.1392174292534,207034830
U37171,71219,1781.7126250973813,196703770
U37173,12968,1560.5217607735485,149281466
U37175,29334,1628.0341727250511,163578336
U37177,4149,2191.133146185536,331035257
U37179,123677,1834.4406464233134,208821375
U37181,42954,1982.642731689093,252821374
U37183,627846,1975.5922136312931,250345383
U37185,19972,2008.6327560930397,260230789
U37187,13723,2156.170889137094,321775650
U37189,42695,1696.3090613119423,183197739
U37191,113329,2044.058287291784,273316587
U37193,65632,1744.6288059491555,190465562
U37195,73814,2041.9799191251952,272010625
U37197,36348,1789.6723199205321,198456849
U37199,17774,1653.0764025328945,176410165
U38001,2593,907.1502746426704,37275983
U38003,11775,1012.9068343414818,50144451
U38005,6964,1120.2815374519266,64517672
U38007,888,1019.3513598195595,52113753
U38009,7149,1195.1315066791194,82362278
U38011,3242,924.7628866306699,39274950
U38013,2242,1202.7666253048537,83772896
U38015,69416,992.6411414382342,47438277
U38017,123138,1027.712884806575,52502482
U38019,4831,1206.1679806621644,84477022
U38021,5757,915.1072291381493,38384604
U38023,2283,1218.0586687070358,85873240
U38025,3600,1046.129057910931,57780472
U38027,2757,1086.2856021517778,60472704
U38029,4331,916.8402887489523,38440764
U38031,3759,1058.1173579567892,58506483
U38033,1924,1020.7558434119096,52141742
U38035,66109,1130.3553656790566,65190005
U38037,2841,927.0329547224105,39427066
U38039,2754,1066.752034500933,59056826
U38041,2715,943.2700416135973,40209999
U38043,2753,991.6871148665608,47402806
U38045,4701,953.3909718390737,41505512
U38047,2308,941.9591022040798,40182317
U38049,5987,1132.786221042561,65430523
U38051,3390,903.630282953738,37063416
U38053,5737,1099.5468425781369,61863991
U38055,9311,1069.5965288400262,59445032
U38057,8644,1033.0133218178155,53029529
U38059,25303,964.6973742607287,41985748
U38061,6631,1137.7378108939743,66414891
U38063,3715,1116.7529785299078,63857071
U38065,2065,1009.8083634480006,49947120
U38067,8585,1219.381321408749,85941880
U38069,4675,1135.0408744442873,66269477
U38071,12066,1147.7381678706379,67130402
U38073,5890,968.1224617402855,42050728
U38075,2610,1188.3289552935635,76442608
U38077,17998,965.753221892921,42011051
U38079,13674,1194.395076145779,82310590
U38081,4366,932.1647354138267,39661838
U38083,1710,1060.6812579771554,58780277
U38085,4044,896.8032832286995,35581833
U38087,767,960.2380978058062,41769676
U38089,22636,987.7601845245999,47034652
U38091,2258,1074.9578411630043,59960905
U38093,21908,1002.9304488222715,48572077
U38095,2876,1188.6995680663904,76484868
U38097,8477,1084.857559435789,60460351
U38099,12389,1174.1868328197017,71204622
U38101,58795,1132.6993651465061,65367231
U38103,5102,1063.6800243506316,58941683
U38105,19761,1166.479477442293,70728905
U39001,27330,1504.4326258950405,133768381
U39003,108473,1458.7549313749591,128208942
U39005,52523,1613.3726775257421,162242514
U39007,102728,1752.902244674984,190892267
U39009,62223,1626.3016948123254,163368111
U39011,46611,1446.382069939418,125437518
U39013,70226,1718.6878688112374,186667663
U39015,42285,1470.1483285949794,130182278
U39017,332807,1409.749773828019,116503691
U39019,28836,1710.4644489945847,185526957
U39021,38890,1481.0804667130353,132079696
U39023,144742,1478.4064238612102,131637272
U39025,177977,1445.4361994570945,125139413
U39027,40543,1474.215464124853,131001954
U39029,112075,1738.086065767602,189160532
U39031,36655,1637.9061103922354,174777501
U39033,46966,1558.5840298716807,148510507
U39035,1393978,1670.3468547219095,177791660
U39037,53309,1408.7134601287746,116407043
U39039,39500,1435.6629089094604,124391873
U39041,109989,1546.5198085639117,141022982
U39043,79551,1601.1651875399464,156995476
U39045,122759,1576.4416214388914,152020597
U39047,28433,1504.8993874603739,133795711
U39049,1068978,1544.719542961174,139785353
U39051,42084,1470.5892329899905,130399283
U39053,31069,1606.0547065273054,158685411
U39055,90895,1712.101023245209,185817809
U39057,147886,1467.9299762487758,129987734
U39059,40792,1673.6385806140145,179558120
U39061,845303,1411.2830848304538,117272889
U39063,71295,1498.5622168723578,133282206
U39065,31945,1494.5237746435066,133013000
U39067,15856,1708.9612791082682,185388065
U39069,29210,1470.577220003388,130370073
U39071,40875,1492.3668849939045,132891643
U39073,28241,1588.5760186568257,153115253
U39075,38943,1639.5995691665225,174984494
U39077,59487,1589.6767333906791,153234929
U39079,32641,1578.1680271537605,152260608
U39081,73894,1737.3742173174974,188976647
U39083,54500,1596.8811296054373,155003314
U39085,227511,1700.1242218228215,184131820
U39087,62319,1588.664907687252,153172610
U39089,145491,1590.1225051179915,153423268
U39091,46005,1483.198812985321,132411415
U39093,284664,1628.036889244289,163607670
U39095,455054,1525.8842332796837,136865714
U39097,40213,1510.9409954935297,134887532
U39099,257555,1740.5130540306534,189605202
U39101,66217,1535.0768994022392,138007782
U39103,151095,1647.2191419600376,175796735
U39105,23072,1628.4638197931617,163906932
U39107,40924,1411.7757770887888,118162569
U39109,98868,1441.3875829811989,124727683
U39111,15180,1707.9180581695139,184987613
U39113,559062,1434.3762835849445,123465884
U39115,14897,1641.902961929559,175281126
U39117,31628,1566.1196473755615,150138998
U39119,84585,1635.4303156718831,174519423
U39121,14058,1676.9820999196993,180819242
U39123,40985,1561.1967349316676,149367737
U39125,20293,1424.6634740740412,122460163
U39127,34078,1609.7974539651034,162052131
U39129,52727,1539.906272400643,139619501
U39131,27695,1540.0965447172005,139672228
U39133,152061,1706.3692456770236,184770438
U39135,42337,1403.969879401003,116277989
U39137,34726,1460.2916178223682,128435977
U39139,128852,1589.8324693841537,153294416
U39141,73345,1539.1099518757273,139435999
U39143,61792,1547.164040006579,141164982
U39145,79195,1545.6938410698754,140943787
U39147,58683,1545.0231304757936,140881220
U39149,47910,1445.7542989607086,125359124
U39151,378098,1688.979692433546,182612561
U39153,542899,1677.6951996371115,181541822
U39155,225116,1743.5730147205174,190116459
U39157,90914,1677.5688012114756,181412989
U39159,40909,1516.202505832405,135274201
U39161,29659,1419.8461169506359,119982572
U39163,12806,1588.5762512099332,153143494
U39165,158383,1443.6948319261403,124863388
U39167,63251,1673.841437064215,179598912
U39169,111564,1645.3491683953853,175446889
U39171,39188,1432.2908684901815,123165670
U39173,121065,1507.5810497310838,134655194
U39175,22908,1525.9790916262973,137320768
U40001,21038,591.4573455039845,14642812
U40003,6105,259.156921084535,565127
U40005,13879,587.5485075007516,14608228
U40007,5857,146.54406720650712,158730
U40009,19799,323.14455753130403,1609301
U40011,11976,317.0811026775465,1522951
U40013,36534,607.0665939974364,15204373
U40015,30150,383.52940973251054,4037315
U40017,87697,371.6654566811724,3805497
U40019,45621,523.9244131008619,11420700
U40021,42521,563.2238662540067,13117830
U40023,15342,646.0859194057938,17663731
U40025,3148,212.5054396644802,346788
U40027,208016,439.262904369981,6891000
U40029,6031,554.7595550800778,12869384
U40031,114996,427.81564307194947,6707159
U40033,6614,468.9838986504526,8392354
U40035,14950,509.7172696231305,10454888
U40037,67367,454.7529300099282,7586571
U40039,26142,309.13492444337083,1361633
U40041,37077,556.6290079836415,12903233
U40043,4743,276.7246122647373,684363
U40045,4075,221.21275952452785,367036
U40047,57813,320.8414552457342,1548288
U40049,27210,481.84419257807826,9128203
U40051,45516,422.45203963264254,6103849
U40053,5144,296.0929607451154,1275091
U40055,6061,362.3192206261281,3363520
U40057,3283,376.133829739943,3963899
U40059,3562,168.4161044234943,234867
U40061,11792,592.0482552360124,14663850
U40063,14154,521.4073772301938,10832865
U40065,28439,402.3896851490839,4428945
U40067,6818,510.36398655444395,10469838
U40069,10513,554.1856114077881,12858871
U40071,48080,346.02739728976417,2575720
U40073,13926,341.56271387930883,2429942
U40075,10227,381.8281843176994,4015295
U40077,10692,603.0803377352,14845567
U40079,48109,643.425572205878,17356781
U40081,32080,431.2115333824464,6822155
U40083,33924,376.56946788386017,3967182
U40085,8831,553.1242241077027,12808850
U40087,27740,447.49705843887716,7358170
U40089,34402,692.3406194562222,23433378
U40091,19456,541.2972861150738,12319495
U40093,7545,274.31462805641775,673382
U40095,13184,572.3075646491769,14228806
U40097,38369,524.948563029654,11466321
U40099,12623,515.0531188780941,10597626
U40101,69451,548.0905514561309,12678994
U40103,11411,361.3579992949156,3324162
U40105,10569,474.00264573744636,8451803
U40107,11814,486.8708710836562,9414907
U40109,660448,406.169970305591,5051458
U40111,39685,501.9912999269421,10069804
U40113,44437,414.51246685590473,5861962
U40115,33194,541.3276874275789,12338951
U40117,16612,406.97756372208977,5711906
U40119,68190,399.5615847629922,4328493
U40121,43953,565.5743884567838,13202393
U40123,35143,517.9919794805122,10665389
U40125,65521,462.19690647971333,8261257
U40127,11667,628.8939411919594,16616814
U40129,3436,275.14742343036613,680927
U40131,70641,491.61064394702606,9518501
U40133,24894,489.6943833587693,9468680
U40135,38972,603.9766968553977,14859561
U40137,43182,473.70669152370334,8408621
U40139,20107,159.80629247260245,203087
U40141,9287,440.1685763465568,7099016
U40143,563299,476.71724484429217,8462372
U40145,57491,518.843900401042,10728883
U40147,48996,452.63268915419474,7490256
U40149,11508,344.2809699833931,2557178
U40151,9089,218.5019680644373,357947
U40153,18486,222.47731706176407,374297
U41001,16741,1592.396759955786,153959213
U41003,78153,2019.2119579648615,264027046
U41005,338391,1944.098585140025,238089544
U41007,35630,2084.3107082173174,296238313
U41009,43560,2035.5367623125212,269154162
U41011,62779,2045.1132295765624,273567556
U41013,19182,1774.700730383966,194502746
U41015,21137,2044.813443158123,273495022
U41017,115367,1833.7021336090534,208686143
U41019,100399,1971.7506602330113,248949770
U41021,1915,1804.3229616025328,204379498
U41023,7935,1682.5953795804605,182389557
U41025,7609,1635.6203062524437,174604008
U41027,20411,1915.5301193841897,231326075
U41029,181269,1918.9028134593195,231662451
U41031,19009,1851.410938941043,213726735
U41033,75726,1993.7054725412647,255406279
U41035,63775,1839.7462413707813,209665734
U41037,7422,1740.736439671738,189889319
U41039,322959,1964.6653410659985,246924377
U41041,44479,2060.394543938984,281021588
U41043,103069,1951.2126237349996,243536813
U41045,31615,1530.7849880953606,137594818
U41047,284834,1965.062905021876,247266111
U41049,10995,1761.4557798160315,192217413
U41051,660486,1973.2247752442547,249298416
U41053,62380,2027.7393825535846,266614538
U41055,1934,1839.2979820331875,209642078
U41057,24262,2070.7741386456214,285589096
U41059,70548,1705.665339477575,184614334
U41061,24530,1640.3729863335811,175037511
U41063,7226,1596.113203166463,154971757
U41065,23791,1867.0513179823008,218559766
U41067,445342,2024.127358637591,264705451
U41069,1547,1767.1144447140077,192807676
U41071,84992,2031.271066507681,267854022
U42001,91292,2038.5753534300593,269448198
U42003,1281666,1803.6856930761346,203097832
U42005,72392,1848.7672686616413,213009054
U42007,181412,1773.4576461249258,194312553
U42009,49984,1929.7700755143512,234348374
U42011,373638,2146.7886825346573,319614820
U42013,129144,1945.0290309366937,239709269
U42015,62761,2101.6905799384135,308719322
U42017,597635,2216.44107944277,337703414
U42019,174083,1811.138582175475,205905081
U42021,152598,1910.7951487793166,230768190
U42023,5974,1958.4954517802416,246193039
U42025,58802,2164.7758381469903,324008656
U42027,135758,1985.0451232680855,253329648
U42029,433501,2163.2876151657097,323314263
U42031,41765,1854.8665261713497,214157332
U42033,83382,1932.8749767579918,234943118
U42035,37914,2003.1151017546122,257027542
U42037,64151,2106.60155130099,309730300
U42039,90366,1802.5092896208912,202915221
U42041,213674,2033.8819254153682,268754260
U42043,251798,2073.482056923089,288140912
U42045,550864,2193.46455012877,331386527
U42047,35112,1920.5048440486048,231899665
U42049,280843,1809.1824809868035,205602066
U42051,148644,1831.409162737001,207990635
U42053,4946,1871.7254052912992,219593308
U42055,129313,1995.1650915898172,255899327
U42057,14261,1961.252723846554,246455577
U42059,40672,1781.8347832889376,196774989
U42061,45586,1973.89298532358,250221801
U42063,89605,1879.7924865986772,220979138
U42065,45932,1889.6097290307753,224504388
U42067,22821,2022.0264550456639,264376845
U42069,213295,2174.121263911991,324944419
U42071,470658,2120.3943013921707,312150125
U42073,94643,1776.869310705038,194841770
U42075,120327,2101.8848618497445,308782083
U42077,312090,2174.8979234044837,327775995
U42079,319250,2142.7727944495155,318306973
U42081,120044,2053.1757440457054,276667854
U42083,45936,1930.6918345852343,234510959
U42085,120293,1786.330959359208,197968504
U42087,46486,2003.4859125763442,257333176
U42089,138687,2196.8065264090483,332956493
U42091,750097,2194.573767976585,331998327
U42093,18236,2084.6715088982733,296307285
U42095,267066,2198.634937550232,333333017
U42097,94556,2080.578248292925,293727429
U42099,43602,2033.3711935288893,268438995
U42101,1517550,2215.59454518153,335887103
U42103,46302,2222.062735284411,338808441
U42105,18080,1986.102495590135,254219244
U42107,150336,2121.9185846932546,312697683
U42109,37546,2049.8713491555845,275290183
U42111,80023,1883.8987396309499,222069820
U42113,6556,2098.962583318776,307739216
U42115,42238,2159.9045195498234,322727174
U42117,41373,2039.0023576284311,269539490
U42119,41624,2051.7540146061806,275616113
U42121,57565,1828.762509770388,207793946
U42123,43863,1869.9015607597923,219510343
U42125,202897,1779.9234943343677,196277410
U42127,47722,2201.248144836665,333871482
U42129,369993,1846.8060440745817,212038673
U42131,28080,2141.196056797492,317995522
U42133,381751,2080.1127223301078,293247104
U44001,50648,2534.2066355162156,395848865
U44003,167090,2510.0487865985083,393855789
U44005,85433,2534.6153548717043,395985470
U44007,621602,2509.8048687455507,393234187
U44009,123546,2507.031035857141,393063684
U45001,26167,1693.5480346708582,183101306
U45003,142552,1791.1353348809068,198553416
U45005,11211,1838.6237209002877,209394961
U45007,165740,1666.88537644475,177503343
U45009,16658,1855.5952535988222,215147913
U45011,23478,1820.4208374438288,207001249
U45013,120937,1924.4551145328019,232402700
U45015,142651,1950.1475848835175,243265061
U45017,15185,1859.7572851009224,216802960
U45019,309969,1968.4572301869223,248154739
U45021,52537,1738.5434430951132,189521006
U45023,34068,1789.3273433611128,198280306
U45025,42768,1878.4252319355824,220766519
U45027,32502,1908.8333591659762,230701698
U45029,38264,1905.7168068775943,230060783
U45031,67394,1906.135638050349,230233927
U45033,30722,1955.2595155378665,245976568
U45035,96413,1916.539949787315,231488649
U45037,24595,1753.1012922790585,190994995
U45039,23454,1802.5245387805267,203005587
U45041,125761,1939.0379417479635,237062879
U45043,55797,1998.0742046343153,256274644
U45045,379616,1677.0582756830427,180833300
U45047,66271,1724.5208043997588,187521499
U45049,21386,1866.4224034817923,218538380
U45051,196629,2007.253637350917,258016298
U45053,20678,1892.7400662241055,224901107
U45055,52647,1851.1879490010945,213674088
U45057,61351,1829.2741977204876,207851511
U45059,69567,1723.0500918360808,187295633
U45061,20119,1887.2222357797616,223936261
U45063,216014,1808.6013142759164,205386052
U45065,9958,1718.2580122885154,186527131
U45067,35466,1967.4056246614207,247989154
U45069,28818,1921.5948978646138,232021320
U45071,36108,1765.2693810246672,192650311
U45073,66215,1622.0337258735756,162881119
U45075,91582,1867.427666728788,218612839
U45077,110757,1646.494957662053,175623141
U45079,320677,1835.9574880123798,209002245
U45081,19181,1764.8782657192085,192616516
U45083,253791,1708.889245918119,185134274
U45085,104646,1884.8574200288415,222187415
U45087,29881,1749.7067517324974,190767082
U45089,37217,1953.7806383927925,245662037
U45091,164614,1778.118448916112,195750986
U46003,3058,656.8057835847837,17909014
U46005,17023,737.5505456784468,25755281
U46007,3574,576.5896270701724,14382988
U46009,7260,599.6475131173697,14760908
U46011,28220,776.9506327288501,27346103
U46013,35460,861.5334434005807,32015251
U46015,5364,646.7462671792421,17716350
U46017,2032,679.0534782479351,20758698
U46019,9094,795.4259421894849,28197029
U46021,1782,862.0680277678787,32050711
U46023,9350,601.3749336634804,14783153
U46025,4143,797.4334610966556,28280544
U46027,13537,627.3640080480116,16542241
U46029,25897,823.6942464874146,29378396
U46031,4181,851.4927764737037,30897721
U46033,7275,667.1929039078917,20481988
U46035,18741,662.8308041078623,18952276
U46037,6267,854.099703354948,31053401
U46039,4498,818.6234513704944,29157990
U46041,5972,789.7979391617974,27841103
U46043,3458,627.0707050524262,16538783
U46045,4367,828.653719996565,29447670
U46047,7453,620.9086115963236,15677210
U46049,2640,791.3881731216658,27889820
U46051,7847,857.9340819726726,31252550
U46053,4792,585.0760857419439,14540126
U46055,2196,697.0985278117789,23705325
U46057,5540,794.9820221468366,28174326
U46059,3741,736.9927273363569,25751540
U46061,3139,673.3329068982986,20576385
U46063,1353,869.3225672443508,32369408
U46065,16481,708.2701506474094,24641568
U46067,8075,639.7334784030121,17233184
U46069,1671,729.0618913658353,25179287
U46071,2930,630.35070921152,16628481
U46073,2295,691.9710592391449,23431083
U46075,1193,656.505088083106,17907821
U46077,5815,752.580584878224,26595631
U46079,11276,730.7563072314417,25226042
U46081,21802,746.2242575553463,26315758
U46083,24131,673.0329204587908,20552254
U46085,3895,654.4744168693895,17896089
U46087,5832,687.4113489516337,21088567
U46089,2904,869.4891282339498,32370761
U46091,4576,893.9565407579989,35447372
U46093,24253,747.6984549677315,26404093
U46095,2083,615.6595865920327,15532531
U46097,2884,713.6727666433198,24691183
U46099,148281,707.2648090792134,24490515
U46101,6595,745.4844519783211,26305837
U46103,88565,684.7207860406397,20963137
U46105,3363,839.1056941839976,30342084
U46107,2693,782.9668901896376,27531423
U46109,10016,898.8317848621265,35831964
U46111,2675,700.2259708617347,23982445
U46113,12466,608.2563165409989,15265286
U46115,7454,790.9767549556161,27882366
U46117,2772,708.0450523169178,24638796
U46119,1556,743.8986459110703,26232338
U46121,9050,573.7600418213797,14241990
U46123,6430,593.9679162339054,14682710
U46125,8849,658.4978365342956,18858793
U46127,12584,634.3576361580114,17169308
U46129,5974,822.7354127784475,29372422
U46135,21652,619.7501990826561,15594176
U46137,2519,774.8820704990851,27286132
U47001,71330,1481.7039094386535,132305035
U47003,37586,1301.7663544452998,97777639
U47005,16537,1144.9129986284122,66698862
U47007,12367,1408.0817440458868,116394676
U47009,105823,1517.1359908802074,135444467
U47011,87965,1452.2037992491269,125793718
U47013,39854,1477.906687562001,131583726
U47015,12826,1327.1584612909214,102019616
U47017,29475,1114.8536343578396,63762594
U47019,56742,1658.632739042751,176987388
U47021,35912,1224.358470046126,86398222
U47023,15540,1119.703133225709,64224824
U47025,29862,1519.2638118293746,135704483
U47027,7976,1353.2500080278326,105942436
U47029,33565,1581.0564421853485,152595428
U47031,48014,1335.5316009384267,103203205
U47033,14532,1060.6282273959876,58747494
U47035,46802,1416.1859989161348,119736924
U47037,569891,1254.1751015434477,90472863
U47039,11731,1156.155511733344,68714892
U47041,17423,1342.1767789852527,103536878
U47043,43156,1204.3063366914819,84356057
U47045,37279,1030.2699122957727,52731811
U47047,28806,1058.8839329258583,58696737
U47049,16625,1410.8138566135206,116856421
U47051,39270,1344.7806799460398,105060083
U47053,48152,1072.368483981218,59620915
U47055,29447,1262.359864485495,91973039
U47057,20659,1537.7229471180083,138141606
U47059,62909,1598.0598498702261,155155523
U47061,14332,1369.6791215959695,108391151
U47063,58128,1560.465749612852,149223338
U47065,307896,1422.2937938750597,120054796
U47067,6786,1556.7587896854395,148482459
U47069,28105,1094.234613167699,61306338
U47071,25578,1163.525815446327,70620340
U47073,53563,1584.2480060872163,152995287
U47075,19797,1055.5661793285537,58486686
U47077,25522,1130.287312119791,65164483
U47079,31115,1117.9654332162713,64130138
U47081,22295,1205.2461931629211,84403232
U47083,8088,1170.8261425639025,70910317
U47085,17929,1170.1257802558514,70892388
U47087,10984,1346.4840274528779,105184726
U47089,44294,1549.4372365588858,141487910
U47091,17499,1677.9589351206741,182084721
U47093,382032,1507.4587483168852,133950267
U47095,7954,1014.648658095627,50404071
U47097,27101,1019.8293353112098,52114641
U47099,39926,1230.6234577442735,87431271
U47101,11367,1211.5360939105806,84776078
U47103,31340,1302.582854519118,97843132
U47105,39086,1481.4095966075233,132149114
U47107,49015,1464.273471735724,129462605
U47109,24653,1132.081397534547,65325570
U47111,20386,1313.5754080912773,99281198
U47113,91837,1093.4884569922178,61213650
U47115,27776,1387.1347930388342,113304472
U47117,26767,1276.581575189552,93057882
U47119,69498,1244.8141021391878,88559320
U47121,11086,1444.0901166607464,125108967
U47123,38961,1495.7839807730818,133143941
U47125,134768,1193.8220667207434,82175822
U47127,5740,1317.7929207567431,99826320
U47129,19757,1442.3284896788919,124843631
U47131,32450,1043.1362252076435,57631588
U47133,20118,1380.9091352436228,112542151
U47135,7631,1174.216328203253,71217011
U47137,4945,1394.0822149044586,114391090
U47139,16050,1481.3078260186894,132133064
U47141,62315,1367.330319258577,107757399
U47143,28400,1430.196972492789,123080767
U47145,51910,1460.182135431918,128384067
U47147,54433,1237.8854108343453,87762491
U47149,182023,1295.2577094478554,96905027
U47151,21127,1447.3886906783882,125632195
U47153,11370,1397.2327033373963,115405002
U47155,71170,1549.2449005003189,141318333
U47157,897472,1018.5636393540038,51145311
U47159,17712,1325.5016094197272,101806890
U47161,12370,1152.451397309657,67693064
U47163,153048,1638.2962424160635,174820476
U47165,130449,1275.1496009092525,92858750
U47167,51271,1017.4821691492801,50877117
U47169,7259,1303.3653973897344,97926039
U47171,17667,1637.6235572724377,174759834
U47173,17808,1508.9771484714884,134843265
U47175,5508,1382.9521433707434,112630356
U47177,38276,1355.8090050798623,106010068
U47179,107198,1626.108991671938,163260913
U47181,16842,1193.4363624878536,76753816
U47183,34895,1081.9486908640258,60194168
U47185,23102,1376.6504113433512,110461717
U47187,126638,1252.0147187535745,90286764
U47189,88809,1297.86747236532,97559972
U48001,55109,831.0904754550605,29511380
U48003,13004,661.1145130182342,18925029
U48005,80130,940.8633175208984,40078635
U48007,22497,1160.1846459036637,70468689
U48009,8854,526.6985394799608,11560551
U48011,2148,347.6194525160424,2623800
U48013,38628,1038.7447493243114,57408876
U48015,23590,996.3386782901657,47784919
U48017,6594,481.15375809717426,9121609
U48019,17645,932.5731242534939,39676458
U48021,57733,938.4413452546843,39900778
U48023,4093,512.1667203526258,10563365
U48025,32359,1107.065054095752,63322267
U48027,237974,834.506659897946,29654488
U48029,1392931,978.3937945595147,43925131
U48031,8418,892.1332988910982,35380505
U48033,729,593.4937448830296,14681981
U48035,17204,739.9707282224169,25967166
U48037,89306,766.1014470187015,26949781
U48039,241767,1102.9100195272413,62079171
U48041,152415,917.4513673067755,38793284
U48043,8866,945.3933124454311,40468796
U48045,1790,394.269918106372,4290254
U48047,7976,1247.6897841575717,89971587
U48049,37674,716.9419522380573,24791500
U48051,16470,921.5094982736192,39041394
U48053,34147,840.3805229915723,30345447
U48055,32194,956.9620187466827,41605184
U48057,20647,1135.76451965053,66326531
U48059,12905,652.2553905107512,17843781
U48061,335227,1363.663755945324,106606873
U48063,11549,768.2514740188125,27055525
U48065,6516,299.2081452789969,1304977
U48067,30438,798.7176310669186,28373921
U48069,8285,414.12617439169827,5839834
U48071,26031,1083.8366625008014,60407171
U48073,46659,857.2921527355384,31166947
U48075,7688,394.4830781145594,4292044
U48077,11006,526.0206537112156,11547305
U48079,3730,528.7318252625817,11603791
U48081,3864,686.6656843135054,21084703
U48083,9235,694.1571287130407,23590019
U48085,491675,658.1010175512267,18218615
U48087,3206,345.8474582343356,2572514
U48089,20390,1018.0630156425606,51124921
U48091,78021,945.4169728042651,40477662
U48093,14026,706.9937783342881,24344251
U48095,3966,752.9539876243334,26630539
U48097,36363,584.6562315918818,14503763
U48099,74978,787.8404598572038,27751791
U48101,1904,442.21344233876516,7135188
U48103,3996,754.2006744245995,26634505
U48105,4099,817.8506365152226,29153891
U48107,7072,496.5100734347968,9734636
U48109,2975,811.8090924999999,28746985
U48111,6222,255.88441708067012,554369
U48113,2218899,688.4949808321809,21113708
U48115,14985,600.4539165182154,14768168
U48117,18561,384.01418682850687,4070783
U48119,5327,691.4776530296116,23424363
U48121,432976,630.4001046506249,16631411
U48123,20013,1045.223764977328,57737566
U48125,2762,493.344125635868,9723942
U48127,10248,1074.538623650889,59766915
U48129,3828,344.3120509141528,2568686
U48131,13120,1172.0791059649284,70918405
U48133,18297,659.8619942639787,18896300
U48135,121123,707.2206301941558,24358277
U48137,2162,897.8397684875373,35786149
U48139,111360,728.2897019774948,24996614
U48141,679622,860.0138018929737,31327562
U48143,33001,685.7163836724714,21051702
U48145,18576,832.2590966900674,29566489
U48147,31242,648.4170971414569,17771861
U48149,21804,974.5874057196336,42975779
U48151,4344,591.3513036147923,14638468
U48153,7771,445.1608889944801,7165562
U48155,1622,460.8496988524214,7673254
U48157,354452,1053.0094695637574,57992760
U48159,9458,736.6829371329252,25742082
U48161,17867,820.9667217537952,29343614
U48163,16252,1032.2580989317496,52930473
U48165,14467,614.5603245558384,15509840
U48167,250158,1119.9367103642744,64267514
U48169,4872,543.6254280073181,12373838
U48171,20814,874.8066976682319,33094729
U48173,1406,691.2887704865311,23422957
U48175,6928,1088.4546640912888,60689542
U48177,18628,1000.8199772598215,47991986
U48179,22744,294.5407527149614,1252347
U48181,110595,613.524459166552,15353112
U48183,111379,819.5617511372948,29192008
U48185,23552,941.8830997654513,40158765
U48187,89023,976.2804114112117,43493695
U48189,36602,453.43109839478086,7549969
U48191,3782,400.32916430190414,4397127
U48193,8229,745.0639076715189,26297608
U48195,5369,205.0919467438105,326303
U48197,4724,427.6369826737757,6702435
U48199,48073,1037.8201358775761,57360803
U48201,3400578,1035.7286344279391,53234256
U48203,62110,841.2364369328197,30379594
U48205,5537,296.71077980802556,1280235
U48207,6093,549.7372526959094,12748445
U48209,97589,922.8919305009651,39117802
U48211,3351,251.7262917479793,520625
U48213,73277,786.6649043795876,27631294
U48215,569463,1318.2241352372612,99832060
U48217,32321,750.59171225646,26553523
U48219,22716,514.997050504093,10574910
U48221,41100,678.5225763995036,20717598
U48223,31960,718.1957764071387,24852475
U48225,23185,892.0422657873752,35357320
U48227,33627,642.3014473885761,17323154
U48229,3344,847.2801297601253,30877258
U48231,76596,690.9062610117405,23346361
U48233,23857,252.28847058289475,523976
U48235,1771,750.7359686097459,26585844
U48237,8763,583.9083055419153,14483403
U48239,14391,1081.5594744577097,60179777
U48241,35604,1018.5661179641535,52042783
U48243,2207,885.135569984861,35063886
U48245,252051,1095.0888571655832,61334443
U48247,5281,1239.2408206446862,87895685
U48249,39326,1173.703033455094,71104338
U48251,126811,701.1956045726333,24079667
U48253,20785,595.3926342929533,14706051
U48255,15446,1051.2238182766414,57936213
U48257,71313,728.3407325093171,25107974
U48259,23743,920.6941164698085,38992157
U48261,414,1275.732561423902,92989199
U48263,859,541.1509599709019,12318636
U48265,43653,898.5086050909148,35788311
U48267,4468,846.9752937781699,30834738
U48269,356,495.3495763920347,9734280
U48271,3379,968.4680161554643,42056618
U48273,31549,1214.7093948789384,85195541
U48275,4253,501.1551432779689,10065551
U48277,48499,674.1608291119509,20586118
U48279,14709,465.79356613714793,8371386
U48281,17762,795.7623472760878,28245434
U48283,5866,1089.5224636924215,60703912
U48285,19210,1026.4092291719135,52473889
U48287,15657,926.5553116515333,39411409
U48289,15335,866.8199645254563,32226061
U48291,70154,1032.2435149664348,52860319
U48293,22051,816.1694782442916,29020401
U48295,3057,201.15149688995743,317939
U48297,12309,1105.6759251048334,62654005
U48299,17044,838.1217990827822,30290171
U48301,67,736.4448422063905,25742015
U48303,242628,503.1855808579121,10109489
U48305,6550,550.5506335217609,12769085
U48307,8205,771.6780257950842,27162879
U48309,213517,791.8004769385481,27892460
U48311,851,1093.5811574346985,61305487
U48313,12940,902.4349287835015,36935029
U48315,10941,821.7125099136425,29361481
U48317,4746,648.0423445433423,17767115
U48319,3738,828.6905808723442,29452037
U48321,37957,1120.3635364345396,64524636
U48323,47297,1035.7210135962378,53186959
U48325,39304,978.8971066321475,45375128
U48327,2360,801.203243629736,28424058
U48329,116009,697.167091132698,23707521
U48331,24238,877.6167060568333,34334360
U48333,5151,754.9299773951941,26641905
U48335,9698,639.3578419986161,17223486
U48337,19117,557.1661965101517,12963326
U48339,293768,986.8721110296958,46740884
U48341,20121,266.67461612746126,618189
U48343,13048,772.007736645426,27216208
U48345,1426,444.00021048636415,7164136
U48347,59203,907.0107369417495,37216780
U48349,45124,771.9628142490188,27171084
U48351,15072,1031.4130918923433,52769090
U48353,15802,638.8610968729312,17207684
U48355,313645,1185.3354507215377,75629743
U48357,9006,197.12539894391068,308933
U48359,2185,337.8856343723138,1910828
U48361,84966,1083.4909937253522,60322205
U48363,27026,628.7746986704403,16589788
U48365,22756,877.8308535647707,34358598
U48367,88495,643.8814658087387,17404890
U48369,10016,432.0647174350209,6855018
U48371,16809,829.7141716745732,29482202
U48373,41133,972.3006726705689,42839865
U48375,113546,312.3130872851249,1387775
U48377,7304,951.5874306241752,41479485
U48379,9139,729.4991628579364,25216903
U48381,104312,358.60646924489515,3159081
U48383,3326,746.0365334405428,26312432
U48385,3047,919.1157570579795,38963886
U48387,14314,711.2164290835733,24676869
U48389,13137,797.5036672479939,28284687
U48391,7828,1132.914235125063,65436510
U48393,887,246.30299859398258,512122
U48395,16000,871.6939153299626,32742233
U48397,43080,695.1576437243855,23621745
U48399,11495,695.0362950682033,23610250
U48401,47372,855.8623121405087,31110365
U48403,10469,975.7081342512033,43460980
U48405,8946,954.17287941099,41533016
U48407,22246,976.2169424233728,43471449
U48409,67138,1156.0434229323691,68647754
U48411,6186,786.7496689980582,27709554
U48413,2935,795.943108062672,28263196
U48415,16361,590.3280215069609,14622107
U48417,3302,603.5340616176286,14856259
U48419,25224,919.6839868977141,38966933
U48421,3186,222.11897726424456,371111
U48423,174706,802.9329537025789,28475530
U48425,6809,702.6118203736233,24206478
U48427,53597,1293.514205894512,96498253
U48429,9674,616.0930528312263,15534614
U48431,1393,691.788325570152,23429690
U48433,1693,543.5002719867184,12372145
U48435,4077,838.0593036376187,30286094
U48437,8378,401.4497679507854,4410737
U48439,1446219,664.9759771200478,18971017
U48441,126555,644.6421448762779,17537176
U48443,1081,878.129962944321,34479664
U48445,12761,561.5715125645177,13103492
U48447,1850,560.1293774348875,12982443
U48449,28118,749.1104367583089,26511105
U48451,104010,739.9262543906723,25822921
U48453,812280,912.792266462746,37447847
U48455,13779,927.7452857059244,39467238
U48457,20871,997.6078226241683,47905474
U48459,35291,790.7046666804185,27847075
U48461,3404,754.2375537720865,26638501
U48463,25926,971.8659667807826,42813939
U48465,44856,908.9519792567785,37278576
U48467,48140,755.4692974240504,26663480
U48469,84088,1086.814930979573,60530560
U48471,61758,940.6971038646044,40016877
U48473,32663,995.2771202998774,47719407
U48475,10909,758.4318505735823,26725937
U48477,30373,957.9858226057432,41711892
U48479,193117,1150.9102359402611,67317713
U48481,41188,1060.8452997805953,58781987
U48483,5284,298.7390514096112,1299693
U48485,131664,486.7251193434296,9283243
U48487,14676,461.0997809243762,7674876
U48489,20082,1320.3303793378689,101600723
U48491,249967,871.9227578396342,32775133
U48493,32408,1017.2424079282455,50844709
U48495,7173,723.1272667984473,24891079
U48497,48793,605.3297779752525,15051939
U48499,36752,760.6042488963542,26812772
U48501,7322,574.2708882461682,14251040
U48503,17943,575.0492197681924,14258362
U48505,12182,1237.9976893245282,87816924
U48507,11600,1025.6886791600787,52444381
U49001,6005,1092.1926570227627,61149140
U49003,42745,1118.4009060677306,64161253
U49005,91391,1023.6693757116619,52318874
U49007,20422,871.5154391680892,32721811
U49009,921,815.8017621045545,29019480
U49011,238994,1036.830854825836,56750369
U49013,14371,871.4108760936123,32707440
U49015,10860,874.5763760775785,33083869
U49017,4735,939.374430080236,39958511
U49019,8485,775.3495358427976,27288651
U49021,33779,1099.8553268481046,61879845
U49023,8238,1059.1322172714329,58725543
U49025,6046,978.4357155227293,45318062
U49027,12405,1116.9343478148303,63860786
U49029,7129,988.0657301135147,47057288
U49031,1435,995.5388906967542,47763766
U49033,1961,980.2522284895736,45477325
U49035,898387,1004.1504880668875,48836178
U49037,14413,796.0481096707307,28266131
U49039,22763,950.9520990548666,41298054
U49041,18842,967.681228701119,42029049
U49043,29736,932.0981189244164,39632102
U49045,40735,1098.9209225234156,61787963
U49047,25224,791.824468292173,28105977
U49049,368536,970.5640280623688,42244930
U49051,15215,933.0262858773216,39711712
U49053,90354,1125.0981637243249,64754163
U49055,2509,896.391231704848,35579324
U49057,196533,1017.7007799911131,50928388
U50001,35974,2396.3267385897148,380912770
U50003,36994,2388.538567243571,380353957
U50005,29702,2483.4174215369167,390739870
U50007,146571,2407.822730946688,382330778
U50009,6459,2516.6421484472557,394179847
U50011,45417,2426.600382875838,386240123
U50013,6901,2395.1233269742593,380892836
U50015,23233,2443.872871385027,387215454
U50017,28226,2457.3784510573923,387834880
U50019,26277,2477.4896434653456,389401224
U50021,63400,2399.395026279731,380988464
U50023,58039,2441.634317723863,387152851
U50025,44216,2420.339952245338,385217724
U50027,57418,2435.3133622332302,386686721
U51001,38305,2186.029703110657,330353204
U51003,79236,1939.0136468720239,236983643
U51005,12926,1815.5570735292802,206504143
U51007,11400,2000.3994377052006,256592325
U51009,31894,1892.9766821376163,224921785
U51011,13705,1926.6578010453925,233735831
U51013,189453,2055.112842740897,277940800
U51015,65615,1885.5879486887538,223455013
U51017,5048,1835.8309445296723,208987834
U51019,60371,1865.0455510493186,218393298
U51021,6871,1728.5475283004007,187895210
U51023,30496,1836.818659950732,209322922
U51025,18419,2021.3966923966036,264348343
U51027,26978,1646.3195415664702,175558453
U51029,15623,1947.8280815258458,240050869
U51031,51078,1904.6599556504927,229941980
U51033,22121,2043.3570412291613,272408292
U51035,29245,1771.1392724666566,194236467
U51036,6926,2080.1393551775823,293628855
U51037,12472,1946.3008321825591,239925175
U51041,259903,2033.4516115284284,268482597
U51043,12652,1976.2886664436628,251078907
U51045,5091,1800.865162038333,202444385
U51047,34262,1985.159961694684,253465406
U51049,9017,1972.8191511586035,249257308
U51051,16395,1621.3741332131815,162864724
U51053,24533,2034.805170059358,269039692
U51057,9989,2080.3489901538983,293713360
U51059,969749,2040.4015489149483,269809648
U51061,55139,1994.1483723489698,255659939
U51063,13874,1800.177963456398,202430511
U51065,20047,1965.1737448798833,247550945
U51067,47286,1839.792535634425,209729509
U51069,59209,1952.2773977773454,243743312
U51071,16657,1761.1099431808614,192128217
U51073,34780,2125.6463421957756,313285516
U51075,16863,1999.0259113895968,256421250
U51077,17917,1729.1930772533408,187902081
U51079,15244,1942.7758212453082,238074300
U51081,11560,2049.503821518296,275278623
U51083,37355,1926.9798382523445,233833491
U51085,86320,2035.3240217964105,269067842
U51087,262300,2057.308668788234,278656685
U51089,57930,1838.961233953328,209436902
U51091,2536,1846.8178422189956,212408666
U51093,29728,2119.3499723052546,311966026
U51095,48102,2104.874528191837,309407723
U51097,6630,2088.171231095746,300317413
U51099,16803,2056.474550201485,278281760
U51101,13146,2070.966033433771,285638259
U51103,11567,2130.046507250636,315166758
U51105,23589,1561.3709818114648,149408722
U51107,169599,2006.9614594979626,257821923
U51109,25627,1991.427396998484,255231554
U51111,13146,1984.2978113253753,253116512
U51113,12520,1958.2113677448426,246180519
U51115,9207,2147.4517285869706,320022516
U51117,32380,1978.5948432034418,251336319
U51119,9932,2121.6808438893595,312687751
U51121,83629,1792.3572114192757,198695968
U51125,14445,1913.9516124139893,231290903
U51127,13462,2082.998070362687,295810428
U51131,13093,2179.7906091939176,329503956
U51133,12259,2130.488184615151,315337034
U51135,15725,1997.0481332516229,256135784
U51137,25881,1983.2993132843126,252951902
U51139,23177,1937.470721532094,236184679
U51141,19407,1811.2066240428858,206079164
U51143,61745,1885.6767012233613,223520628
U51145,22377,2001.9732827266928,256799262
U51147,19720,1962.2656342318965,246662762
U51149,33047,2068.81180871962,284389692
U51153,280813,2024.1840102010503,265150793
U51155,35127,1765.876103679065,192702927
U51157,6983,1964.709469963473,247247336
U51159,8809,2098.664029749398,307730407
U51161,85778,1806.8570066177283,205205537
U51163,20808,1864.0690767529973,217293372
U51165,67725,1905.190094408663,229993058
U51167,30308,1647.3252692873793,175947830
U51169,23403,1606.4078023838788,158716480
U51171,35075,1928.12944224031,234115689
U51173,33081,1697.809406969766,183313820
U51175,17482,2088.5537520411463,300371317
U51177,90395,2014.8758598145484,262341191
U51179,92446,2029.0336448154956,267334691
U51181,6829,2099.8687978400258,307917766
U51183,12504,2070.5828500650664,285135584
U51185,44598,1690.402374603469,183046488
U51187,31584,1959.3720984421793,246306482
U51191,51103,1663.778862988438,177211658
U51193,16718,2089.848659583884,301769306
U51195,40123,1600.5051090385366,156778714
U51197,27599,1736.5255493964885,188913948
U51199,56297,2140.2163488233555,317659850
U51510,128283,2057.306430201342,278528402
U51515,6299,1865.2269121983513,218509708
U51520,17367,1648.3775480210625,176192203
U51530,6349,1873.2431770101423,219772041
U51540,45049,1944.7541421200697,239437566
U51550,199184,2159.5808221614425,322282182
U51560,4289,1831.2424505315128,207986346
U51570,16897,2052.066870563273,275765518
U51580,6303,1817.675533151331,206545331
U51590,48411,1889.9028899840134,224587984
U51595,5665,2051.2817635478277,275579352
U51600,21498,2038.2391212992627,269399357
U51610,10377,2048.685235775648,275221025
U51620,8346,2103.5533129106043,309147358
U51630,19279,2028.0923007846504,266676918
U51640,6837,1756.2318308808467,191392018
U51650,146437,2152.204223177339,321298116
U51660,40468,1906.1638770854597,230301321
U51670,22354,2060.0695648628675,280917607
U51678,6867,1864.8378088108323,218376127
U51680,65269,1892.5884791121987,224819281
U51683,35135,2023.2268524524304,264557293
U51685,10290,2026.1255590515145,265779009
U51690,15416,1847.8542770262875,212411202
U51700,180150,2132.03387143277,315584090
U51710,234403,2159.349987878666,321998494
U51720,3904,1600.9416797321433,156887982
U51730,33740,2053.5176619302647,277137654
U51735,11566,2150.0432602822666,320262915
U51740,100565,2150.9260216763005,320383126
U51750,15859,1778.5121087808704,196162281
U51760,197790,2040.3657625029264,269611858
U51770,94911,1828.0201943126588,207684928
U51775,24747,1819.4371714178096,206738947
U51790,23853,1893.1127454286318,224953679
U51800,63677,2130.074489507701,315178325
U51810,425257,2181.6761370455974,329706147
U51820,19520,1908.1862407435904,230399836
U51830,11998,2112.1466578396194,310972907
U51840,23585,1960.0048720630714,246413899
U53001,16428,1759.6491399944512,191698056
U53003,20551,1628.6050769654862,163930004
U53005,142475,1789.4662444026465,198314374
U53007,66616,1942.7154436188314,238007684
U53009,64525,2178.65983596365,328709068
U53011,345238,1985.8532380308454,253821469
U53013,4064,1680.9977796764033,182239145
U53015,92948,2013.0574408508119,261940903
U53017,32603,1875.194420136822,219940689
U53019,7260,1838.753510819034,209429642
U53021,49347,1761.3194444450003,192168066
U53023,2397,1662.4836703484825,177205187
U53025,74698,1833.124549343829,208611445
U53027,67194,2132.5257438950175,315863592
U53029,71558,2094.7697327251676,306226402
U53031,25953,2137.4137739526227,316806055
U53033,1737034,2007.4484418077918,258277255
U53035,231969,2070.1886159081737,284561463
U53037,33362,1911.1131216027677,230928541
U53039,19161,1864.627411539081,218344297
U53041,68600,2007.4626817167084,260014289
U53043,10184,1783.2130332880658,196839931
U53045,49405,2094.666550063814,306176997
U53047,39564,1919.2188160095363,231860101
U53049,20984,2107.946942294603,310015602
U53051,11732,1766.6113718969239,192795944
U53053,700820,2009.510357184466,260557166
U53055,14077,2139.8670166713387,317493883
U53057,102979,2053.74293393209,277171394
U53059,9872,1955.7821404632612,246007290
U53061,606024,2029.0198803047576,266728667
U53063,417939,1720.2813327036872,186818859
U53065,40066,1794.8962022622068,199403653
U53067,207355,2053.4907651168455,276930299
U53069,3824,2072.763752701615,288103926
U53071,55180,1718.3067623219508,186537089
U53073,166814,2072.7411956264955,287937112
U53075,40740,1687.0084950802348,182521047
U53077,222581,1885.8119297534272,223582373
U54001,15557,1803.4242393642699,203082275
U54003,75905,1970.6865220121995,248632441
U54005,25535,1663.936835401862,177262761
U54007,14702,1742.7682552650365,190077340
U54009,25447,1752.3906811475233,190866820
U54011,96784,1613.8328324366348,162303852
U54013,7582,1708.5406754787482,185126692
U54015,10330,1714.3705093700707,186018987
U54017,7403,1742.2205419660816,190069937
U54019,47579,1718.4864257463068,186620084
U54021,7160,1731.1100769568366,188211061
U54023,11299,1872.7143574328568,219655273
U54025,34453,1775.1827697543968,194556224
U54027,20203,1921.6880349954808,232050138
U54029,32667,1754.0821909742406,191131611
U54031,12669,1903.657383539812,229789016
U54033,68652,1769.234692710545,193680414
U54035,28000,1659.963941319078,177110799
U54037,42190,1986.068386300349,254177054
U54039,200073,1677.224941814787,181212916
U54041,16919,1761.250850462648,192144874
U54043,22108,1630.5789740129892,174309912
U54045,37710,1646.4438932609446,175585431
U54047,27329,1677.6595767863478,181503903
U54049,56598,1780.7977394285695,196625210
U54051,35519,1743.7761076403403,190341575
U54053,25957,1630.4100544603543,174283955
U54055,62980,1725.555922521656,187606941
U54057,27078,1891.610570932315,224723003
U54059,28253,1628.852205769843,173469893
U54061,81866,1796.3135003058526,201511458
U54063,14583,1772.0278832494457,194275414
U54065,14943,1950.931131503487,243474252
U54067,26562,1740.700435923746,189862757
U54069,47427,1748.3811856817904,190711209
U54071,8196,1863.899692868775,217285176
U54073,7514,1702.3186823267347,184457455
U54075,9131,1808.51324366796,205376921
U54077,29334,1830.2065867021327,207935121
U54079,51589,1642.3888297806134,175296023
U54081,79220,1706.3562586412327,184691218
U54083,28262,1816.90560903216,206517069
U54085,10343,1711.0986164147519,185798889
U54087,15446,1688.5115185993727,182597115
U54089,12999,1743.5106619403348,190103460
U54091,16089,1798.3608946795773,201649341
U54093,7321,1841.2354864297201,209790149
U54095,9592,1726.2960774044293,187669921
U54097,23404,1784.6067464619625,197908588
U54099,42903,1601.0483624070653,156952573
U54101,9719,1770.6191511031996,194212305
U54103,17693,1747.0867135734438,190650837
U54105,5873,1684.4605288362613,182464871
U54107,87986,1672.2378926740153,179425434
U54109,25708,1683.7980237930424,182437086
U55001,18643,1130.8092825045562,65287549
U55003,16866,1254.9668422199386,91084869
U55005,44963,1102.77528169001,62034208
U55007,15013,1234.9440243430536,87710162
U55009,226778,1280.6235462311024,94191348
U55011,13804,1029.3245560249572,52718007
U55013,15674,1110.0861536152572,63450424
U55015,40631,1244.2802757870304,88499282
U55017,55195,1107.1541616663496,63359816
U55019,33557,1124.1262179242913,64705305
U55021,52468,1133.212276429252,65721864
U55023,17243,1007.3372582557381,49889104
U55025,426526,1106.2401680945345,62666314
U55027,85897,1175.6001979663126,71336257
U55029,27961,1375.612194989835,109985962
U55031,43287,1184.2611912254808,75348966
U55033,39858,1062.3579053730089,58859713
U55035,93142,1082.073179201503,60229063
U55037,5088,1336.9229387934506,103274878
U55039,97296,1207.5158298925585,84485630
U55041,10024,1301.569192730869,97757505
U55043,49597,1003.9601472722451,48755959
U55045,33647,1073.649989002475,59728855
U55047,19105,1172.8798117369074,71046852
U55049,22780,1051.1124595240237,57913433
U55051,6861,1260.1145005855483,91752224
U55053,19100,1084.2101942929264,60435252
U55055,74021,1150.8924885307886,67243692
U55057,24316,1104.8943927114806,62524571
U55059,149577,1234.7619075533232,87560585
U55061,20187,1340.1780050772866,103384740
U55063,107120,1037.1860742474971,56991109
U55065,16137,1033.8655103100625,53038173
U55067,20740,1256.302824516519,91525693
U55069,29641,1219.275849433843,85878919
U55071,82887,1309.4071446726648,98974592
U55073,125834,1188.8718771435965,76487744
U55075,43384,1331.3958683377386,102435112
U55077,15832,1146.9335260088274,67107032
U55078,4562,1265.2400678724107,92361847
U55079,940164,1247.6696685330203,89031423
U55081,40899,1071.8425593337997,59580016
U55083,35634,1296.1589713576025,97157873
U55085,36776,1257.709209380881,91694999
U55087,160971,1245.251750463952,88743364
U55089,82317,1261.2225621299629,91778076
U55091,7213,1042.0290782157902,57624375
U55093,36804,1015.111774414513,50418436
U55095,41319,1072.8247058065747,59687536
U55097,67182,1179.025310576415,71549392
U55099,15822,1206.1675926794717,84461200
U55101,188831,1242.1893180783852,88237548
U55103,17924,1050.287331760605,57890247
U55105,152307,1112.8500353841696,63525245
U55107,15347,1145.7940525805857,66727996
U55109,63155,1037.7522789049324,57266361
U55111,55225,1087.5596187233482,60614648
U55113,16196,1175.2467979113917,71247796
U55115,40664,1247.2824703541155,88990759
U55117,112646,1261.8868733081224,91860393
U55119,19680,1163.8754603230798,70692437
U55121,27010,1047.8524606976496,57800752
U55123,28056,1037.490340166396,57098229
U55125,21033,1283.5044765621797,95974778
U55127,93759,1152.9359300388974,67705434
U55129,16036,1142.167486136078,66595536
U55131,117493,1208.3680843121017,84582926
U55133,360767,1185.8319300429293,75956987
U55135,51731,1214.602349213892,85143810
U55137,23154,1174.8452693009203,71224642
U55139,156763,1212.768567186817,84790666
U55141,75555,1142.5902982443479,66611572
U56001,32014,585.1959485451575,14544918
U56003,11461,940.6581454126411,39982772
U56005,33698,797.598140832227,28297824
U56007,15639,666.5145864596775,20466349
U56009,12052,679.7210756658815,20809834
U56011,5887,794.3049225182706,28131201
U56013,35804,866.411835001608,32190257
U56015,12538,544.4059175980165,12594983
U56017,4882,902.9493260086313,36947969
U56019,7075,827.2941896744336,29427097
U56021,81607,492.6102035112901,9605384
U56023,14573,963.6967626357863,41955137
U56025,66533,747.6079731259456,26337560
U56027,2407,640.227555097373,17260670
U56029,25786,1029.065345883487,52692221
U56031,8807,578.6216724295341,14386562
U56033,26560,906.6005754931884,37190220
U56035,5920,936.9005898195047,39874109
U56037,37613,801.901045132354,28426418
U56039,18251,1060.647245747719,58762026
U56041,19742,913.7683596800788,38260127
U56043,8289,870.5983318107052,32681767
U56045,6644,720.3477557199776,24884435