uid,population,distance,radiusPopulation
C1001,242875,3774.2483068709794,406682564
C1002,24371,3683.7026108315417,406561463
C1003,19370,3541.7793959743494,406430875
C1004,22162,3448.2594053606317,406408713
C1005,40466,3556.0630428727154,406479069
C1006,36208,3610.664608404243,406525255
C1007,37335,3843.7076885257725,406973773
C1008,42188,3780.6568380502063,406925439
C1009,20091,3755.3413968830537,406662473
C1010,27864,3849.764995320403,407011108
C1101,19180,3092.0380659354714,405689045
C1102,71619,3046.949188058899,405416722
C1103,44495,3007.401511104005,405083406
C1201,16231,2801.2245689281895,399961810
C1202,26843,2769.927604804386,395646038
C1203,19548,2782.346817303919,398486783
C1204,11723,2842.778613269162,400827572
C1205,21773,2840.772376463062,400805799
C1206,47591,2890.6403614162755,401692055
C1207,58866,2895.629768163939,401739646
C1208,40513,2951.5417628212876,404158313
C1209,359183,2997.3975219327435,404674916
C1210,49307,3004.637194673547,405034099
C1211,32605,2955.8453856029396,404198826
C1212,46965,3059.9868116993284,405506886
C1213,9827,3113.8832011409504,405824869
C1214,19578,3115.786729347195,405834696
C1215,19937,3199.7432084337024,406128553
C1216,10225,3213.891461077554,406148490
C1217,109330,3262.2977204612016,406166677
C1218,7962,3256.9147556193093,406158715
C1301,76407,2795.850050901531,399210043
C1302,27366,2715.1770127885766,393540772
C1303,25776,2800.70299567901,399936034
C1304,11862,2820.9583334572635,400333075
C1305,64208,2829.8551491522835,400472178
C1306,26749,2908.485352874646,401923042
C1307,124688,2934.1161525867224,401963868
C1308,31383,2896.9414740532966,401798512
C1309,50817,2872.7466642574586,401403688
C1310,87212,2761.6018220133824,395389915
C1311,27184,2736.131676491344,394819547
C1312,21172,2766.575843755945,395624866
C1313,35611,2724.170114661226,394065088
C1314,36134,2853.9577639127847,401183468
C1315,82929,3015.824401840448,405167846
C2401,12824,3175.726330952995,406058221
C2402,19298,3075.8794720874857,405553851
C2403,18545,3055.277856710642,405488341
C2404,12722,2964.779358747537,404557185
C2405,18267,2948.8477424627886,404140046
C2406,15268,2871.703439970095,401367436
C2407,19920,2820.7807409203515,400313155
C2408,22507,2850.880546888507,401041739
C2409,19326,2801.6050305095514,399978041
C2410,52289,2759.2637675301394,395337626
C2411,9848,2711.945388916088,392056484
C2412,31826,2667.2004944578002,391339989
C2413,22420,2696.8072735210594,391573031
C2414,22494,2631.1272383793735,390509489
C2415,16624,2632.41496647009,390531983
C2416,13166,2586.112513924112,388528390
C2417,19368,2574.483338294415,388082591
C2418,23438,2554.2012169594036,387444227
C2419,29570,2530.4560219055625,385368175
C2420,6779,2530.141972021529,385361396
C2421,20984,2530.619400593034,385397745
C2422,26459,2489.1804521154563,380459361
C2423,509950,2499.016112774208,381060804
C2424,51855,2504.5502692291398,381900728
C2425,78808,2490.737066779159,380519436
C2426,25850,2498.65554241039,381034954
C2427,18771,2496.7810109924617,381016183
C2428,17745,2528.6993736809886,385324469
C2429,47873,2500.8625693894887,381570754
C2430,21830,2459.7100614378746,377033913
C2431,43247,2464.140194462618,378343923
C2432,24021,2439.9787650675776,375615194
C2433,26851,2443.119000441241,375718641
C2434,44955,2450.283249007936,376271871
C2435,12809,2380.658903668005,372756927
C2436,64841,2383.847467871443,372964087
C2437,138355,2404.454259112966,373908225
C2438,19088,2394.887261953105,373201975
C2439,64089,2400.2107289100613,373738747
C2440,14535,2397.4500703887074,373256140
C2441,21394,2421.4368661848794,374714690
C2442,28176,2371.6062732990736,372637479
C2443,141212,2370.244419021147,372249586
C2444,16595,2374.1800791324995,372689151
C2445,41871,2350.7264545833054,371427915
C2446,46165,2304.5662007383457,367418551
C2447,79175,2323.1430998484543,368718887
C2448,15167,2347.5202771260488,371287248
C2449,87808,2362.5342168024436,371782283
C2450,23496,2372.0130895704306,372665655
C2451,23401,2359.96589575872,371758882
C2452,38347,2330.0389546861375,369441333
C2453,50066,2335.825679817889,369873545
C2454,78917,2323.250093416005,368798062
C2455,29980,2303.223051321505,367375324
C2456,100753,2283.1031551878673,363173941
C2457,119993,2301.877620350404,367255331
C2458,311838,2405.8892576154026,374046580
C2459,100263,2293.300008372597,365397749
C2460,103977,2298.441375507824,366215722
C2461,54167,2309.7741808120245,367519179
C2462,43177,2316.6207968326935,368597466
C2463,38740,2287.6430439736814,363309195
C2464,110087,2282.65621840009,363018437
C2465,343005,2264.082578471023,361716453
C2466,1812723,2255.339307646264,358719353
C2467,138172,2260.265214819238,361391798
C2468,22820,2251.9089482415857,357928476
C2469,21851,2209.1522886735997,354595585
C2470,59137,2235.0763338598344,356465598
C2471,102100,2218.587551941551,355424032
C2472,81417,2252.1290379076368,357951296
C2473,130514,2263.4095377501635,361585939
C2474,27330,2251.8088068771576,357901146
C2475,90419,2259.584534162018,361301379
C2476,28931,2228.6767274610106,356161232
C2477,30866,2255.0749377584057,358688487
C2478,38433,2247.1166455501702,357515596
C2479,33456,2251.373884576966,357867690
C2480,20367,2196.0298667425454,354238150
C2481,226696,2128.8540045281193,335926547
C2482,35188,2129.971799086382,336363295
C2483,18730,2182.352327755678,353552822
C2484,14565,2106.6164140210844,335463234
C2485,17504,2066.5858726700562,331121619
C2486,39621,2132.376308219156,337222491
C2487,21984,2173.810352503,343492243
C2488,24613,2214.35836077965,354730123
C2489,42375,2264.520234641634,362059458
C2490,15862,2412.6545973197844,374386503
C2491,32839,2473.567428166646,378467167
C2492,26900,2562.4536565170165,387879458
C2493,51760,2562.97853328653,387906358
C2494,166780,2640.5817903365055,390605626
C2495,12894,2752.0363952522425,395324732
C2496,33620,2830.948953738081,400536386
C2497,38931,3027.4571095976125,405250775
C2498,12321,3284.5075407111544,406276007
C2499,38575,2775.7479822095083,395917406
C3501,109522,2159.8400873253822,342113840
C3502,76446,2166.767733263829,343303621
C3506,774072,2106.1274845354537,334689162
C3507,96606,2063.9465078053754,330988817
C3509,62495,2057.1274763468073,329971281
C3510,138606,2017.3155358949707,315122907
C3511,39461,1983.05684961459,309357547
C3512,125915,1952.2562685509827,304415191
C3513,24901,1936.5332669670195,302986919
C3514,77497,1874.7282615278493,290049736
C3515,125856,1904.6367581736185,297189913
C3516,69179,1863.1957295194586,288272934
C3518,506901,1821.6382542353758,282294557
C3519,729254,1790.2871487138464,277225002
C3520,2481494,1780.6519861521458,273393622
C3521,988948,1749.2112190182174,266248919
C3522,51013,1749.6482080325252,267284039
C3523,187313,1715.2354091501272,258081596
C3524,375229,1729.9030225399172,261667366
C3525,490268,1715.59110458669,258843135
C3526,410574,1740.3535821513008,263982876
C3528,104670,1649.9613464856623,241102554
C3529,118485,1674.1692128816453,249476834
C3530,438515,1687.710860945686,251707887
C3531,73675,1656.849039506861,246054026
C3532,99270,1655.8345603551825,245757709
C3534,81553,1603.5444901070716,223107326
C3536,107709,1497.844160760338,171788650
C3537,374975,1453.565465046225,160964846
C3538,126971,1563.7030798166643,195198149
C3539,403185,1593.3514319287897,215253918
C3540,59701,1628.1174472913287,235648555
C3541,63892,1720.6169345167523,259713706
C3542,89073,1752.2304682291017,267853278
C3543,377050,1801.211638796576,279726507
C3544,53106,1880.7796695046532,291803179
C3546,15085,1929.0444253379949,301863994
C3547,95138,2045.882646545487,325498160
C3548,82910,1973.9161684340836,307702468
C3549,39665,1890.6612109595148,294690184
C3551,12679,1767.0344212934579,271938630
C3552,22894,1930.789022562091,302132124
C3553,155268,1891.9473809435206,295080140
C3554,34442,2033.775816397815,323345039
C3556,85247,2154.892085568295,341991698
C3557,118567,1818.7157346464764,282063848
C3558,150860,1892.346957813588,295252541
C3559,22109,1758.65692767752,269727148
C3560,61802,2385.0619574513435,373028928
C4601,16432,1847.7704539541242,285834462
C4602,50869,1823.3462047389362,282979768
C4603,42184,1813.6380215110837,281126648
C4604,9942,1820.355054679158,282246344
C4605,13848,1856.1134558125266,287480532
C4606,10110,1918.9910702188633,300126595
C4607,57148,1899.9214022110032,296897465
C4608,14603,1918.3900488865072,299844926
C4609,23322,1896.8635605172522,296844112
C4610,9464,1858.0059161693728,287946443
C4611,621451,1872.4013952577493,289199522
C4612,19251,1874.6076006577941,290030485
C4613,42183,1911.3272288174348,299119960
C4614,17589,1912.3302746346965,299204788
C4615,21914,1976.5749864858335,307830402
C4616,10341,2064.30350036961,331087074
C4617,22899,2044.0759024360148,325393081
C4618,22593,1995.7232642481436,312510708
C4619,15805,2098.5289579131686,334275831
C4620,11013,2164.339569461948,343282598
C4621,22556,2363.5158687293306,371880318
C4622,35077,2395.3026039557144,373221063
C4623,8989,2712.158595782063,392389291
C4701,30238,1931.9350255480551,302174173
C4702,21635,1989.059369475577,311238138
C4703,14839,2074.3216863133775,331377741
C4704,11714,2226.1148578114075,356149518
C4705,32492,2035.3745336281172,323698719
C4706,219250,2100.8003211456635,334309581
C4707,46982,2160.2495384907743,342223362
C4708,30720,2277.8867289209593,362537058
C4709,36895,2157.34446551295,342076945
C4710,19365,2180.77169543712,353040235
C4711,237629,2266.5865729155757,362187266
C4712,23697,2332.342596361117,369774169
C4713,24054,2401.958804481835,373802836
C4714,39476,2309.4187131674817,367479703
C4715,80668,2399.6641537023506,373658079
C4716,37663,2441.605961878151,375639215
C4717,39587,2560.5193338625118,387839871
C4718,32029,2746.0159452409557,394947465
C4801,67402,2295.999827689699,366148320
C4802,133913,2346.4442468804014,371153335
C4803,37580,2390.8641032881023,373123841
C4804,11300,2402.2179041676322,373861825
C4805,47606,2504.6736048567727,381952583
C4806,1021060,2537.498950440927,385484504
C4807,40407,2550.3677354800934,387403820
C4808,153049,2622.2695386778287,390313488
C4809,19573,2711.0662221750054,392036911
C4810,83061,2614.0905320400743,390186126
C4811,975477,2714.084368854515,392565295
C4812,58362,2731.7088662899378,394100699
C4813,63954,2804.07635268362,399997367
C4814,26871,2861.1727976428865,401219602
C4815,34068,2606.834536795703,389980870
C4816,42971,3121.384545808928,405854274
C4817,57508,3197.996160027297,406071045
C4818,14346,3013.670766686877,405127901
C4819,86299,3102.974286337675,405738570
C5901,56291,2558.4423168647922,387620324
C5903,57019,2640.19701325923,390548607
C5905,31843,2663.586470421261,391308146
C5907,76635,2773.9165620769422,395819634
C5909,237550,2883.767100262049,401454505
C5915,1986965,2946.0989945555552,402088556
C5917,325754,2961.761843722423,404231431
C5919,71998,2984.5023563968366,404569907
C5921,127016,3027.67691280471,405289706
C5923,30345,3095.7323868830567,405708225
C5925,96131,3086.6623229277607,405592914
C5927,19765,3079.1104869687874,405573149
C5929,25599,3015.7057324541743,405142247
C5931,33011,2991.3179848687514,404641905
C5933,119222,2851.8124490915693,401064246
C5935,147739,2764.980768007865,395477127
C5937,73227,2743.808995708727,394874238
C5939,48219,2783.4235944518073,398631490
C5941,65659,3140.8157948844782,405992562
C5943,13111,3346.1399728334245,406299666
C5945,3781,3332.839417218987,406295885
C5947,21693,3706.745922114646,406585834
C5949,40876,3743.261111580086,406621597
C5951,40856,3403.325424638712,406367857
C5953,95317,3135.0213920037972,405897245
C5955,55080,3382.41465950083,406312777
C5957,1316,3855.3036850096773,407038972
C5959,5720,3562.0293046650877,406519535
C6001,28674,4414.387860477139,407111534
C6106,28824,3545.712727956849,406450245
C6107,8536,4626.213088487108,407141016
C6204,14372,4201.5109407702,407097162
C6205,7557,3306.6506588305924,406288328
C6208,4816,4000.10885179582,407046972
M01001,643419,1454.8327476477136,161505732
M01002,37763,1409.4111037382806,150626488
M01003,51291,1479.4500802249572,166533772
M01004,12619,1407.643536703057,150433044
M01005,64097,1449.013187501534,159187833
M01006,34296,1427.7975105394055,152814142
M01007,41655,1421.8461831416498,152051492
M01008,7244,1434.756642938532,155881038
M01009,16508,1414.8372187217542,151167204
M01010,15327,1434.3998473802003,155815549
M01011,20066,1434.1424235703143,155795483
M02001,370730,1927.9184860864123,301286282
M02002,764602,1934.3915473342881,302213136
M02003,77795,2044.6319631568888,325415980
M02004,1210820,2082.663723063818,331729447
M02005,63420,2086.856500077097,332974873
M03001,63864,1872.6870999008368,289820973
M03002,45989,1800.7823450900946,279614576
M03003,196907,1815.983520827777,281208850
M03008,105469,1843.3039318212404,285175162
M03009,11812,1787.8854949633605,276652487
M04001,46899,1491.0147136091612,169306042
M04002,216897,1534.0371653138534,182728285
M04003,172076,1635.495846518345,237360597
M04004,70554,1581.6630227683843,205181522
M04005,24889,1509.5069056690195,176693520
M04006,31214,1564.3569216366782,195522967
M04007,8401,1673.7447441670665,249436618
M04008,8400,1521.4510682220393,179289728
M04009,50563,1662.2485232890476,247015526
M04010,23115,1709.9333772749847,257575278
M04011,37681,1701.0320954418116,255490141
M05001,1126,921.7066269112455,58788985
M05002,110487,725.2845013954744,41276805
M05003,20943,789.6208244391435,48110545
M05004,19374,1038.721555373593,75551767
M05005,1677,901.8504161983194,56489301
M05006,22530,955.2238053217645,62343143
M05007,12154,981.1505622694337,66191770
M05008,2784,916.4628983305339,57660295
M05009,46452,1161.5608602023572,100230490
M05010,66579,944.3044650634141,60285053
M05011,11316,1080.8058137456976,80384817
M05012,2050,759.8172870929438,46003261
M05013,1441,770.4762966145781,46633395
M05014,9724,722.82885093796,41264996
M05015,1610,840.2268225016225,52046273
M05016,1781,957.3205672800125,62673447
M05017,92029,1178.6625852027894,102721782
M05018,193744,944.3918451581051,60351632
M05019,7263,787.4782028229137,47991953
M05020,62773,872.6411476276143,54998312
M05021,5946,945.2921059187777,60545376
M05022,23019,777.9745438385427,47530015
M05023,12053,978.9636346190168,65991487
M05024,43339,1117.9981211657223,85542606
M05025,128130,739.2319171324982,44448677
M05026,3608,872.1023987653308,54927167
M05027,39853,1035.6330086267633,74821737
M05028,52379,847.2118808319914,52552933
M05029,2006,956.2769704088146,62415206
M05030,578046,1048.36360907225,76314371
M05031,20046,939.8846602008199,59846655
M05032,40138,853.7958148801914,53677411
M05033,88343,1143.134009625194,92159793
M05034,6023,1077.9347681549104,80148153
M05035,529512,1191.8292766425404,105173259
M05036,18969,1166.4153503610928,100759805
M05037,6159,790.4104195753956,48131488
M05038,12664,783.1762132575551,47876022
M06001,28574,1825.42862007863,283377766
M06002,129958,1783.5182974540512,276265573
M06003,19384,1777.4355637550345,272806538
M06004,18756,1792.0251429217624,278150690
M06005,26771,1768.8848313660333,272002336
M06006,5478,1807.8806920898594,280426341
M06007,125143,1831.8593949636002,284350491
M06008,8466,1785.78566364667,276537934
M06009,99289,1823.474825112384,283030637
M06010,80808,1781.5534978692388,275877226
M07001,14189,1988.0841358450143,311216769
M07002,24754,1852.035078480313,286837464
M07003,25154,1994.342048367319,311347712
M07004,21948,1841.874350677051,285152162
M07005,18778,1761.433283348591,269899379
M07006,26094,1984.269633568939,311106442
M07007,6559,1859.4780314406587,288031873
M07008,21848,1928.7425450342596,301675132
M07009,37989,1879.6251390184402,291021134
M07010,6673,1981.421118285905,308736496
M07011,18205,1966.0947826415502,305150932
M07012,28719,1820.839349650526,282265838
M07013,22722,1802.5957015731594,280149761
M07014,14993,1797.0218195767914,279085801
M07015,39033,2032.7569924837155,323306006
M07016,15709,1733.3200506869598,262863082
M07017,64013,1829.2810524403344,284226464
M07018,7217,1784.9962266046766,276438249
M07019,105210,1893.9051809156044,296232310
M07020,39770,1901.9731804569783,297091965
M07021,19298,1788.6388078126238,277133636
M07022,12256,1809.3057078255101,280647316
M07023,59005,1827.6956677859462,284038952
M07024,7568,1847.3922041410049,285826894
M07025,6965,1762.1692678406564,270593370
M07026,27331,1816.6861139672633,281512601
M07027,60620,1833.2586104740137,284573538
M07028,5242,1851.5367245291895,286813775
M07029,4345,1803.7947989967506,280189863
M07030,24994,1948.1270786593525,304034350
M07031,77686,1797.9414525113887,279189955
M07032,28064,1990.4649450987574,311319648
M07033,5236,1765.5025312079467,270953954
M07034,52168,1959.2018372510377,305047164
M07035,10917,2056.0501512645656,329960364
M07036,5969,1974.6623673808242,307824433
M07037,31464,2026.7854263571814,320995611
M07038,18630,1839.0628904857845,284977790
M07039,20041,1785.254291642732,276470411
M07040,48476,2012.5603291331315,314461412
M07041,32245,1895.3608866879406,296402512
M07042,8877,1768.4097796865294,271985549
M07043,9143,1752.3588300889905,267948338
M07044,18533,1823.7111935503642,283129926
M07045,4707,1745.991123730095,265897324
M07046,34937,1832.8393486310456,284537130
M07047,13076,1794.8834698863166,278301945
M07048,19956,1732.1404619967498,262390376
M07049,16538,1816.7941244841118,281544247
M07050,5288,1742.0387631416718,265598109
M07051,39055,1974.5915463171468,307785378
M07052,87034,1889.0105360463917,294589689
M07053,7180,1988.5461284708554,311230958
M07054,24079,2043.308932029954,325369002
M07055,4794,2049.3317441330414,325797991
M07056,7602,1820.1392233242955,282235647
M07057,59875,1990.2875300889275,311259773
M07058,3135,1867.623099571908,288667758
M07059,146696,1822.1179130281907,282815781
M07060,9271,1774.5983217904234,272781656
M07061,65673,1824.0457435426306,283179227
M07062,17026,1753.007366809188,268007484
M07063,3132,1806.6701832611784,280349131
M07064,37887,1832.0588561213012,284477537
M07065,85464,1757.562668989584,268614778
M07066,16262,1806.209571355049,280300638
M07067,8566,1779.6483003335927,273284819
M07068,29357,1743.4627428824554,265675684
M07069,46949,1944.671739691767,303884964
M07070,11641,1979.782739293671,308724855
M07071,26706,2003.0416116992903,312614118
M07072,24405,1784.3068438642879,276402099
M07073,6870,1778.5699968445633,273218863
M07074,34809,1703.838588827001,255996009
M07075,21100,1878.474833123036,290945656
M07076,21156,1774.514071072946,272759185
M07077,49300,1747.2872234760089,266155505
M07078,132421,1833.89365970059,284636148
M07079,26436,1813.369186453406,281100212
M07080,32457,1968.0605001955985,305474302
M07081,31615,1788.4271716045455,277098598
M07082,7987,1806.2602752546438,280316900
M07083,15171,1891.9219083831483,295064969
M07084,7784,1753.1997655444748,268028979
M07085,7767,1813.8183561530627,281171044
M07086,15890,1841.131715823825,285107532
M07087,30251,2067.170036008476,331139123
M07088,1936,1744.5389204943542,265722143
M07089,271674,2040.5172900491261,325097328
M07090,3639,1778.8897298313984,273261853
M07091,10349,1773.2292329626619,272176462
M07092,38383,1783.095274862145,276188359
M07093,33161,1826.5459270424062,283468418
M07094,26996,1857.6479819534359,287882634
M07096,58153,1774.228952782661,272692966
M07097,78438,1896.709324048815,296732332
M07098,5513,1854.671008994721,286945322
M07099,59686,1909.7620177209053,299056126
M07100,26866,1778.1616750115654,272953003
M07101,434143,1827.238818427863,283599530
M07102,33467,2038.2739977790748,325063861
M07103,23180,2012.2968368033812,314438232
M07104,11925,1900.0654389567571,296954613
M07105,13934,2025.7703579351,319444482
M07106,52833,1878.8290155207187,290966756
M07107,68685,1888.8961139130733,294521004
M07108,85957,1883.5500504713054,292734493
M07109,26044,1789.805514906048,277198958
M07110,5673,1846.8247717411623,285691326
M07111,29754,1830.4006181676946,284300468
M07112,20688,1820.0469753471386,282214959
M07113,3635,1813.32978854778,281096577
M07114,14436,1890.953061355807,294729849
M07115,10526,1919.638705427054,300880529
M07116,8580,1908.5676842443966,299021784
M07117,5086,1949.6132411030424,304059344
M07118,3423,1788.4759886505376,277130213
M07119,2174,1810.5752318037642,280685044
M08001,11901,1146.3629676275534,92534323
M08002,19378,1166.6780753978774,100778774
M08003,8561,1234.4570361769374,112558281
M08004,5327,1177.2133457866853,102486100
M08005,21939,1269.0839497036407,117496572
M08006,6403,1287.7057762269085,123331951
M08007,16770,1310.4677192085408,128154865
M08008,12545,1422.0109141073592,152093147
M08009,27907,1363.7723837533097,139362848
M08010,20056,1261.2623808064554,116349058
M08011,45852,1168.7227422412907,100957304
M08012,7760,1313.8313898539461,128516399
M08013,10004,1285.878209473095,122197854
M08014,2205,1229.26010680366,111660132
M08015,1708,1065.2605576264282,77968888
M08016,3777,1159.9044153800219,100087577
M08017,124378,1271.7052522920903,119470111
M08018,5784,1277.5843499975588,121010936
M08019,671790,1192.4368387048416,105796530
M08020,6768,1469.520464991672,165054114
M08021,116426,1163.5525022989593,100574975
M08022,3853,1251.1981880809851,115237087
M08023,3876,1264.4595389138913,116678127
M08024,4759,1231.8544403665373,112256695
M08025,8867,1304.6762137444232,127693131
M08026,3875,1249.016536898675,114790564
M08027,40615,1378.418314141591,144353871
M08028,10032,1086.1237315368298,81167645
M08029,48355,1415.9325206500073,151204752
M08030,8066,1453.7189990264485,161339821
M08031,39109,1318.717354628166,128986425
M08032,100821,1256.3901162742561,115851172
M08033,1169,1290.4110103431387,123724028
M08034,7832,1295.446501268407,125592142
M08035,10214,1292.5558980418189,123871789
M08036,38323,1184.2835243330244,103579425
M08037,1218817,1113.6978294315256,84171976
M08038,5165,1147.2603650202666,92732315
M08039,4080,1201.4801653331863,108134372
M08040,34056,1347.9472976187913,136129325
M08041,1795,1397.8801166717992,148375555
M08042,1746,980.4456307304598,66181209
M08043,3221,1328.5732777202609,132729065
M08044,4429,1261.0237426192102,116304416
M08045,40018,1160.2838933179385,100180642
M08046,9482,1437.9516327228769,156602888
M08047,5219,1429.416406056678,152969197
M08048,23643,1279.7294099313476,121114442
M08049,2946,1311.4686936606254,128244725
M08050,54390,1281.3493656019104,121152447
M08051,7276,1413.5320856483165,151040825
M08052,24307,1000.803193339104,71707770
M08053,8905,1077.6998896754037,79878736
M08054,10020,1232.8079615411116,112312557
M08055,14969,1170.9436069689784,101676024
M08056,2575,1283.819547432617,121507405
M08057,2331,1282.775118035916,121484396
M08058,2843,1188.06205628292,104028990
M08059,6054,1276.003426882821,120746247
M08060,11597,1277.523893235577,120986897
M08061,4962,1230.7518987024662,111741532
M08062,30644,1157.599561779711,94608291
M08063,6989,1330.395295342784,132948057
M08064,2177,1297.6410189421488,126142593
M08065,17655,1426.1312174195548,152580216
M08066,8282,1416.7092483343781,151427194
M08067,5309,1235.3134152614912,112975814
M09002,441008,1579.5462745151333,204409397
M09003,640423,1593.194960408949,214613495
M09004,151222,1593.9969424983856,216088216
M09005,1235542,1577.6523111557938,202236788
M09006,411321,1586.5873521972258,209709010
M09007,1773343,1590.4300351952454,212536684
M09008,222050,1596.4243742820795,217303375
M09009,96773,1606.424939399207,224324698
M09010,687020,1588.887145701583,211311650
M09011,302790,1595.205927696676,216549583
M09012,581781,1599.4144054186634,218732623
M09013,369787,1600.627290124612,220351577
M09014,360478,1587.5565322085279,210333025
M09015,516255,1582.7328264985633,206369670
M09016,352640,1587.9251091386388,210824467
M09017,462806,1584.7283968948504,208287361
M10001,31291,1366.4989384058806,140524768
M10002,4298,1450.3056783645309,159316410
M10003,4554,1329.6656822201558,132881280
M10004,32805,1264.5656192663996,116866910
M10005,491436,1400.4182476559336,148909700
M10006,10644,1249.0530948592566,114794439
M10007,273315,1194.3637951656442,106733125
M10008,32011,1328.4365730716722,132697054
M10009,10794,1347.0404794043484,135928744
M10010,4619,1244.2903466361743,114183263
M10011,6011,1292.487935506462,123865778
M10012,112435,1198.1845454844147,107395634
M10013,22367,1197.1549806335051,107331116
M10014,27512,1428.9822462592442,152941685
M10015,12467,1263.8810314171942,116591905
M10016,18039,1387.161002063714,146292870
M10017,10156,1276.858243040881,120845041
M10018,12247,1300.402445632683,126887808
M10019,5093,1440.2418107874628,156895440
M10020,12853,1345.4365241743267,135810903
M10021,10490,1293.847412579361,125416872
M10022,24331,1363.1780519383722,139087616
M10023,45217,1467.7268968418061,164308056
M10024,12497,1298.8157701236025,126179857
M10025,4147,1309.437734210344,128136971
M10026,21907,1481.7778622256383,166925134
M10027,6548,1226.124543012553,110956248
M10028,12290,1324.1304362160895,130394399
M10029,2070,1260.3213365073545,116203806
M10030,1876,1249.7440663857637,114882498
M10031,6969,1275.897336524294,120739278
M10032,43517,1371.6764396300823,141423227
M10033,7331,1385.7611203209863,145852304
M10034,27144,1493.5302926424295,169708805
M10035,12937,1371.7500699765856,141466744
M10036,19918,1146.33280347151,92514405
M10037,8727,1446.0694287265158,158839341
M10038,19813,1380.5128701791996,145164888
M10039,25985,1358.6842977719577,137613931
M11001,79093,1561.117773774454,192346622
M11002,110718,1571.7957407916638,197704217
M11003,134880,1481.4151719596991,166721020
M11004,56817,1524.1527346391165,179898821
M11005,68738,1517.16931286643,178475364
M11006,5198,1406.7769268859581,150220061
M11007,382958,1524.00172402186,179515863
M11008,38309,1551.673773079244,188743488
M11009,67642,1502.5356741551986,174820402
M11010,10347,1541.4171702614249,185451326
M11011,81359,1534.5029235624493,182994744
M11012,25610,1549.697453730345,188229201
M11013,19943,1441.5401127618532,157037861
M11014,128994,1464.3576982611596,163723615
M11015,141196,1492.0207922391182,169430390
M11016,19693,1568.2573258871673,196869540
M11017,440134,1530.7652271902034,181329926
M11018,31803,1549.9491889702351,188286267
M11019,55311,1551.7937514204816,188781797
M11020,1134842,1500.3319087889802,172407729
M11021,47132,1579.9205869767131,204884763
M11022,20984,1438.4423643756406,156612370
M11023,144426,1571.4711804060184,197547452
M11024,10398,1546.83031042305,187563030
M11025,44778,1518.278577698096,178777667
M11026,51825,1518.153560215403,178657512
M11027,226654,1535.0862738691771,183174884
M11028,94558,1558.8493564076034,191493559
M11029,34088,1430.3038522424888,152993631
M11030,95359,1443.3239179771058,158416548
M11031,100239,1518.5196481740327,178822445
M11032,54661,1458.9887693991118,162454692
M11033,96729,1433.0084549366436,155610635
M11034,4533,1432.5083342330554,155498631
M11035,65479,1519.3717504240703,179023899
M11036,7151,1567.5495743811598,196487370
M11037,134337,1506.834918021002,176267053
M11038,11583,1567.3894675559607,196475787
M11039,37418,1546.627415826272,187497062
M11040,14515,1439.8316314596302,156813737
M11041,52931,1578.5666519800086,204172907
M11042,130821,1553.0015676515877,190121945
M11043,17764,1430.3826058247028,153031021
M11044,45941,1532.7549103045294,182226513
M11045,11323,1415.4103540953563,151187846
M11046,73820,1568.9433455069154,196909581
M12001,722499,1879.660375789213,291060055
M12002,19388,1763.9238885015225,270695510
M12003,41266,1760.9408822420494,269856861
M12004,15828,1778.9083834886526,273265492
M12005,6062,1759.0090094367797,269792510
M12006,13146,1745.8367621400746,265884178
M12007,32818,1736.9439308969206,263714907
M12008,8504,1725.9820584895465,260605558
M12009,5080,1800.469170930254,279609496
M12010,21407,1780.332825073476,273299653
M12011,61736,1859.1877456942655,287957703
M12012,55350,1848.990624681387,285902021
M12013,32400,1863.0625991258978,288240534
M12014,15448,1868.030275129512,288675824
M12015,12619,1695.655175644262,254943476
M12016,15372,1788.2419812146018,277083226
M12017,15666,1726.1840352516224,260614988
M12018,13060,1885.2336088556772,294286778
M12019,12730,1731.9282165476282,262370422
M12020,15753,1786.158412975544,276587963
M12021,69059,1870.4100009306208,288920828
M12022,46172,1749.3884811517266,267237867
M12023,25641,1888.0269227281206,294483254
M12024,6575,1754.6568027059711,268066146
M12025,15156,1870.271683228069,288814602
M12026,9869,1742.4038464151274,265603397
M12027,26166,1730.7307609620884,262129915
M12028,102853,1782.298820398713,276029714
M12029,192947,1795.7419251618671,278559099
M12030,19061,1875.9527788443113,290136686
M12031,7687,1719.2766055576963,259700638
M12032,35625,1783.4688370284928,276229948
M12033,14291,1746.0380633147633,265902858
M12034,35668,1710.1664067841086,257598393
M12035,123960,1711.642186522018,257666987
M12036,10192,1859.3305809525973,288021681
M12037,7119,1701.889234853055,255553896
M12038,95548,1851.0190988093984,286717552
M12039,21994,1837.985248688826,284941352
M12040,22906,1789.0587943551834,277156407
M12041,34925,1808.9258408097262,280608376
M12042,13801,1770.7918798234828,272044270
M12043,30039,1808.7712072185243,280569142
M12044,10133,1800.9202250021488,279713371
M12045,22645,1752.3785557757037,267957481
M12046,50356,1864.6034530491727,288477155
M12047,7852,1703.7565549045419,255988157
M12048,46328,1852.2332481494802,286862218
M12049,10851,1672.3529401429105,249160830
M12050,34740,1744.7630117265358,265724079
M12051,32541,1803.927341668398,280194208
M12052,36813,1857.8629366031362,287909630
M12053,48782,1874.5931142435263,289981703
M12054,28986,1756.860614507332,268581758
M12055,100245,1690.6553049563097,252624982
M12056,43128,1850.6834429801784,286651827
M12057,60313,1864.0271018689555,288404754
M12058,53950,1718.7755745621098,259600238
M12059,30838,1715.6836773689538,259345792
M12060,13318,1682.0844140325125,250647855
M12061,33620,1791.525875624943,278074856
M12062,15696,1848.7316326612734,285885209
M12063,9195,1808.917717352558,280599181
M12064,12942,1733.2804739212595,262615737
M12065,6699,1766.5639760148113,271927229
M12066,57346,1774.0006522182277,272253869
M12067,22677,1752.8266117310854,267983999
M12068,27619,1825.3088322374351,283344334
M12069,11687,1782.871470460916,276164315
M12070,7863,1733.1038835281533,262607874
M12071,22781,1849.6392566529,286116558
M12072,10271,1792.0299966490804,278183120
M12073,23563,1743.3189595660856,265652121
M12074,17361,1772.7003277316248,272156438
M12075,40064,1785.6017619110087,276493206
M12076,25060,1805.7958969371116,280250742
M13001,18619,1488.7759386658718,169056244
M13002,36978,1481.7861665384135,166947041
M13003,46010,1488.695061974621,168955135
M13004,8515,1464.7350248491964,163865775
M13005,14507,1512.668157588825,177434366
M13006,17018,1485.5065520463677,168331891
M13007,10290,1535.8474199760606,183617831
M13008,39513,1536.171577605722,183634650
M13009,14223,1492.8275443767545,169622921
M13010,21636,1518.9228754163175,178922684
M13011,18029,1392.3309568396292,147295745
M13012,25423,1479.3755859150967,166504418
M13013,24848,1524.2918759860643,179955638
M13014,16381,1411.3568099155775,150725653
M13015,16943,1456.784271936816,162391047
M13016,45110,1497.6447010162487,171711646
M13017,11257,1500.5946676163046,173626878
M13018,20362,1392.2018968975954,147275383
M13019,15069,1490.2407738064203,169209442
M13020,3044,1433.472903161857,155733958
M13021,12281,1544.4755416976338,187242432
M13022,11054,1507.4712251820254,176408354
M13023,28492,1495.3289418147594,171504631
M13024,15308,1485.868967895742,168393530
M13025,23339,1389.2825271675445,146466410
M13026,11130,1400.3424441987027,148898570
M13027,25098,1446.0922364256237,158848068
M13028,108239,1380.8846816953849,145184701
M13029,38044,1498.49307327484,172052346
M13030,75833,1473.7114778096197,165430277
M13031,12895,1417.1921613158222,151482762
M13032,10100,1384.7765645330733,145803985
M13033,3207,1430.402305413216,153048785
M13034,9867,1420.8409722973017,151978935
M13035,10200,1475.9193806727533,165573001
M13036,8803,1451.9688961076242,159591616
M13037,20599,1448.523115654959,159159275
M13038,7013,1488.6038384638584,168948122
M13039,12885,1495.1888565978848,171491746
M13040,11051,1405.1206482490616,149671379
M13041,35065,1500.5274718070998,173591813
M13042,10769,1427.2631383038222,152691001
M13043,6838,1441.3288157031157,157026280
M13044,14762,1511.3438132758447,177093628
M13045,8022,1491.3541677665166,169410698
M13046,37685,1382.5972975180907,145365933
M13047,5583,1415.6416062792082,151199169
M13048,245208,1498.7225341105955,172090390
M13049,16530,1391.5080716782832,147248800
M13050,19041,1498.3342672613448,172019592
M13051,42223,1503.0952392338772,175610771
M13052,24248,1503.5588886782336,175716128
M13053,18650,1455.5062667989962,162232492
M13054,28980,1488.9329813535344,169074863
M13055,13582,1477.0849852160927,165855404
M13056,26254,1498.2545786529324,171993338
M13057,13269,1509.9591538506352,176781279
M13058,16648,1469.1827921690526,165037466
M13059,30970,1481.1527835841434,166686522
M13060,17175,1462.8212757045544,163620095
M13061,49539,1530.5216434887939,181212675
M13062,25880,1406.0406914465748,150155238
M13063,67858,1539.0126349073657,184662752
M13064,8498,1510.1379526483897,176797416
M13065,8935,1512.4602988686142,177425431
M13066,8982,1527.1139846169829,180648790
M13067,38718,1506.1945166019343,176221416
M13068,13590,1430.8025656680659,153059395
M13069,46344,1535.5416960780726,183475074
M13070,13936,1511.4866127342382,177108390
M13071,10425,1418.8231526555671,151867550
M13072,9839,1528.2107250202482,181073079
M13073,32265,1403.672863744532,149557508
M13074,22641,1515.5402148813164,177881018
M13075,11317,1521.4121499245805,179278411
M13076,86840,1523.0521007184504,179310618
M13077,122274,1493.5777722458145,169735949
M13078,16977,1410.5283015679304,150708676
M13079,7519,1426.9262167321692,152683482
M13080,20727,1400.5000647018023,149401136
M13081,24933,1440.4289874961935,156900533
M13082,14888,1518.140451802893,178642624
M13083,24516,1519.3676817412356,178999383
M13084,37435,1451.597944012677,159379675
M14001,19282,1592.426576307545,214481866
M14002,20236,1662.034428447446,246995290
M14003,20118,1655.844126521368,245856979
M14004,5494,1702.1491352939524,255561015
M14005,12509,1629.7448745339825,236051250
M14006,56681,1674.172627544017,249595319
M14007,8610,1648.0752376204775,240674088
M14008,76293,1572.170309965044,198092337
M14009,14523,1633.4129821912647,237156115
M14010,5958,1696.2845827297506,255022995
M14011,5394,1710.4318776097334,257650779
M14012,4318,1711.1687572807266,257658134
M14013,51798,1595.3192026242343,216852373
M14014,8697,1697.8864032728468,255401784
M14015,50846,1765.5310836392655,270959190
M14016,35432,1588.8787305848696,211276218
M14017,13135,1730.0939171562936,262085472
M14018,59086,1624.3030269152714,232374521
M14019,5377,1538.7926506007964,184623482
M14020,9133,1767.824448303289,271953991
M14021,21577,1785.1715951496783,276448834
M14022,32019,1826.8618451635223,283565907
M14023,90509,1725.1700927050365,260457614
M14024,26460,1679.4931551878208,250266079
M14025,17557,1483.5647057969145,168054273
M14026,5726,1688.1636003485794,252473963
M14027,16097,1795.66217241602,278543002
M14028,2477,1726.450496587955,260630794
M14029,17554,1583.744724859297,208133083
M14030,43444,1654.1422510308562,245349662
M14031,3926,1543.4688639688711,185797772
M14032,5536,1708.1597175532702,257527481
M14033,21044,1588.348131693902,211177107
M14034,2155,1741.590692674333,265593818
M14035,46421,1486.302801841401,168632152
M14036,17342,1655.4752768361243,245695461
M14037,22499,1754.0904589929853,268039815
M14038,4769,1689.8620601796933,252567533
M14039,1646319,1624.6423311264023,232770756
M14040,8659,1626.2644640643468,234896381
M14041,6273,1457.6708287216738,162414289
M14042,9047,1472.680739206955,165374167
M14043,22827,1807.697266524133,280403514
M14044,21605,1648.579524917558,240875562
M14045,19503,1600.9481100803391,220793756
M14046,28110,1532.3648442789017,182170336
M14047,21157,1630.6306280458293,236111620
M14048,19842,1576.2824852419749,202135778
M14049,10280,1736.4762755409877,263702081
M14050,35713,1666.92079957885,248023958
M14051,11792,1631.8841315290767,236566141
M14052,5831,1721.1159050749538,259784622
M14053,128118,1488.3197762455327,168814737
M14054,6026,1749.0789380962376,266224969
M14055,18177,1636.5576772407267,237657692
M14056,2769,1709.931713435639,257572509
M14057,3813,1680.374720006717,250423279
M14058,13873,1717.5449145143255,259465499
M14059,11004,1682.5162167723854,250749223
M14060,6974,1538.4890490692173,184616508
M14061,14614,1484.5061223703385,168276504
M14062,3938,1704.418966396552,256053776
M14063,84200,1627.624308038327,235532791
M14064,27230,1421.7808746982175,152024262
M14065,14115,1765.368705369176,270939839
M14066,40827,1632.259081028002,236764855
M14067,184728,1735.2854545995726,263354807
M14068,12357,1783.0476095354227,276176002
M14069,11528,1674.5138352849845,249656882
M14070,83453,1631.3044308380004,236331359
M14071,4348,1593.6658417740687,215980564
M14072,6384,1527.138028655041,180657772
M14073,55305,1518.1902544059376,178722362
M14074,14760,1534.1562368348402,182945182
M14075,3497,1659.3320899917426,246544643
M14076,3977,1554.4345972768187,190761756
M14077,27286,1678.6284298507096,250195019
M14078,27666,1542.8990183035871,185606562
M14079,12705,1716.9707686884913,259406650
M14080,6577,1699.3206857222185,255438774
M14081,4204,1475.8806737571012,165568797
M14082,30995,1714.5591315290192,258030586
M14083,53616,1645.9758929055113,240409097
M14084,13797,1733.0564791440238,262594077
M14085,41111,1717.5390570398022,259424388
M14086,15480,1716.5945879227936,259380145
M14087,18047,1740.436492682375,264393450
M14088,16074,1707.1035361401823,256300025
M14089,3204,1693.4510070649972,254523508
M14090,7179,1711.8952399123505,257982709
M14091,37999,1511.8779639256913,177174058
M14092,11817,1682.641331761564,250760227
M14093,119197,1581.3749796332336,205062325
M14094,35502,1630.9578102485293,236240202
M14095,8361,1650.495773890349,241225288
M14096,19766,1659.7960641790153,246707423
M14097,123619,1649.4989605149642,240967817
M14098,474178,1626.4816204131014,234954703
M14099,9277,1757.87763163489,269654983
M14100,34329,1798.3625677678242,279280117
M14101,337149,1624.3397089154348,232433607
M14102,5928,1743.0205073848051,265646193
M14103,7374,1758.330379342527,269679561
M14104,5089,1510.90129409481,177080151
M14105,20034,1609.812855738002,224950513
M14106,4024,1752.2075366498962,267849254
M14107,6109,1667.230217551742,248103771
M14108,33162,1735.4737663838398,263539535
M14109,15664,1514.2477326764204,177778860
M14110,14054,1742.5460496969515,265629604
M14111,5958,1555.2795322208526,190835594
M14112,5758,1677.2263244707267,250009686
M14113,13736,1736.3497427658147,263688345
M14114,15936,1666.368874595038,247927159
M14115,5938,1514.1431662486777,177707307
M14116,15381,1489.37499413278,169103843
M14117,4407,1545.4093682253408,187314318
M14118,23773,1552.3792431895965,190018583
M14119,25829,1679.5147451559722,250292539
M14120,1001021,1622.7921945499256,230312525
M14121,28981,1730.5019433723228,262099039
M14122,6533,1757.9908314712338,269664260
M14123,15478,1623.7629536565928,232268586
M14124,53461,1615.6980680480917,228928161
M15001,58389,1549.2209953370443,188155509
M15002,61250,1555.411197472064,190862836
M15003,38827,1533.4281956355373,182646761
M15004,15584,1666.4414434307173,247954597
M15005,110591,1608.5369558047685,224679244
M15006,8873,1622.9239312305333,231313546
M15007,21095,1629.2035992496142,236006570
M15008,30141,1694.8826051648343,254814037
M15009,45255,1606.71142694582,224481177
M15010,23734,1526.6217882899787,180625056
M15011,34435,1564.095898536053,195485427
M15012,8172,1621.1117699578888,230233517
M15013,467886,1572.934827839554,198359426
M15014,76750,1566.7774887481448,196320968
M15015,25950,1618.0220262003124,229474831
M15016,20516,1542.345245499194,185478386
M15017,5947,1607.8585457370084,224579972
M15018,35196,1626.4596730819792,234919507
M15019,28808,1618.698988482354,229569904
M15020,252555,1560.897485906578,192008559
M15021,35068,1656.281982697328,245922740
M15022,10205,1598.0458253185254,218230340
M15023,35358,1548.8000755063354,187868874
M15024,75836,1559.6871470265942,191682186
M15025,217972,1595.3376375897524,216904171
M15026,22828,1553.9885218996685,190267039
M15027,5735,1620.5311563910345,229992073
M15028,19620,1564.399712656491,195650895
M15029,77579,1579.2032763763134,204319499
M15030,17972,1563.5701675030427,195180177
M15031,490772,1578.2015611547658,203495767
M15032,28006,1627.2128214509012,235477163
M15033,1622697,1562.5258319391212,193052276
M15034,7916,1625.0563309916229,234427798
M15035,38458,1542.4632420229054,185550835
M15036,33343,1531.156220098438,181770060
M15037,193468,1597.2997703152973,217587480
M15038,8168,1578.0614611542062,203487599
M15039,297570,1589.1330702560267,211998670
M15040,30529,1661.9760960395045,246962004
M15041,6425,1636.1594611374117,237592584
M15042,115165,1587.590823309688,210693503
M15043,19182,1618.4377440150452,229550722
M15044,31629,1548.5679734794367,187792592
M15045,68336,1539.4577963158554,184758935
M15046,15086,1579.720067032738,204866130
M15047,56614,1584.106611611581,208192160
M15048,51979,1573.534934266141,198915032
M15049,10720,1635.917038489405,237574636
M15050,18968,1612.6660807160094,227749998
M15051,99870,1610.1290442193956,225020190
M15052,21712,1645.5930061713302,240229561
M15053,37716,1554.5187435747453,190765733
M15054,194463,1616.457994964547,229016584
M15055,9225,1620.3718366702465,229742156
M15056,26971,1561.7065768145565,192533980
M15057,858711,1581.8718029364593,205284424
M15058,1225972,1583.1568769843923,206897207
M15059,19532,1548.8551287439623,187913749
M15060,269546,1568.0157005172186,196594486
M15061,7512,1534.8124564294922,183076103
M15062,49643,1610.0059424531735,224970547
M15063,25989,1640.031740300224,238477294
M15064,30411,1574.9078978722416,199893681
M15065,29097,1545.0604020717906,187267851
M15066,5196,1652.4688194292353,245268381
M15067,57583,1595.7744599581033,217149718
M15068,23592,1617.0541102384789,229365016
M15069,3469,1562.1097626854837,193000510
M15070,212694,1587.1664204999963,210120331
M15071,11065,1519.8539054655596,179132223
M15072,9024,1626.8918048759365,235432123
M15073,10321,1624.743881900981,234417075
M15074,177287,1578.2528749770688,203986539
M15075,19694,1546.4795954256188,187474175
M15076,59647,1612.299256310664,227659749
M15077,5436,1653.178623609467,245324727
M15078,8592,1644.4392766190676,240064524
M15079,10007,1533.0398739899645,182301736
M15080,27592,1669.3636419925097,248280171
M15081,172813,1548.9389763361326,187950495
M15082,95032,1670.1316426292972,248576888
M15083,8840,1601.4382894562145,221355080
M15084,29307,1534.8920484178598,183138206
M15085,61974,1558.6284490192315,191412735
M15086,31192,1652.000936759348,245202539
M15087,69306,1592.930989605874,214544189
M15088,77531,1647.0289776403579,240521834
M15089,8486,1605.893469267821,223669683
M15090,65119,1631.8481417234252,236501022
M15091,66556,1551.468831847554,188676932
M15092,44653,1548.5904571695212,187824221
M15093,22729,1560.1033502110886,191849856
M15094,16863,1619.1670416233706,229598712
M15095,62280,1555.6773461127495,190963106
M15096,28067,1532.7417483269303,182198446
M15097,16370,1660.7869203059124,246894427
M15098,3997,1626.234511332392,234892384
M15099,204102,1568.977943768344,196983401
M15100,18852,1560.5369687530015,191915614
M15101,58381,1619.9903284335858,229681060
M15102,14512,1554.374173484648,190747244
M15103,42507,1599.4213094589034,219314404
M15104,721415,1574.085215057941,199078792
M15105,36100,1702.4857191468354,255696735
M15106,666596,1613.5480493026869,227871511
M15107,11502,1666.411257709658,247943095
M15108,93277,1556.3238456734373,191168844
M15109,432141,1561.7657416753254,192568369
M15110,57375,1639.0752867428207,238169266
M15111,40164,1620.374360499521,229751381
M15112,37993,1561.4647293863677,192476647
M15113,50829,1648.5681825488718,240824733
M15114,74043,1608.7810647330934,224813391
M15115,41402,1597.9906938235097,218183357
M15116,3797,1655.8046291510827,245740289
M15117,16101,1678.5216489369454,250178918
M15118,121850,1616.904634003155,229243166
M15119,15372,1659.984515658258,246777998
M15120,99774,1543.5164525644038,185801698
M15121,453298,1562.8259852699127,194689925
M15122,323461,1593.50629373866,215657103
M16001,9933,1650.645754095568,241233649
M16002,19645,1789.400097316226,277179313
M16003,19502,1605.4411164702628,223594716
M16004,15108,1599.2408096296367,218717515
M16005,10287,1599.4533710236572,219356911
M16006,117949,1734.5643474495153,263145995
M16007,2826,1598.293612535882,218352985
M16008,22152,1836.0883927282925,284915446
M16009,30584,1695.433290681716,254907855
M16010,23386,1806.349401338114,280324887
M16011,9641,1625.513453757434,234695617
M16012,38188,1732.7539364229372,262464597
M16013,10351,1692.4047123969885,254347341
M16014,13974,1833.9717279745153,284768569
M16015,21706,1802.1915543070513,280118946
M16016,23221,1627.5150484378644,235509570
M16017,30107,1559.950503878912,191819749
M16018,9151,1605.1984678487693,223585565
M16019,21169,1678.0631361948206,250149357
M16020,26269,1594.3636467894764,216421215
M16021,10898,1673.4243478334643,249398502
M16022,19169,1613.6711219469032,228540434
M16023,10968,1647.011104573174,240498452
M16024,16243,1656.8364622461372,246037783
M16025,30711,1647.893815844363,240643377
M16026,6870,1813.887567405358,281178811
M16027,7463,1609.0934612191447,224891389
M16028,7077,1614.8089962461656,228687824
M16029,14866,1749.1404808958277,266230995
M16030,14915,1619.3380411953524,229615575
M16031,15923,1545.4712626213054,187318725
M16032,13161,1657.0029581506749,246127701
M16033,20015,1714.6680628214172,258061581
M16034,106421,1601.0883582837391,220813259
M16035,34245,1724.4756343665586,260344582
M16036,11808,1597.6243097438128,218104681
M16037,10153,1616.257910892948,229006431
M16038,45441,1724.737391245572,260383550
M16039,6711,1649.7915350800815,241095843
M16040,16341,1606.4412705657232,224421471
M16041,13260,1597.7404166844508,218170097
M16042,14393,1627.9675500977016,235634162
M16043,54130,1644.9297802073247,240080489
M16044,14430,1623.9507554766408,232318326
M16045,36389,1660.3477831451255,246798012
M16046,11648,1636.4332388652886,237646044
M16047,18586,1623.411337142816,231629468
M16048,5136,1647.1708084784939,240604533
M16049,16620,1659.3580600860885,246548140
M16050,69382,1576.0462570666934,200443378
M16051,11235,1675.875816633613,249876988
M16052,171100,1844.2100370932312,285280631
M16053,620532,1623.6708553009182,231648054
M16054,10914,1601.8950152150612,221446561
M16055,42877,1730.040434725788,262042595
M16056,23221,1658.5169513944095,246397705
M16057,8724,1690.9683135241469,252725227
M16058,15280,1691.6898977517028,253779559
M16059,8821,1706.259333372708,256263927
M16060,9703,1598.9868693919486,218627518
M16061,18804,1604.9311086623277,223504110
M16062,19688,1640.9901003259154,238709987
M16063,18504,1618.4001027139252,229532218
M16064,23868,1723.0315133088518,260074906
M16065,31096,1665.3674111774444,247534972
M16066,77872,1659.7379046849992,246629551
M16067,20097,1613.67674347129,228559603
M16068,20256,1694.0568468876447,254543160
M16069,84946,1594.0291600961234,216239438
M16070,15666,1636.426395005829,237630378
M16071,71770,1597.4298244301835,217958236
M16072,13438,1601.3372630521542,221301203
M16073,23893,1640.8913770205722,238659986
M16074,9905,1654.428824283794,245638999
M16075,57006,1689.4652251679947,252496804
M16076,60894,1654.382461785507,245578105
M16077,19506,1724.8705981765095,260428991
M16078,13952,1585.777132929264,209286230
M16079,38331,1672.301594969783,249122499
M16080,17181,1589.6752619327524,212456299
M16081,9085,1645.9768705042393,240462713
M16082,59192,1682.4597730447197,250690031
M16083,25670,1709.9309768087082,257546839
M16084,26245,1650.8774096337895,241243582
M16085,32821,1647.3524917453815,240610556
M16086,14413,1613.2722521838919,227823601
M16087,13287,1691.164502127352,252733951
M16088,39408,1613.9181512026043,228596544
M16089,24135,1746.4039733624797,265918924
M16090,11742,1671.2691465385908,248989676
M16091,12833,1674.927750985883,249812064
M16092,16656,1690.426725752505,252608326
M16093,25392,1575.9758879456724,200381474
M16094,8830,1632.5020034050517,236805682
M16095,11315,1680.278808799007,250404737
M16096,10153,1792.9547830307188,278223715
M16097,36072,1699.8087032040135,255445351
M16098,23959,1610.9546912129272,227504691
M16099,18103,1652.6604209712234,245273577
M16100,12414,1647.0125588161727,240509420
M16101,11124,1625.6895099161688,234705258
M16102,265699,1687.7989467830398,252205785
M16103,22512,1645.2748076167761,240134619
M16104,20579,1652.1468902358392,245233731
M16105,17687,1621.4412992655548,230247471
M16106,26691,1605.9326620075267,223678169
M16107,69700,1636.6292029518222,237675869
M16108,161918,1641.1451474265593,238729675
M16109,4084,1609.6250458002285,224913858
M16110,48917,1593.7114042271935,215984912
M16111,12879,1682.3780633008735,250673823
M16112,138050,1620.8568818335036,229997808
M16113,26500,1578.9963634046555,204234635
M17001,16482,1679.575967955368,250318368
M17002,14708,1630.9480710877892,236225494
M17003,30436,1674.1621312934708,249446398
M17004,69381,1651.500921985947,245011321
M17005,9356,1665.60638111446,247574889
M17006,153329,1645.6757543966833,240251273
M17007,338706,1641.507732006947,238917186
M17008,57617,1648.6718330538047,240897167
M17009,15184,1630.6278872104565,236096436
M17010,13745,1651.4753192123221,244997576
M17011,170589,1643.9055244467313,239720084
M17012,53351,1672.7542701142117,249172418
M17013,13623,1655.8122212977266,245744086
M17014,8821,1665.5824312638103,247566068
M17015,23984,1661.0481131757635,246910797
M17016,15090,1634.543798658352,237179939
M17017,54149,1676.2788850093013,249901157
M17018,92850,1648.216466536356,240731883
M17019,24133,1666.1642702420681,247615343
M17020,32921,1630.7297318346064,236132777
M17021,6917,1666.3655303625553,247920242
M17022,16428,1631.4003580987899,236414812
M17023,5626,1625.7288339775373,234716382
M17024,45272,1663.8541670902957,247337525
M17025,30017,1670.7011568922621,248952733
M17026,13851,1630.8282061978553,236174066
M17027,8742,1625.8686409175848,234816987
M17028,45643,1656.1079345725316,245877097
M17029,84405,1640.712143612989,238575581
M17030,36582,1635.5866571264917,237538054
M17031,33331,1668.5542694028595,248213707
M17032,7962,1643.977368461013,239890673
M17033,12065,1645.3862456177471,240157131
M18001,36512,1575.9762773352716,200406866
M18002,15371,1651.1413531085173,244341976
M18003,12088,1669.635203800213,248326455
M18004,65943,1658.7350762898036,246469568
M18005,10294,1560.8894490589062,191998265
M18006,25382,1646.3457459667638,240473070
M18007,16171,1643.810108966572,239703913
M18008,37664,1639.9983763904045,238439630
M18009,26649,1544.0094127423533,185920471
M18010,34683,1598.1609692113523,218240545
M18011,21722,1609.6534641286567,224928791
M18012,42762,1654.830097266691,245648904
M18013,7753,1651.3133859458214,244369078
M18014,20849,1631.4261657298364,236431240
M18015,94979,1625.7711394633384,234722008
M18016,42237,1590.4509611768533,214310027
M18017,305176,1633.0156910278408,236845564
M18018,31202,1619.9015506124435,229649858
M18019,12940,1599.5364118286784,220275259
M18020,59808,1718.6679255834408,259540430
M19001,2514,967.6143380169516,64040289
M19002,4390,887.8193527578604,55708936
M19003,2464,895.1674671952617,56038988
M19004,27773,1010.9109484100888,72410519
M19005,18524,834.4687112046108,51824447
M19006,283497,971.7202006047593,64085603
M19007,14840,1118.717992630633,85602845
M19008,3499,919.4712421000744,58562975
M19009,75059,980.3140547321995,66106150
M19010,6644,966.6434924387577,64005998
M19011,9343,912.8726040766917,57482280
M19012,11204,954.3459513201005,61475183
M19013,11540,932.6016173252684,59530187
M19014,33721,1177.4845407356308,102667229
M19015,2246,908.2363186516519,57159649
M19016,3185,951.539578011076,61305993
M19017,39519,1058.4878498941266,77631025
M19018,28974,990.9978752953728,69288620
M19019,125978,994.0853174492394,69399369
M19020,5799,921.2812043090343,58783186
M19021,233457,976.5039964097547,64912859
M19022,15475,997.2734363084334,71381927
M19023,1699,893.1052328632056,56037289
M19024,5576,1129.5663527021907,88454463
M19025,6033,956.6756413600262,62417212
M19026,670162,983.8520664179616,67042006
M19027,2795,920.4937933632901,58772415
M19028,1371,945.8723585887667,61237009
M19029,6413,1033.6502508132687,74485499
M19030,3484,1059.9414323630053,77715924
M19031,66497,979.5972746462118,66023338
M19032,5305,876.2078223861292,55143621
M19033,69205,1031.4892861269116,74178972
M19034,4719,954.2452473096413,61470464
M19035,1215,912.2841319429939,57462417
M19036,7078,1199.897075943656,107558067
M19037,5049,969.7502227029137,64057078
M19038,52741,1010.9686183831242,72438292
M19039,1110997,988.4605626303337,67890320
M19040,1226,868.9821950656748,54484574
M19041,11321,964.2293158762525,63846698
M19042,6237,951.7067051603121,61311409
M19043,2613,1039.2828591552347,75571141
M19044,32329,904.1277410572583,56642930
M19045,19024,960.1644639792423,63515572
M19046,496878,981.4857892194076,66203924
M19047,14275,967.6543224025114,64042803
M19048,227026,996.2617302579728,70342431
M19049,36812,1003.6739278506141,71962668
M19050,2169,878.6741122990076,55386887
M19051,4247,918.0963618950827,57825574
M20001,1540,1754.2370620421875,268063034
M20002,44579,1632.11633661924,236720276
M20003,2567,1792.903505400967,278212805
M20004,883,1714.368670236631,258029703
M20005,14249,1848.2436287451842,285867511
M20006,13745,1759.4797929370416,269802083
M20007,3655,1830.3440122116565,284296813
M20008,918,1873.1401753288571,289901201
M20009,5660,1723.2969337567222,260133662
M20010,13186,1814.7679353269043,281190734
M20011,1317,1769.3147388277314,272029107
M20012,9566,1920.2394676908777,300891055
M20013,2942,1815.8921221903718,281205908
M20014,22675,1841.555184486426,285128730
M20015,5803,1854.3646240056987,286939519
M20016,5733,1797.6059001813894,279176028
M20017,3998,1853.713215212208,286918083
M20018,946,1715.7465700835362,259376630
M20019,3077,1712.4580790266418,257998697
M20020,3295,1816.905322083954,282031443
M20021,14467,1626.4212807389836,234905040
M20022,931,1693.3225322619132,254512710
M20023,12812,1804.7410224417372,280237069
M20024,4298,1698.3371631430819,255410481
M20025,9799,1872.729251757754,289884837
M20026,7828,1811.768813643021,280707746
M20027,2501,1693.9167468106546,254540659
M20028,17573,1851.6807378505196,286819017
M20029,4149,1675.4934671300402,249835187
M20030,7705,1850.1314674744283,286643238
M20031,6704,1791.4296660334758,278068152
M20032,1138,1725.469621732294,260604420
M20033,2004,1785.7646058702057,276535930
M20034,1400,1742.7216100187734,265644793
M20035,754,1766.0064508843534,271771136
M20036,5610,1816.6006769713326,281504115
M20037,4185,1830.8510795961408,284340910
M20038,2132,1777.920639408672,272946929
M20039,53219,1729.84463997207,261614147
M20040,6567,1682.8906421690551,250927882
M20041,31040,1680.0822998257493,250334850
M20042,7287,1764.5628279260854,270912214
M20043,78512,1855.8064099733533,287402020
M20044,40877,1673.3720946354324,249357625
M20045,3942,1778.1201137859723,272949061
M20046,3717,1774.4141504908835,272755468
M20047,109,1724.7018516430774,260383441
M20048,946,1817.250423628882,282036496
M20049,1029,1835.7614596865026,284914417
M20050,3473,1788.957245964292,277152934
M20051,3604,1812.332375376547,280722735
M20052,6011,1861.4419531851593,288144673
M20053,1116,1848.855475172841,285900905
M20054,434,1766.869572569763,271935479
M20055,3383,1730.9352761023117,262302518
M20056,1275,1877.7377152377644,290940616
M20057,40709,1807.0333985265834,280356436
M20058,13947,1693.6661550956703,254526712
M20059,32555,1876.6627587780506,290896147
M20060,2666,1781.7139914053682,275965853
M20061,2392,1872.8071030129222,289894636
M20062,579,1767.8052647864079,271953412
M20063,3368,1785.0650930246902,276445466
M20064,7607,1840.4379323948058,285099925
M20065,1835,1767.5250473530318,271951577
M20066,5308,1841.3449154985412,285123422
M20067,256130,1796.1010656466563,278761511
M20068,18183,1826.1619489032628,283447075
M20069,2032,1845.449901401476,285689294
M20070,6226,1884.567665726171,294275958
M20071,3828,1919.6329980336711,300876701
M20072,5661,1838.0207247664837,284963346
M20073,26406,1818.1411559742005,282037442
M20074,424,1875.3817193735156,290132893
M20075,2675,1859.4908434273023,288038432
M20076,3548,1860.7194867554672,288139148
M20077,2423,1781.957094627239,275968519
M20078,1061,1801.9780056641675,280115354
M20079,76452,1884.0581357875099,294199506
M20080,1796,1858.5366286874548,287955907
M20081,2318,1755.665618622032,268074982
M20082,4594,1884.6281209897456,294282184
M20083,4970,1802.2779485372052,280144791
M20084,3206,1783.1442204835669,276226742
M20085,22495,1909.6610999741163,299033631
M20086,751,1792.1710622840926,278193391
M20087,3400,1794.1171326905164,278293041
M20088,3100,1828.9694645506886,284117094
M20089,2136,1741.859377563403,265595973
M20090,5638,1894.4313506796248,296338645
M20091,3909,1791.7492496712623,278108476
M20092,1377,1796.9612341560694,279084424
M20093,563,1751.1520953543982,267824289
M20094,2067,1782.0668978826404,276020869
M20095,3723,1888.344949451953,294512784
M20096,677,1759.5616722196003,269815828
M20097,1678,1768.8470567953855,272000658
M20098,4295,1697.3422160406333,255397489
M20099,548,1757.151666040656,268610744
M20100,537,1765.8587672087972,271010302
M20101,916,1849.4313567433007,285957371
M20102,3074,1784.6700317287043,276426504
M20103,4809,1825.1089114370636,283253574
M20104,1929,1827.630598225479,284034142
M20105,6200,1758.9627492235475,269786310
M20106,339,1732.0785836483774,262390037
M20107,15261,1800.2505549024768,279568449
M20108,4315,1816.72763937094,281539932
M20109,1313,1683.3046027203811,251002036
M20110,1362,1798.4350142572275,279314446
M20111,3818,1873.6625124458187,289968713
M20112,2881,1827.6596170001865,284036071
M20113,2873,1906.6537082443895,298981604
M20114,788,1773.6520913716952,272252356
M20115,4740,1808.163081186527,280553925
M20116,3833,1689.0535907272551,252479689
M20117,2512,1917.574758972822,299832788
M20118,2731,1812.1164650408755,280718063
M20119,523,1786.8414693584925,276605655
M20120,638,1772.61585236288,272155422
M20121,827,1746.00472046754,265902031
M20122,752,1860.3246594698649,288138396
M20123,2727,1825.0897742946036,283250847
M20124,15886,1868.1357755307586,288692403
M20125,10882,1853.8677283382162,286922081
M20126,4236,1876.0564790046062,290155747
M20127,1180,1783.83732244454,276397489
M20128,1252,1761.1834693791604,269898127
M20129,344,1731.9116793796177,262370078
M20130,4931,1868.0022960947865,288670893
M20131,9788,1822.7679801419881,282965801
M20132,1043,1831.1167260013244,284347192
M20133,3408,1809.526330424111,280678819
M20134,23238,1683.108997248026,250962043
M20135,6150,1792.85360276345,278206655
M20136,11680,1704.245285147543,256042096
M20137,3324,1822.5244471832139,282962477
M20138,472,1780.064531095246,273293385
M20139,1914,1700.0372236309265,255481423
M20140,783,1764.0967908282255,270714898
M20141,5782,1866.913332300862,288654462
M20142,1379,1674.0513932876806,249445019
M20143,9318,1865.1012719686698,288527511
M20144,1184,1768.056576591049,271963124
M20145,1789,1801.4983484600407,280111425
M20146,1868,1872.2230153979153,289197654
M20147,413,1769.5096288648604,272030798
M20148,1991,1898.5814989338808,296895474
M20149,1250,1860.1529974817283,288041956
M20150,9694,1772.6100869585823,272145728
M20151,452,1720.1272328913813,259713254
M20152,2064,1774.3967168907584,272751119
M20153,3959,1908.1823028113856,299017825
M20154,1938,1875.0499070911465,290127233
M20155,849,1859.8014535803843,288041107
M20156,3294,1760.7634881754807,269852902
M20157,8343,1792.9542478061583,278215372
M20158,2355,1865.1405567437473,288536829
M20159,5227,1890.3982013667173,294684957
M20160,1895,1730.6859425699263,262128020
M20161,2717,1766.98075167595,271935913
M20162,1529,1834.2193281537056,284911895
M20163,1702,1676.9795489130183,250007984
M20164,3353,1752.433168825188,267980126
M20165,1271,1718.520032518148,259537597
M20166,9867,1693.373460930236,254513641
M20167,1892,1877.1575735386161,290933157
M20168,916,1896.520406084098,296731416
M20169,4538,1665.738702346949,247584245
M20170,3151,1868.7163745501066,288761518
M20171,19969,1676.4139563901965,249955306
M20172,531,1776.1071550577603,272798457
M20173,1572,1754.4409475653185,268064574
M20174,2887,1804.5946181858544,280234182
M20175,1775,1746.1160301312623,265917149
M20176,3223,1731.5684315710266,262306578
M20177,9298,1718.221337552652,259528299
M20178,3499,1779.2146338049977,273281320
M20179,1236,1758.0809601534074,269677392
M20180,2286,1882.4113669590797,292408697
M20181,442,1709.6754481460723,257546397
M20182,2242,1707.0209100867864,256297783
M20183,1511,1760.7492302981923,269851391
M20184,133913,1677.5224741791747,250015444
M20185,7514,1867.5057900968566,288660244
M20186,666,1734.5274764453206,263145329
M20187,2479,1688.148571370995,252471484
M20188,8656,1880.6370160870663,291794523
M20189,2338,1759.4301042626005,269799745
M20190,21679,1777.5601655453088,272917313
M20191,374,1769.408930637454,272030424
M20192,1338,1821.9643277020486,282814443
M20193,2285,1774.3989100335598,272753183
M20194,1350,1811.2971396130295,280704451
M20195,1468,1781.0689639300222,275875758
M20196,422,1756.660695394493,268581336
M20197,2914,1806.8146264057489,280352263
M20198,27399,1797.1829030984045,279141357
M20199,849,1746.8634437861867,265943059
M20200,3588,1803.7366636959705,280186275
M20201,1830,1760.2088437075226,269818138
M20202,4302,1901.475509544692,297068864
M20203,3198,1847.0050746847796,285696999
M20204,675,1851.1319493038645,286813100
M20205,16775,1743.9714877956853,265705041
M20206,2466,1692.226451974363,254315147
M20207,17090,1790.4278707474252,277964221
M20208,9543,1785.804426238773,276546400
M20209,932,1879.6565233645704,291059123
M20210,6750,1773.6115840984246,272245606
M20211,3125,1895.421170952863,296434757
M20212,2551,1745.399786381175,265881627
M20213,3889,1888.3065380525034,294508895
M20214,2486,1735.6597903032318,263572697
M20215,665,1760.9390479777512,269856196
M20216,1150,1764.92733906106,270920609
M20217,3454,1792.2971886475234,278194142
M20218,572,1802.0546799140068,280116415
M20219,2817,1810.22499034403,280682227
M20220,2974,1725.0174064917262,260448497
M20221,1448,1752.1565603985746,267847806
M20222,1605,1751.7178624428254,267827765
M20223,496,1753.974639869541,268039319
M20224,720,1754.1587877499815,268062314
M20225,5380,1886.6082701106884,294473743
M20226,2587,1809.0724727223176,280644729
M20227,9965,1790.314115901672,277954256
M20228,737,1672.5208792249796,249171681
M20229,5676,1855.5353784747147,287396344
M20230,1202,1751.3192961096136,267826563
M20231,3144,1801.350986371814,280103557
M20232,20118,1682.9125952758059,250941925
M20233,1941,1812.223092922475,280720794
M20234,7227,1680.2812216854618,250416052
M20235,3618,1868.9470800323909,288764669
M20236,1741,1901.5108188641013,297073166
M20237,2303,1740.8506849830683,265586993
M20238,757,1841.633921845917,285151405
M20239,1078,1771.8083013428989,272128160
M20240,2614,1795.133595589306,278540388
M20241,1200,1848.010232577407,285850894
M20242,8877,1787.4031206538225,276643610
M20243,1776,1818.908114173529,282182415
M20244,3254,1686.267749919024,251245066
M20245,1370,1734.9805190803502,263269482
M20246,642,1780.779050064853,275875116
M20247,1391,1766.8659251547708,271934088
M20248,10657,1880.5889601956635,291783866
M20249,2913,1679.109443585018,250236410
M20250,1108,1764.824532144734,270919501
M20251,1150,1758.6415521570295,269725998
M20252,1838,1797.888888869224,279188117
M20253,4148,1910.753143439776,299115812
M20254,3495,1895.8110415505575,296692555
M20255,1945,1811.468302075099,280705801
M20256,250,1723.7801720092173,260139322
M20257,1122,1770.5290229948566,272043148
M20258,880,1780.2180864503864,273293857
M20259,2261,1754.8507049234656,268072721
M20260,2621,1757.81897069293,269652362
M20261,6143,1725.0873790208711,260451471
M20262,1089,1770.1873498508687,272040302
M20263,3134,1892.3866086305723,295403401
M20264,2276,1739.363182601821,263968341
M20265,5947,1824.439208334902,283244900
M20266,8584,1917.8999166168635,299836342
M20267,307,1766.462507958594,271926922
M20268,884,1850.3113393198325,286650943
M20269,3635,1810.7297736575115,280687218
M20270,1703,1727.1218155507825,261475166
M20271,2097,1831.02400068513,284345095
M20272,6705,1893.6559224715468,295475508
M20273,3205,1813.957796984844,281185681
M20274,1193,1810.8393205118552,280703258
M20275,5332,1798.537693691712,279315808
M20276,874,1702.7031160935292,255732835
M20277,12668,1860.248686593493,288043206
M20278,36036,1662.8201101169843,247125308
M20279,2617,1901.5894199214688,297074907
M20280,2673,1758.8938512432062,269783036
M20281,268,1767.166329257836,271951309
M20282,821,1876.1888923727165,290159983
M20283,1038,1723.2000383109794,260099784
M20284,3160,1826.349984672207,283465258
M20285,3115,1887.466950105562,294479123
M20286,3525,1772.5790604012702,272142203
M20287,432,1730.4010087364609,262098607
M20288,601,1758.9100701946716,269785709
M20289,1131,1868.0661790373747,288691272
M20290,991,1739.2476690843962,263967350
M20291,4069,1890.3424705471173,294680888
M20292,1294,1807.5702949244144,280402220
M20293,7103,1788.0730714076012,276916097
M20294,5071,1774.927786955383,272791387
M20295,8470,1824.0414534634424,283170757
M20296,1135,1742.6681931216108,265643658
M20297,2489,1811.9124371665878,280715574
M20298,10477,1808.612441116485,280558665
M20299,1074,1782.708726286653,276132567
M20300,5334,1861.9131436723158,288150684
M20301,1471,1832.8633023810548,284572067
M20302,3765,1878.045214273106,290941891
M20303,1204,1780.4670470185138,273358606
M20304,1050,1772.1125581787232,272129238
M20305,3634,1849.7465368110197,286139339
M20306,4735,1908.0081889349408,299013090
M20307,9862,1903.3158517378652,297138316
M20308,2588,1877.1227181842808,290930569
M20309,10854,1674.6971384140666,249800333
M20310,3604,1797.7392545821847,279184513
M20311,677,1731.3344886815496,262305901
M20312,1298,1882.5037221326781,292410983
M20313,1010,1723.1218684894175,260098774
M20314,1548,1880.8693384672172,291856285
M20315,1903,1831.958571191676,284475634
M20316,821,1863.9656425974201,288403933
M20317,1555,1768.3017617519422,271979163
M20318,32471,1920.3096911706846,300900621
M20319,1312,1880.128817662411,291782554
M20320,653,1803.4108264667504,280185622
M20321,926,1726.091787906627,260614062
M20322,877,1674.8454345187185,249811187
M20323,1780,1801.1107524224008,279723504
M20324,36982,1940.0684764343514,303635750
M20325,9570,1821.791946809157,282801458
M20326,4535,1711.426547718751,257662452
M20327,13377,1863.7445597675992,288384858
M20328,1052,1842.0325965702916,285174110
M20329,1428,1809.00847386064,280643301
M20330,4173,1695.5969035260566,254939303
M20331,850,1774.5726361983516,272780806
M20332,420,1763.5389340626202,270695090
M20333,2684,1836.1510866057201,284937598
M20334,42645,1911.3926006465256,299162143
M20335,991,1753.5331134361734,268036763
M20336,2546,1736.777693913188,263712361
M20337,5504,1794.8067260621997,278296441
M20338,7819,1781.5608356010648,275958034
M20339,3486,1757.5417171361416,268611292
M20340,2061,1700.979801469635,255488080
M20341,246,1751.9807685366934,267829370
M20342,1584,1807.207235935781,280398978
M20343,2029,1802.9766189241623,280183593
M20344,2366,1893.2543529781694,295414340
M20345,3722,1875.0920729561396,290129171
M20346,1633,1760.0601836936723,269816505
M20347,3288,1891.5734247520527,295061681
M20348,8671,1784.9283141040364,276429578
M20349,2062,1807.9895896465891,280431819
M20350,15690,1796.4681794198361,279062005
M20351,2470,1869.3623303025283,288792908
M20352,2225,1731.6176969702199,262309801
M20353,1867,1876.7050565487987,290928702
M20354,524,1672.0894008627388,249121975
M20355,864,1695.5941119481195,254938439
M20356,2140,1801.6268658973122,280113214
M20357,993,1834.832121531241,284913424
M20358,1990,1833.3695472361544,284634158
M20359,1149,1758.4565396833796,269686935
M20360,3415,1821.8302391274099,282811028
M20361,977,1874.5022225651162,289980726
M20362,1545,1879.332583365058,291019589
M20363,2532,1772.491975449668,272139671
M20364,14036,1895.0379167636459,296344283
M20365,1542,1771.3329328126365,272123742
M20366,4440,1907.225916809743,298992015
M20367,4230,1892.269441391984,295246028
M20368,1604,1826.9275840241241,283597926
M20369,1758,1817.1639629740735,282034738
M20370,725,1776.7660623215768,272805399
M20371,858,1806.66464375055,280348273
M20372,1848,1814.302810624764,281188886
M20373,573,1698.4132163144568,255414779
M20374,1263,1676.866697141127,250006721
M20375,6457,1796.7428059290726,279077695
M20376,410,1762.8438614924219,270600335
M20377,10688,1830.4044087201637,284330222
M20378,3311,1828.4773695063568,284113783
M20379,2672,1798.5429500314294,279321140
M20380,1833,1807.0627146757308,280397145
M20381,2625,1734.5813833143875,263263944
M20382,1158,1822.862861038892,282978610
M20383,567,1775.7691888936222,272797890
M20384,4061,1877.6198764888125,290935049
M20385,52806,1800.828017623184,279660565
M20386,15054,1865.2080255284409,288539184
M20387,3549,1828.3752952799914,284110234
M20388,2212,1813.799739614253,281168832
M20389,1177,1825.4260972683726,283376589
M20390,44364,1796.390783265422,279017641
M20391,2808,1892.5359266161922,295406535
M20392,6663,1819.783533151305,282208296
M20393,3455,1832.19530273499,284515424
M20394,2660,1785.7532682414285,276533270
M20395,2531,1738.338264670371,263961164
M20396,3329,1682.397358281072,250686702
M20397,29026,1787.1249588258202,276606178
M20398,5597,1840.0041647976825,285003614
M20399,15749,1793.0357168494836,278277292
M20400,1562,1718.5413243510782,259538868
M20401,18120,1928.0261149193893,301657012
M20402,1016,1887.77460564304,294482238
M20403,1658,1807.3054105491822,280400562
M20404,808,1752.9105958020482,268006676
M20405,1711,1751.2469344162923,267824852
M20406,21436,1668.6815183302167,248247038
M20407,7106,1802.9707683038455,280176487
M20408,414,1776.8867468599124,272806124
M20409,7272,1797.43399321978,279168756
M20410,3369,1875.739703000934,290133317
M20411,759,1802.1511515681916,280118187
M20412,3021,1822.8216395841025,282975589
M20413,28327,1928.8770858110665,301835667
M20414,10118,1897.3155819194867,296867434
M20415,4910,1862.6201106927745,288156018
M20416,594,1715.4243543071739,258840968
M20417,9783,1703.2866187291133,255733709
M20418,10491,1856.1308581632086,287494380
M20419,598,1761.498721996803,269918157
M20420,1070,1837.2596474024976,284940282
M20421,4041,1862.8874615171576,288160928
M20422,770,1738.5960821680649,263963695
M20423,606,1768.711693734637,271994426
M20424,4156,1896.4861455059786,296727260
M20425,2081,1717.9726049514293,259526218
M20426,6914,1798.3422450067847,279273203
M20427,13648,1812.8066675206214,280941222
M20428,1506,1877.702073192437,290939110
M20429,1675,1854.8399675948253,287384336
M20430,272,1796.841844637837,279084152
M20431,1831,1701.7427948209192,255552065
M20432,958,1756.0668607911255,268566956
M20433,2622,1901.8110067341738,297089343
M20434,4843,1678.3719108674698,250174075
M20435,2752,1797.6525236318482,279181761
M20436,1204,1729.1375279967194,261612943
M20437,8406,1787.2004660190216,276635204
M20438,1562,1698.8112314990726,255415352
M20439,20228,1940.6736640141614,303672732
M20440,1016,1839.2317148214133,284996420
M20441,5698,1863.9295684930669,288398235
M20442,378,1772.6218856159046,272156060
M20443,460,1774.6736106973894,272790927
M20444,469,1827.5704753933617,284033673
M20445,1223,1801.1439150895462,279725284
M20446,6565,1816.2423563372433,281412906
M20447,15417,1848.2317245225177,285852094
M20448,1633,1849.6169644375652,286114925
M20449,3449,1848.711334341927,285881760
M20450,9537,1853.2726135499906,286908546
M20451,1365,1737.019018012966,263747725
M20452,4636,1825.410808927809,283371953
M20453,2577,1907.6175388246259,299010513
M20454,2754,1785.3058446587936,276490452
M20455,2404,1719.481072811374,259708926
M20456,1341,1738.6174682698338,263964465
M20457,3058,1749.1774040724972,266245861
M20458,1544,1739.2332921939355,263965806
M20459,4314,1686.2028669693798,251240752
M20460,4837,1756.4393818714311,268567914
M20461,725,1773.9817212755515,272253144
M20462,3988,1726.7660650968046,260637420
M20463,933,1758.1359776373404,269678628
M20464,601,1719.3842877337229,259708325
M20465,1200,1802.0562926924633,280116987
M20466,10675,1864.1452118719376,288466480
M20467,17922,1898.163248342635,296877552
M20468,12682,1737.2818790984384,263791842
M20469,28118,1785.9129830320373,276555943
M20470,6336,1829.2851385061165,284290477
M20471,520,1752.6735197875762,267983479
M20472,2788,1839.35896463391,284997436
M20473,1432,1775.4872083617397,272796458
M20474,3291,1883.5709389480492,292820450
M20475,1988,1815.2525357832076,281203920
M20476,397,1708.8186374235484,257546000
M20477,1674,1873.580930609922,289967039
M20478,2422,1750.3181872279006,267383939
M20479,266,1765.7889447636646,271010036
M20480,1028,1780.3176113905404,273298625
M20481,2876,1816.6538760538463,281509725
M20482,44193,1895.3575148707635,296358319
M20483,7937,1777.6524717406783,272938992
M20484,4469,1753.034682834611,268024510
M20485,3234,1902.930872449174,297135082
M20486,2306,1740.553086693905,265319091
M20487,1721,1771.1117197432034,272058071
M20488,140,1726.3223450778364,260630654
M20489,4997,1892.563678221203,295409343
M20490,2712,1673.1912671267455,249354913
M20491,3315,1844.3739650925304,285451731
M20492,3888,1780.2848142165226,273294737
M20493,506,1760.5691695151288,269850885
M20494,7433,1803.9474583681813,280226749
M20495,3267,1908.775233421695,299030364
M20496,1762,1768.2361626396591,271977401
M20497,3130,1895.9839852094367,296696050
M20498,6599,1758.0004513585063,269670793
M20499,1725,1763.0470867933082,270691618
M20500,7544,1829.1446962155117,284120194
M20501,1173,1759.42751618655,269798572
M20502,4963,1778.8261650258876,273256890
M20503,465,1774.5418882019262,272780341
M20504,1757,1770.4927480239426,272041391
M20505,7295,1838.4368439690445,284969007
M20506,755,1791.193149905302,278067397
M20507,3347,1902.4318977414246,297131735
M20508,1488,1838.786507111519,284976302
M20509,8725,1932.034671993917,302204411
M20510,878,1824.0218364261766,283169879
M20511,3430,1784.1071892215532,276398669
M20512,1125,1893.9059694376933,296337520
M20513,7379,1813.2536017352713,281089198
M20514,950,1760.4644383552782,269849935
M20515,53229,1868.3886754831676,288708289
M20516,4334,1855.2362041357467,287392010
M20517,4004,1802.7243061263412,280172483
M20518,160,1766.7190686390677,271933928
M20519,2834,1795.845765663658,278752046
M20520,7308,1747.5923792805886,266217151
M20521,327,1744.537306280511,265721816
M20522,1041,1782.155213654105,276028673
M20523,1565,1753.5666612350672,268037754
M20524,510,1749.054643146243,266224459
M20525,10457,1850.8737944148127,286694955
M20526,14058,1907.4843303316532,298996455
M20527,2569,1716.2042102991452,259377576
M20528,1464,1773.1703799195575,272174998
M20529,1456,1737.234978373003,263790386
M20530,3095,1820.2744605499167,282243249
M20531,1939,1786.2983507934935,276603716
M20532,4139,1802.2465327761577,280140652
M20533,1683,1882.872531846737,292412281
M20534,4173,1872.895573840335,289897028
M20535,3390,1839.8192516761144,285000224
M20536,519,1762.8670349653903,270600745
M20537,7786,1769.8290450881507,272032516
M20538,635,1873.5131169873648,289902119
M20539,3902,1786.0119238072134,276584061
M20540,6088,1740.7894792177574,265580905
M20541,1855,1757.81573586711,269650507
M20542,874,1851.9913113239359,286836590
M20543,5306,1891.2009832040324,295056375
M20544,1747,1763.3893199834542,270693343
M20545,7476,1682.8907114051176,250934449
M20546,5562,1798.26425378989,279267641
M20547,952,1734.6985937241434,263266569
M20548,1573,1715.4873897510931,258841562
M20549,12346,1747.3569587036548,266204805
M20550,4724,1801.3687595264248,280106701
M20551,13507,1806.197865114969,280287131
M20552,514,1719.2488014152627,259700124
M20553,6777,1794.9871929043932,278315021
M20554,5626,1768.7695505178024,271995032
M20555,2813,1812.8467264528067,281015240
M20556,316,1729.1305429809554,261612627
M20557,12140,1850.9721002014985,286705412
M20558,1507,1721.540722259043,259926001
M20559,22886,1713.388629293532,258001774
M20560,5594,1800.1706651094198,279562855
M20561,2256,1831.6682426817638,284348235
M20562,1305,1769.7904750259488,272031211
M20563,1413,1864.1357655539673,288465067
M20564,1259,1806.9033362971109,280355177
M20565,19247,1809.464217651209,280659572
M20566,3184,1823.8679611883977,283166695
M20567,3433,1747.1868390270834,266152072
M20568,1563,1721.5291042930673,259924438
M20569,1958,1783.8207363962254,276395531
M20570,16801,1819.2249758680691,282184191
M21001,49462,1591.16738951134,214389754
M21002,9199,1465.1464764317475,164028177
M21003,34765,1691.6271041104646,253744794
M21004,40439,1601.3905351126593,221314641
M21005,3074,1644.8478070644878,240077415
M21006,13058,1490.868399238888,169287349
M21007,3795,1655.3098878800777,245691666
M21008,9087,1492.9029075252079,169637144
M21009,2614,1694.1085606267736,254563416
M21010,48642,1658.7324603960672,246420926
M21011,2004,1722.0124390520186,259937440
M21012,6632,1583.7467487585668,208150637
M21013,15811,1660.522143157452,246878616
M21014,4704,1484.9115150785826,168297707
M21015,64315,1599.5193833139913,220210944
M21016,7664,1515.3098695680128,177873354
M21017,18565,1501.3209540846738,173758329
M21018,3732,1664.0412176449202,247382797
M21019,117111,1622.928376595255,231322419
M21020,5782,1621.3017434480562,230241689
M21021,1310,1664.9178389924957,247386529
M21022,11933,1635.3695718105193,237341930
M21023,8104,1602.6336191843818,221614624
M21024,1302,1700.1633609361843,255483337
M21025,7704,1472.293592969781,165366463
M21026,13571,1602.1649732343312,221564230
M21027,5104,1683.6362385940572,251036844
M21028,2216,1485.1440402969367,168302411
M21029,3931,1479.3777909386038,166529841
M21030,884,1482.1637858382326,167076042
M21031,3564,1649.059041701805,240959014
M21032,1880,1707.6020769763031,257507176
M21033,4596,1643.0029393235068,239634206
M21034,27575,1595.7280225662728,217122143
M21035,18692,1669.6053873503881,248307763
M21036,12662,1665.2260445781305,247519786
M21037,2524,1665.3416820910647,247532448
M21038,6583,1609.1733535302553,224898852
M21039,8984,1499.73972333183,172391842
M21040,7086,1608.6291156031682,224789835
M21041,46729,1599.591380736875,220288199
M21042,3985,1663.2094667294957,247227453
M21043,45010,1483.024452989336,168009263
M21044,14434,1529.9727547779287,181146255
M21045,38711,1594.6066653993034,216447484
M21046,5542,1634.5274224291595,237174397
M21047,21133,1692.8323092805097,254465881
M21048,17788,1591.614686915252,214449358
M21049,12855,1482.8142960204864,167981574
M21050,20252,1565.2638764270478,196092591
M21051,36606,1668.3421685559188,248177101
M21052,1301,1643.635929025823,239702612
M21053,49266,1512.735485955561,177448873
M21054,27216,1503.0113757981087,175583555
M21055,5043,1713.4636160432206,258024660
M21056,1961,1710.818622093975,257656173
M21057,7279,1473.1590486870662,165383214
M21058,17833,1560.9579556369379,192261114
M21059,2810,1696.2101719148695,254968651
M21060,5581,1598.0077999962214,218224759
M21061,26108,1640.9571738601019,238683879
M21062,4845,1650.3629069043996,241220443
M21063,13473,1607.6766480350745,224555868
M21064,16331,1411.3594763722588,150742034
M21065,22151,1598.2149346010913,218330834
M21066,3177,1705.092854800815,256057714
M21067,14833,1559.6410005313605,191667353
M21068,8194,1475.9753405585539,165583201
M21069,28654,1640.1999908019982,238508123
M21070,8026,1639.6370618795697,238332920
M21071,83537,1476.5581070811254,165701867
M21072,16130,1475.2221398215352,165551140
M21073,9651,1686.6487720713426,251250021
M21074,50868,1594.7327889929297,216486195
M21075,10206,1496.2788461448195,171626630
M21076,28345,1487.6289189932663,168743842
M21077,5465,1485.273774101067,168307576
M21078,11670,1491.4986592303749,169418720
M21079,4591,1626.1182063858416,234887793
M21080,2761,1485.327773705594,168313041
M21081,4614,1724.521229273706,260378827
M21082,6922,1659.3139439299548,246537721
M21083,28358,1531.8108202104495,181917185
M21084,6589,1484.574721737916,168291118
M21085,70739,1656.8089205058823,245967044
M21086,13257,1440.973734776256,156949892
M21087,12556,1696.1721056274152,254956095
M21088,4942,1482.6566171455258,167976632
M21089,13489,1470.3594694888982,165269557
M21090,14483,1598.558654143404,218506166
M21091,9301,1471.5769241773885,165339413
M21092,5239,1649.1778176526284,240962578
M21093,9207,1558.2237921633175,191403528
M21094,25719,1546.6974592622187,187534480
M21095,722,1631.817334936324,236500300
M21096,2396,1584.7138044631408,208284965
M21097,2044,1612.0426895589515,227623009
M21098,6229,1630.467406425463,236090207
M21099,17779,1621.646519160296,230285807
M21100,9613,1471.8810044714896,165354026
M21101,3617,1490.899256161035,169302425
M21102,10644,1607.2202221883963,224545224
M21103,5375,1633.4062055281936,237150740
M21104,19033,1576.4784461504717,202156973
M21105,4945,1535.9944754438368,183629705
M21106,23619,1612.4924043432995,227719396
M21107,12609,1477.3404537320469,165916413
M21108,13769,1555.194261065116,190821825
M21109,18326,1467.9435739452515,164896172
M21110,35812,1613.000160131833,227786429
M21111,19401,1436.3994131748066,156468976
M21112,9680,1702.3083522447555,255566509
M21113,5948,1696.2794448281882,255017047
M21114,1346916,1602.8062706400838,221622728
M21115,38649,1601.8280688100144,221407912
M21116,19235,1560.5120102656217,191896379
M21117,14766,1575.1843303415824,199939336
M21118,20849,1605.8892933758111,223648834
M21119,56066,1604.388764317004,223448044
M21120,4495,1645.8765302075471,240404602
M21121,1116,1631.2031921584942,236330243
M21122,8632,1589.308752563332,212298833
M21123,4425,1480.0717467498016,166586845
M21124,13554,1666.300409540934,247906688
M21125,6934,1608.0123748804747,224600290
M21126,5267,1610.518322400745,227373422
M21127,4317,1686.9309800566177,251476933
M21128,6744,1572.4723061665284,198342713
M21129,11697,1669.0863516947647,248268474
M21130,3708,1585.0912670370112,208798033
M21131,815,1631.7345064846193,236499485
M21132,121071,1581.9718162735571,206165043
M21133,951,1648.8927692538364,240958063
M21134,16361,1579.1047809821855,204303138
M21135,727,1708.7795159415368,257545273
M21136,9350,1591.7546295243073,214467146
M21137,8334,1577.115241627662,202214757
M21138,10009,1606.1147078239103,223704860
M21139,3441,1700.8239370528224,255484639
M21140,99794,1603.2066578618276,222984272
M21141,3711,1701.6287070722226,255548354
M21142,23342,1581.8571150590908,205261082
M21143,22649,1585.4309058245813,209248451
M21144,10631,1607.7125429488613,224569341
M21145,13219,1649.9835923250887,241207224
M21146,887,1647.205607481477,240609669
M21147,6112,1667.629589568725,248162643
M21148,8815,1612.2761601401369,227650934
M21149,14249,1642.243126934523,239510779
M21150,6734,1635.4460567968824,237353863
M21151,7082,1612.8089602784214,227768966
M21152,11068,1584.750613097114,208750167
M21153,16844,1613.8843045669616,228579700
M21154,59177,1610.9275418010993,227445514
M21155,6830,1706.959250843483,256290953
M21156,226258,1651.4044159530042,244769460
M21157,12650,1682.3487538773622,250661173
M21158,7060,1464.1942618851529,163715059
M21159,4840,1640.110635240255,238503283
M21160,3549,1678.3336085740307,250170526
M21161,16717,1644.1621812256933,239952820
M21162,4003,1489.6136088876044,169164635
M21163,14055,1594.2259852335833,216404407
M21164,62651,1605.1893905831487,223522914
M21165,1272,1646.0324506894426,240471798
M21166,8671,1643.5696832289198,239693941
M21167,9457,1494.5476132535082,170047639
M21168,6392,1657.6433608922696,246214733
M21169,18145,1648.1368371488445,240691384
M21170,15268,1540.0487305987397,184935601
M21171,2864,1621.4462389610105,230265158
M21172,25859,1510.519790914275,177040482
M21173,5556,1499.2060978922848,172371808
M21174,81156,1502.048500886877,174705847
M21175,9640,1615.5882097525728,228918521
M21176,8331,1659.9133795740236,246746904
M21177,42295,1631.585526276334,236457190
M21178,17764,1460.5903336829654,162534901
M21179,25674,1580.1756170195583,204931895
M21180,31665,1580.4946980937855,204977514
M21181,5370,1592.332207362492,214476496
M21182,4198,1616.0338326952872,229002233
M21183,18233,1477.8931368245308,166051264
M21184,6502,1477.897896823978,166069497
M21185,8686,1648.1046071355588,240682698
M21186,47106,1500.7129513722148,173641525
M21187,6271,1449.0146453424068,159251930
M21188,17171,1627.6610220266555,235616991
M21189,17259,1617.4611083158668,229432150
M21190,1161,1685.7734636390373,251230646
M21191,11025,1716.8701162299074,259395625
M21192,6176,1478.7525322241147,166178415
M21193,6185,1621.858140222034,230303586
M21194,25115,1432.5042657979818,155473516
M21195,21164,1640.213274074486,238554417
M21196,1701,1686.5754776311712,251248320
M21197,70164,1463.8188865774314,163637270
M21198,1433,1717.2279373772935,259422955
M21199,30426,1503.8082471873797,175744557
M21200,4306,1507.1428309860175,176401390
M21201,3279,1648.802063744387,240954784
M21202,11760,1490.496290860713,169224511
M21203,5101,1631.5250368235013,236452089
M21204,6649,1498.0459170166441,171978225
M21205,19368,1619.5640830408838,229630490
M21206,4407,1649.5009165119636,241091436
M21207,49242,1500.3585036627576,173542571
M21208,69698,1501.044667058317,173688631
M21209,8900,1667.343860945519,248109880
M21210,5267,1488.431771349412,168942855
M21211,13810,1510.5956863014594,177066341
M21212,19447,1518.9649404562551,178944320
M21213,13535,1464.8520798475788,163892910
M21214,13641,1663.3152876316185,247231438
M21215,4392,1491.2047225677652,169402910
M21216,2949,1485.238182060247,168304627
M21217,19715,1659.8717949357276,246727189
M22001,54591,1534.8916216564076,183083615
M22002,27290,1417.5212839408125,151652608
M22003,12667,1376.327394402721,143068572
M22004,51790,1470.2397830309867,165098601
M22005,46878,1468.509097368014,164990588
M22006,74558,1508.874717746879,176603392
M22007,27598,1476.0619599388538,165591395
M22008,29140,1519.652124888782,179103083
M22009,22839,1403.7509088012375,149604475
M22010,19493,1402.497010849724,149514618
M22011,71397,1497.4807718220586,171640249
M22012,49554,1501.830898896432,174533155
M22013,16557,1432.6262734886482,155503164
M22014,641386,1501.7801151521285,173891769
M22015,7665,1438.5710641258265,156633354
M22016,179668,1508.4998145988732,176419408
M22017,49969,1491.2038961453343,169352941
M22018,21266,1451.6070398084169,159417110
M23001,60091,1599.194778910546,218657424
M23002,60365,1645.509322992183,240169196
M23003,11313,1535.8225019075207,183606518
M23004,208164,1746.931103843727,265943908
M23005,419815,1541.1483604925772,185030574
M23006,31052,1632.5844215069835,236814512
M23007,20411,1515.6873743076742,178161214
M23008,63752,1582.1742166575139,206286114
M24001,19192,1348.8133174389327,136243462
M24002,8781,1312.3850249612135,128270825
M24003,42782,1346.5600260845333,135846018
M24004,4889,1341.903181759668,135381275
M24005,18824,1327.7850766786057,132477806
M24006,9889,1208.5462784273748,109356062
M24007,16153,1187.8336767023707,104012837
M24008,20703,1307.2173785883097,127834367
M24009,3404,1350.9846904344436,136286753
M24010,30603,1284.5171497206654,121773097
M24011,39944,1346.9599333265007,135888800
M24012,19904,1347.602997484165,136053519
M24013,146604,1307.9524506497555,127867608
M24014,17352,1351.611230358092,136290157
M24015,21070,1274.3980525373786,119673646
M24016,39687,1264.3816609206526,116638440
M24017,25359,1293.2216207498257,124322535
M24018,14289,1352.8588619373816,136421527
M24019,6538,1367.6319962255598,140617711
M24020,78187,1201.2307668719739,108051050
M24021,48392,1359.8087197251975,137686995
M24022,19904,1310.7226865170476,128196029
M24023,15790,1343.83344929639,135763405
M24024,88991,1347.487735119577,135964528
M24025,26405,1352.773100256558,136395122
M24026,9363,1343.1275117440666,135652673
M24027,10493,1369.9884700892087,141250252
M24028,670532,1365.2896399351614,139798562
M24029,22373,1362.6609384354215,138475049
M24030,6793,1337.2986674503243,134504861
M24031,10830,1358.2433311507236,136893504
M24032,39066,1390.7297606443653,146747814
M24033,12755,1286.6616806789627,123229698
M24034,14107,1323.4560844875261,130173654
M24035,180296,1359.9617521724897,137738159
M24036,27390,1326.985387621626,132249241
M24037,89074,1378.078801413125,144137131
M24038,16008,1361.2557834451216,138089740
M24039,13722,1347.1133567047657,135939538
M24040,35087,1298.5539741701186,126144770
M24041,18137,1337.723019873364,134540899
M24042,13354,1337.8742549066544,134559036
M24043,9582,1397.3266027148413,148304041
M24044,7533,1192.9076846737971,106468320
M24045,14205,1292.6824223514886,123882003
M24046,14623,1407.7835196322967,150555726
M24047,10378,1233.483634278467,112499993
M24048,5135,1201.27296667582,108129237
M24049,34432,1343.2605381898056,135662036
M24050,40602,1398.4377654054044,148518147
M24051,14989,1322.194455857015,130126540
M24052,10956,1317.7071863002325,128972539
M24053,31405,1361.67528521804,138160248
M24054,49578,1370.5923179985468,141260745
M24055,21962,1366.185331626985,140502806
M24056,13747,1310.4285206771597,128141118
M24057,28319,1371.0848837880812,141310323
M24058,18898,1261.6631503996077,116390724
M25001,359146,1601.1998902182588,220942057
M25002,43827,1560.5826410965426,191934466
M25003,37757,1511.6643139668142,177136301
M25004,27815,1556.6731696605725,191274698
M25005,17269,1513.3991655588657,177587528
M25006,745537,1538.1213403259017,183865682
M25007,29355,1490.104544727851,169180087
M25008,49471,1565.9932627056073,196157892
M25009,50438,1574.5065659365805,199819852
M25010,89515,1531.953859100603,181954090
M25011,277402,1572.0419902227618,197814935
M25012,380509,1585.279599902699,208841800
M25013,50082,1533.4040491257144,182596679
M25014,47934,1566.758219643376,196235421
M25015,73303,1547.4778800699446,187601053
M25016,26762,1530.0278601826049,181160689
M25017,85100,1535.6059554024368,183521418
M25018,145622,1565.2027823983792,195946969
M26001,2420,1513.3234570485722,177584692
M26002,61944,1407.3236174015933,150371100
M26003,25152,1523.852575351181,179490711
M26004,7253,1634.9938781329663,237195029
M26005,1484,1453.082405714265,160963362
M26006,3396,1491.2521109770933,169407302
M26007,718,1608.2341628671552,224652899
M26008,1348,1414.7200985705595,151048101
M26009,943,1469.9883234498411,165097658
M26010,1366,1376.7390960446035,143095822
M26011,1496,1464.3457233619463,163722119
M26012,21322,1596.445772355737,217525425
M26013,1484,1506.204381953925,176260134
M26014,3724,1511.2735061470523,177085240
M26015,1377,1373.7348854129445,142242494
M26016,5732,1583.8837017913359,208157269
M26017,69516,1665.0179543614017,247450270
M26018,356290,1586.5023374954687,209333746
M26019,32061,1485.5234693263724,168348909
M26020,4984,1585.1037402194866,208801741
M26021,2306,1584.0653713384788,208186178
M26022,937,1541.182562429584,185450389
M26023,6202,1466.8081440683943,164091815
M26024,825,1451.4661589503746,159361157
M26025,49987,1641.791525862627,239255892
M26026,56129,1589.792580743344,212473480
M26027,7801,1419.0003601187066,151877975
M26028,1235,1428.1438259951378,152879423
M26029,130329,1651.3639512206587,244639131
M26030,609829,1606.3948364834093,223714869
M26031,1147,1384.0173128479548,145776016
M26032,966,1425.7153318414073,152548528
M26033,76296,1595.8114010925694,217207301
M26034,1142,1509.1971231226755,176680434
M26035,9988,1542.4309202882803,185540847
M26036,24447,1556.854738572676,191302513
M26037,1584,1535.9710149361927,183628121
M26038,4187,1464.046803429794,163710872
M26039,5370,1444.3717163170447,158808623
M26040,2236,1404.3060643403014,149669143
M26041,14365,1445.7056766004623,158824976
M26042,140650,1565.0044409640068,195806319
M26043,159787,1537.3781248081784,183678175
M26044,479,1503.9834203363687,176069647
M26045,2831,1546.779896402331,187560199
M26046,402,1624.8085087411823,234427396
M26047,9236,1656.3185811988017,245957808
M26048,31157,1778.6358456549922,273225733
M26049,3335,1525.1187077894058,180116896
M26050,1591,1548.8645018815391,187933281
M26051,5432,1519.030034798463,178963767
M26052,6400,1451.8801187264098,159585216
M26053,416,1513.386542483699,177587112
M26054,279,1517.070597350011,178475085
M26055,145006,1871.4931947882853,289052648
M26056,5626,1570.9426731650146,197521014
M26057,1703,1488.2784438494198,168813034
M26058,13526,1573.48403478994,198901506
M26059,1628,1506.7361043622989,176265425
M26060,2257,1582.5937849915113,206349866
M26061,1649,1500.2627577290627,172406080
M26062,1175,1539.1769786963544,184730610
M26063,1539,1459.970206553672,162509353
M26064,1756,1615.5122583414663,228916765
M26065,1798,1596.1645796770313,217301577
M26066,9565,1542.4026144163195,185531282
M26067,1986,1418.6714078078382,151865564
M26068,1590,1516.035184290318,178186713
M26069,6069,1454.4313801050102,161475787
M26070,11278,1704.006029091296,256030818
M26071,21813,1596.9002674366996,217546747
M26072,13692,1617.7693720461561,229461139
M27001,54265,1732.4794138719506,262410332
M27002,217261,1686.7676204056347,251259672
M27003,88218,1635.1383497892039,237253712
M27004,520308,1691.9846282836681,253794839
M27005,164637,1657.9948109998702,246221125
M27006,104360,1681.1061926885984,250439229
M27007,26951,1735.6866740320934,263575183
M27008,158573,1705.586780343476,256060891
M27009,32840,1723.276590104018,260100822
M27010,68746,1670.1256075019764,248508142
M27011,27807,1691.3905855171893,252747238
M27012,133985,1721.3389520579276,259790453
M27013,80272,1671.6479753199144,249037988
M27014,70764,1644.3214441644873,239993760
M27015,41296,1737.134755253213,263749090
M27016,45834,1740.705337873584,265321397
M27017,55712,1771.311836494283,272068030
M28001,13306,1068.491988106504,79288503
M28002,27997,1180.4760750649052,102931525
M28003,127664,1233.2340549026299,112372329
M28004,8915,1250.485345472859,115174984
M28005,5183,990.969865993161,69283437
M28006,7520,1183.5350607397536,103044849
M28007,16787,853.728933090861,53653208
M28008,4537,1115.1643517214166,85417128
M28009,182325,1243.5435366418858,113854463
M28010,2333,1000.7466022698922,71705437
M28011,8570,1213.0767606010234,109461328
M28012,41455,1200.3747326128314,107991671
M28013,14499,1104.7579940763487,83492246
M28014,4366,847.6771821184975,52634283
M28015,16246,851.784856831037,53156174
M28016,24281,1087.8235058569776,81242537
M28017,13184,1171.8348795650763,101700343
M28018,8510,1055.4346098895778,77388897
M28019,17620,1167.9148323001518,100882221
M28020,2830,1063.7292578765464,77935473
M28021,112602,1226.338284957952,110965854
M28022,418141,848.3854147912646,52656125
M28023,5337,965.1120179205917,63918688
M28024,6788,857.0022995908148,53754044
M28025,25704,854.578601138271,53721610
M28026,3176,1169.0229829991338,101038116
M28027,310915,776.0270349500881,46787258
M28028,3067,1256.7780570813495,115951993
M28029,13303,1228.3647964311067,111557681
M28030,13677,1087.4236578143157,81214294
M28031,1821,1188.9010108540888,104044729
M28032,420463,853.0750210185689,53192144
M28033,104229,857.3971595186833,53760832
M28034,9577,1033.8591282116918,74554210
M28035,57412,978.1140646837326,65869073
M28036,1055,1018.0674198883436,73069055
M28037,24231,1093.802202750376,82247695
M28038,295442,1246.725340311622,114228752
M28039,27049,1225.925412265552,110929199
M28040,58573,879.9660211548218,55393538
M28041,263063,1128.8296045779077,88191400
M28042,7005,1067.0106719089267,78184551
M28043,22464,1198.9001398349335,107531514
M29001,7679,1568.9068274511196,196901902
M29002,11795,1571.4444262260859,197535657
M29003,5449,1550.0021540718797,188318070
M29004,13122,1552.2886374433601,190005461
M29005,67675,1561.0501364811578,192278947
M29006,37169,1552.2114612814187,189968292
M29007,12412,1561.3048133697107,192425715
M29008,10964,1566.6384522441558,196224457
M29009,4255,1566.9634734248098,196397718
M29010,57512,1573.251719959635,198827312
M29011,4080,1556.0963281571394,191025386
M29012,7215,1562.4194477209458,193003979
M29013,66561,1567.8946589236846,196494521
M29014,12664,1559.8134584548984,191807085
M29015,30301,1575.9495041620148,200351173
M29016,5840,1573.947765344088,198972524
M29017,8357,1587.9033487595452,210816110
M29018,28842,1570.6004722364228,197389444
M29019,14313,1582.599722809972,206352123
M29020,6937,1560.1942320943824,191872585
M29021,14605,1561.703591604576,192519375
M29022,4357,1583.2507262418662,208123179
M29023,21020,1584.70484828171,208263945
M29024,23391,1574.8915296894736,199870290
M29025,54387,1593.99562808117,216033829
M29026,12824,1567.8946713378632,196561082
M29027,10142,1591.608353072251,214439216
M29028,17067,1580.8938135502178,205045258
M29029,9006,1581.6728563569563,205252076
M29030,11226,1549.72931776749,188254811
M29031,21753,1557.5415603792098,191381775
M29032,10803,1584.572787597303,208253142
M29033,73230,1573.957367811965,198978364
M29034,33893,1539.002581634318,184628859
M29035,4735,1561.5934621030267,192514640
M29036,16682,1573.4138423378104,198884824
M29037,7959,1579.3099451519552,204401438
M29038,9294,1564.3858109213763,195554181
M29039,16857,1560.408491541792,191879522
M29040,7418,1561.715808050411,192560951
M29041,22288,1589.3093474848768,212307465
M29042,10226,1589.3732161516787,212329753
M29043,21555,1563.1020916336586,195143223
M29044,31915,1584.9497315292238,208766118
M29045,4729,1548.9403411390147,188123308
M29046,3391,1540.7794637226464,185027183
M29047,2347,1544.4297976934563,185958419
M29048,13697,1577.4240688149468,202223091
M29049,4360,1579.2176671748714,204397078
M29050,9081,1578.5650514318918,204163826
M29051,3234,1582.7059433557847,206366436
M29052,4587,1568.1277505744413,196864032
M29053,5547,1583.4480786075421,208127536
M29054,4368,1584.267447466324,208248774
M29055,2939,1556.1710928349148,191029466
M29056,5851,1578.012451833227,203481748
M29057,3676,1584.0870476148186,208188484
M29058,6997,1586.2849370031336,209326749
M29059,4883,1584.9363122125194,208761235
M29060,3184,1578.8189539461534,204231451
M30001,7514,1521.718849171478,179298128
M30002,2658,1507.1801744054726,176405696
M30003,78243,1687.173330129686,251481250
M30004,39354,1525.6532517533772,180190436
M30005,5011,1628.3535912581808,235708256
M30006,17785,1621.5350092624544,230268022
M30007,5613,1578.6954158939907,204225838
M30008,8573,1574.4783212151006,199811279
M30009,27188,1513.9139557710644,177654793
M30010,53241,1506.006219705385,176168175
M30011,49499,1598.9434908008552,218578019
M30012,7228,1636.0778599441953,237585356
M30013,26377,1340.8001758053047,134981845
M30014,36823,1602.2448906943782,221577801
M30015,32119,1616.7809589386754,229211047
M30016,23389,1537.7257822861861,183842293
M30017,3611,1547.0996145862196,187575797
M30018,1776,1613.452943862127,227869735
M30019,5381,1635.576407934815,237532673
M30020,8054,1621.0958254011978,230225463
M30021,22619,1592.5608132674718,214501148
M30022,16998,1597.667349662271,218116489
M30023,48179,1503.2953181216128,175662059
M30024,13339,1550.2739016071303,188503246
M30025,20230,1549.9319197240893,188266037
M30026,16433,1520.433213520824,179203449
M30027,16237,1402.9396403765572,149534111
M30028,135804,1564.884281004592,195670515
M30029,11072,1574.1001224171018,199800207
M30030,39308,1610.5526872019814,227378689
M30031,14628,1602.8551669563676,222969644
M30032,45383,1635.1207098991233,237202282
M30033,23839,1404.0491896667254,149637330
M30034,24729,1359.2715561673638,137654813
M30035,11268,1347.4275904568503,135953260
M30036,7301,1513.5500772411865,177604797
M30037,6876,1458.5024643679303,162424619
M30038,73536,1535.295520226748,183401538
M30039,267212,1666.2653713969128,247639476
M30040,39189,1431.0312357047706,153072985
M30041,1834,1608.7555372301772,224805824
M30042,6196,1480.902525466005,166664769
M30043,17094,1566.6086617293872,196207363
M30044,177288,1597.3024930524646,217780948
M30045,54185,1644.1596737019536,239898635
M30046,15303,1549.4990140170164,188213898
M30047,42003,1579.0100280412023,204261135
M30048,97437,1681.8791988153168,250550418
M30049,18920,1597.1842955820593,217568560
M30050,14423,1466.3583287791478,164057740
M30051,21105,1460.560048873422,162513796
M30052,10849,1609.6405424581862,224917942
M30053,23260,1603.3555025832063,223084066
M30054,11731,1651.2190037269324,244357347
M30055,12902,1372.7965940147333,141619459
M30056,6646,1372.3453691298369,141612813
M30057,12981,1501.9891837509144,174692866
M30058,58735,1393.0263658090637,147358737
M30059,14105,1678.6813680135758,250222305
M30060,14035,1341.021921009387,135008222
M30061,73077,1692.539986711982,254357692
M30062,15130,1585.5286632314962,209271100
M30063,15072,1352.0607214960073,136314103
M30064,3438,1463.8590149830802,163707434
M30065,44580,1530.6120074732867,181262214
M30066,23876,1454.4315179065366,161481856
M30067,10824,1466.669685270824,164072163
M30068,46053,1597.5752852576757,218030006
M30069,26413,1428.0217331796673,152853010
M30070,18205,1706.7764602894538,256272748
M30071,46477,1569.1849419152475,197187503
M30072,18093,1447.7565437453914,159079105
M30073,39795,1664.9398694253453,247387839
M30074,5733,1608.763865360884,224807658
M30075,17753,1605.516894282196,223631081
M30076,12956,1420.305526019519,151965979
M30077,38847,1680.1568019953677,250365890
M30078,12863,1360.1358503891154,138076877
M30079,9517,1548.804685889397,187904232
M30080,19945,1580.4205339600524,204957569
M30081,11914,1600.0516438377053,220339663
M30082,13294,1679.3303270146366,250252785
M30083,49216,1419.8638653707367,151912396
M30084,6047,1635.1283103759224,237247665
M30085,56896,1603.6493975487326,223188879
M30086,33399,1502.342187664268,174787003
M30087,390590,1525.7081346738678,180229790
M30088,4416,1546.4035945347405,187469759
M30089,37764,1685.3450626356328,251170899
M30090,9969,1572.863723744373,198349457
M30091,25424,1744.788303469494,265758819
M30092,28762,1539.9383739263617,184906839
M30093,13025,1518.155223191921,178709337
M30094,33495,1683.5643278082855,251003349
M30095,18971,1489.5331055241784,169144671
M30096,1432,1503.2445189858934,175652994
M30097,20161,1613.3890893684627,227849574
M30098,2327,1613.5552118570397,228538107
M30099,14709,1611.1472507583576,227586215
M30100,20580,1567.951231651228,196573906
M30101,28622,1597.5891914168933,218076059
M30102,119166,1470.2747684040753,165150391
M30103,10345,1464.8013074369267,163874290
M30104,15210,1657.111164763172,246140862
M30105,35171,1569.9523873433795,197354273
M30106,3807,1506.6541656806717,176261618
M30107,2582,1512.3813340823547,177404752
M30108,153001,1682.651834873584,250772044
M30109,60771,1481.9966277579615,166984019
M30110,8368,1630.7672854552247,236165698
M30111,16755,1683.25159277438,250985281
M30112,18097,1512.4583272301343,177407334
M30113,4038,1606.5862771337388,224437812
M30114,9798,1449.9902962661322,159306612
M30115,30945,1608.2326005135467,224621954
M30116,13282,1689.4421413063194,252483522
M30117,22085,1611.3863814684871,227600924
M30118,118593,1604.2964177660724,223329451
M30119,5236,1666.7761935014994,247998980
M30120,12137,1680.6305531378262,250427092
M30121,24394,1310.6221638669817,128171635
M30122,14071,1652.3228089592044,245254310
M30123,90657,1276.0779449870497,120752301
M30124,170304,1432.1674284437756,153207179
M30125,26567,1585.9675482284201,209300182
M30126,30791,1548.0919892973136,187674356
M30127,17980,1596.1219977418082,217283597
M30128,54365,1528.297926616157,181082918
M30129,17509,1365.5020788839252,140469094
M30130,49388,1703.6286099825256,255938769
M30131,152838,1425.0506896861775,152281712
M30132,14161,1517.7754232654463,178550963
M30133,50329,1253.7231747557057,115447755
M30134,18999,1543.5916654435116,185901472
M30135,14730,1608.2066066020989,224607224
M30136,5342,1521.0506678742222,179243735
M30137,4195,1623.2995838631236,231603187
M30138,39327,1606.691260100196,224441850
M30139,5684,1617.7019396739793,229455455
M30140,2214,1610.924999346639,227443300
M30141,142343,1632.0139202248463,236577933
M30142,32645,1694.7134208686778,254781392
M30143,54539,1630.9629990975143,236275704
M30144,27958,1694.6436338085143,254753434
M30145,11467,1685.5035769450026,251219179
M30146,3105,1564.2273812094377,195519862
M30147,16392,1615.445602182903,228900373
M30148,27198,1574.0166767539763,199051594
M30149,27486,1655.5295463921814,245712803
M30150,11589,1344.7889980586838,135779195
M30151,26306,1343.6614562171048,135737099
M30152,12643,1260.8223106002556,116291773
M30153,6254,1350.2415294411605,136278655
M30154,13455,1346.1214667401487,135832563
M30155,94829,1353.8633555705173,136435816
M30156,4881,1511.5246655836693,177122326
M30157,19551,1405.1983051749057,149682430
M30158,25681,1423.4887643639834,152201627
M30159,17640,1640.20905636309,238536777
M30160,102946,1387.719492989882,146352228
M30161,36359,1339.3057210558623,134798942
M30162,5900,1556.9091339860597,191326960
M30163,5603,1495.9521439252385,171621027
M30164,14900,1543.386518874814,185782872
M30165,7844,1576.7295707657102,202176006
M30166,8455,1509.2581967745673,176681576
M30167,13754,1364.912180866107,139478741
M30168,11958,1617.0644562435962,229388608
M30169,24506,1675.8634984289554,249852482
M30170,9051,1439.5009422268863,156671515
M30171,4642,1628.527231987414,235713267
M30172,19066,1693.12080148013,254487014
M30173,51006,1625.9195569086824,234825729
M30174,89382,1639.591674543952,238243538
M30175,81088,1406.917044603278,150290012
M30176,4642,1660.017888738447,246793370
M30177,8899,1512.828273304586,177498139
M30178,14946,1615.9539950477356,228987287
M30179,3624,1563.369589573847,195164778
M30180,11067,1431.5314965084594,153124425
M30181,36610,1597.683979560477,218133487
M30182,11484,1523.4848977291585,179435839
M30183,51877,1483.6252158549817,168071830
M30184,6263,1630.8632305910735,236187917
M30185,3955,1609.051215932692,224887434
M30186,6092,1582.8766097880775,206885925
M30187,4839,1509.8940537547076,176776440
M30188,14952,1562.590308518249,194674973
M30189,126616,1377.724692484772,143114171
M30190,2210,1659.0663406511098,246535511
M30191,27684,1533.6073062386265,182700601
M30192,18771,1468.2337823986818,164971817
M30193,457377,1554.2552197230943,190289867
M30194,7991,1518.0740833790476,178634633
M30195,4401,1627.2304958273326,235505169
M30196,16389,1602.157710143499,221547841
M30197,12500,1487.7722523789196,168772187
M30198,6993,1455.569372020681,162251142
M30199,8945,1686.1710175135067,251231807
M30200,12339,1571.6454609457646,197691878
M30201,39814,1623.1877056383046,231439530
M30202,12339,1419.772783292629,151890338
M30203,12607,1470.5843715474423,165301850
M30204,44100,1667.1160303050456,248059671
M30205,18446,1314.3738776285388,128583677
M30206,27218,1673.7291245820309,249409400
M30207,44215,1660.4904597784914,246834401
M30208,22858,1642.8547869655442,239611348
M30209,12488,1654.0802290571628,245337174
M30210,23461,1762.1588970213672,270569909
M31001,5230,1474.1127168995251,165506110
M31002,13166,1464.7346625006885,163852609
M31003,9413,1525.4757043240372,180181023
M31004,5095,1435.4324362376021,155982366
M31005,1974,1454.1668701738386,161473813
M31006,7959,1448.9013931200018,159179874
M31007,6286,1454.8885677647395,162149151
M31008,3916,1493.0020428050782,169646231
M31009,4743,1441.4451353583563,157033118
M31010,2085,1513.8821831180644,177652708
M31011,6065,1428.8653363754934,152935620
M31012,3445,1480.7537455258873,166654186
M31013,7620,1434.8045417896972,155888282
M31014,1313,1526.407205954916,180620380
M31015,4387,1476.7958876213993,165785404
M31016,2369,1546.9579986178414,187573428
M31017,4016,1525.123554245341,180120231
M31018,2800,1501.4294384819743,173776894
M31019,25085,1540.219379638547,185002098
M31020,3503,1428.3598056726432,152906138
M31021,6561,1530.7553479965627,181323365
M31022,3511,1550.3361500305168,188516585
M31023,4057,1458.1579894491344,162420562
M31024,2868,1510.0433758101276,176794548
M31025,4316,1508.6147090970571,176599076
M31026,3150,1428.1873625393603,152880658
M31027,7877,1434.5391026786338,155873161
M31028,2414,1425.3786823284545,152546114
M31029,5854,1435.4498269093888,155990522
M31030,3413,1496.7642611900728,171636836
M31031,2723,1452.6384182922259,159752070
M31032,12666,1488.2026513875387,168800368
M31033,16864,1479.2081835720296,166487554
M31034,5312,1471.606317336178,165348714
M31035,5477,1468.0908128612416,164966340
M31036,6112,1478.1828834467844,166167024
M31037,4227,1484.0607101213361,168236654
M31038,25979,1428.7890219209103,152909641
M31039,3226,1427.9341997132701,152849784
M31040,23006,1468.0181318343762,164914498
M31041,39191,1448.3459447085074,159113688
M31042,5130,1481.4274716060584,166855900
M31043,2248,1523.808202986987,179488463
M31044,5534,1436.8784033820407,156575743
M31045,2184,1466.8068936524212,164089631
M31046,2720,1502.6819823735318,174888044
M31047,4664,1511.3263001403282,177088964
M31048,18804,1470.4082956223058,165283046
M31049,2484,1508.9832889595534,176677950
M31050,705055,1442.334661177201,157213253
M31051,2684,1433.9092743079236,155737002
M31052,29485,1441.125427389609,156963149
M31053,11449,1490.0771029924567,169168638
M31054,2537,1444.9383784100146,158822439
M31055,5279,1478.5205348889895,166173136
M31056,25483,1519.1389510787105,178969199
M31057,7802,1460.8826663892432,162552665
M31058,21284,1555.3016731538103,190841552
M31059,48797,1407.7022966929978,150506929
M31060,993,1489.5407737347348,169163642
M31061,3061,1435.448163561039,155987461
M31062,3909,1493.103135053748,169650147
M31063,4354,1441.9509177459313,157057804
M31064,1452,1477.3987679794805,165929022
M31065,1838,1435.2554969749635,155933561
M31066,3489,1509.2674793194137,176690031
M31067,8275,1464.8489969771042,163884635
M31068,3039,1431.2824323496081,153118477
M31069,7633,1503.2570347916142,175654426
M31070,3874,1473.4344616881594,165426403
M31071,1527,1475.5214628643705,165567270
M31072,1847,1447.0479025462148,159027929
M31073,3193,1546.52400190235,187493869
M31074,3505,1465.095645139938,164024672
M31075,4866,1513.6256003556127,177612098
M31076,14380,1471.1220221899623,165314457
M31077,2310,1462.3063648402758,163611902
M31078,3889,1456.4986849961228,162387158
M31079,34802,1534.221300652568,182959942
M31080,8464,1498.1014004047515,171984874
M31081,2660,1531.8263999288881,181945543
M31082,3302,1430.3826011020008,153027719
M31083,1594,1416.369946148202,151425600
M31084,6396,1448.4619429708432,159152879
M31085,12274,1513.7068941247885,177616964
M31086,2126,1455.0824228761885,162155437
M31087,4201,1432.4324578457679,155454319
M31088,1926,1453.7442259235468,161347887
M31089,32776,1505.4817682448108,176114366
M31090,5883,1462.5660162379172,163614212
M31091,9533,1509.7138072785729,176718409
M31092,5289,1538.1759642321942,184611219
M31093,15281,1446.76803290637,158893277
M31094,4012,1537.080521289274,183674163
M31095,4840,1447.7746896218644,159097198
M31096,64104,1481.6397316930743,166861030
M31097,3528,1481.298263577076,166717492
M31098,12577,1556.3304929265582,191262121
M31099,2976,1517.8392512814598,178565124
M31100,2909,1431.4261563275006,153121516
M31101,49145,1446.839150539031,158908558
M31102,56776,1525.3290107183914,180124247
M31103,2824,1472.0119960981306,165363639
M31104,13243,1514.9492937187663,177860111
M31105,2371,1439.616876948263,156811366
M31106,2067,1433.0952857243421,155731891
M32001,7371,1535.0208647653867,183167513
M32002,4976,1521.9216262746497,179305642
M32003,3199,1523.585856934693,179447323
M32004,4368,1556.917705650648,191332860
M32005,31897,1374.1241313998737,142255741
M32006,8522,1314.6819667310544,128725258
M32007,11728,1147.7547876334745,92808577
M32008,10824,1402.449105489767,149503794
M32009,11927,1396.21046633479,148216997
M32010,183236,1362.3996160054833,138272123
M32011,3547,1579.7594351556777,204881216
M32012,7974,1404.1989364544183,149661169
M32013,5486,1372.0595863375565,141561060
M32014,23112,1297.0759707843804,125820019
M32015,2018,1490.8911768153955,169300407
M32016,21689,1369.1933801269392,141228563
M32017,109066,1383.0503353586598,145403618
M32018,5254,1499.848413792832,172400826
M32019,23470,1513.7296794600525,177629238
M32020,54757,1418.217962919967,151679898
M32021,5235,1410.404851183099,150703441
M32022,19387,1294.3434963722023,125481173
M32023,12669,1542.1700621088344,185465717
M32024,39921,1400.8322413807502,149421863
M32025,11418,1398.7200736503205,148566024
M32026,17860,1152.9766795386283,93653163
M32027,2720,1140.1402418523653,92006353
M32028,3004,1573.6813857191985,198969520
M32029,21671,1297.4708152870598,126081734
M32030,2916,1504.1572267111305,176085427
M32031,9702,1482.5382743843084,167966930
M32032,9755,1377.0040662775812,143104416
M32033,5704,1558.7355761871775,191487855
M32034,29282,1532.7795838472432,182272454
M32035,13814,1380.359885354713,145068187
M32036,38219,1385.6709369946814,145814085
M32037,13985,1371.9994043815461,141547075
M32038,64415,1378.1684216341232,144226205
M32039,59330,1313.432255803596,128457069
M32040,20775,1347.9143136364175,136108550
M32041,3101,1127.2146467494522,87864197
M32042,61652,1367.022122666577,140556059
M32043,1346,1427.8592698974676,152848438
M32044,15681,1488.000938060256,168784687
M32045,8972,1528.4281117422397,181137283
M32046,8446,1444.4900192003745,158813993
M32047,9174,1555.6051830434976,190953932
M32048,23456,1516.8800270319484,178451629
M32049,35048,1440.1804504918641,156860392
M32050,7228,1377.0033173201589,143097188
M32051,32125,1322.6584714479106,130141529
M32052,14443,1409.8115555612699,150664251
M32053,11870,1374.0582663633884,142243871
M32054,15746,1379.0708322187402,144603949
M32055,32140,1439.959331764485,156828252
M32056,123899,1383.7708875192677,145645850
M32057,13080,1376.2310700471603,143053296
U01001,43671,758.4170074923878,45948625
U01003,140415,713.87971285647,40848672
U01005,29038,885.5101554889234,55600704
U01007,20826,708.7595776215161,40551389
U01009,51024,762.6568050410071,46060411
U01011,11714,851.8105890434374,53172420
U01013,21399,770.5433031983827,46634836
U01015,112249,829.7936563555708,51595923
U01017,36583,871.0594496019208,54887010
U01019,23988,847.38641576652,52610295
U01021,39593,747.2328193267213,45153552
U01023,15922,620.3985765631097,34102367
U01025,27867,668.2770571453581,37729524
U01027,14254,825.4820236373971,51247406
U01029,14123,857.7207896787068,53865061
U01031,43615,843.8179734411852,52305595
U01033,54984,663.4332986044072,37227015
U01035,14089,751.4806698530465,45399808
U01037,12202,791.6227141163099,48143482
U01039,37631,806.8211282268688,49413625
U01041,13665,804.4162441591286,49083766
U01043,77483,736.6875863460269,44286638
U01045,49129,877.8007984287827,55337758
U01047,46365,717.8870477420111,41126071
U01049,64452,838.4021601475042,51969814
U01051,65874,804.3356148069543,49017892
U01053,38440,746.0026343164316,45115112
U01055,103459,812.2698081483645,49756357
U01057,18495,651.3972130859718,35694741
U01059,31223,653.5552737672767,35714642
U01061,25764,868.6249166434853,54458810
U01063,9974,632.0240316530417,34503657
U01065,17185,664.6842640475833,37281999
U01067,16310,909.4080593663259,57262243
U01069,88787,914.5801297765289,57526306
U01071,53926,828.0085331989036,51541997
U01073,662047,729.5284273314272,42820152
U01075,15904,620.967453624231,34128986
U01077,87966,682.2459151637479,38697434
U01079,34803,702.2986372400504,40186249
U01081,115092,877.7962768889124,55222666
U01083,65676,739.1348739219417,44383001
U01085,13473,764.3646065962078,46116235
U01087,24105,849.1293224474251,53096711
U01089,276700,776.5319188802026,47221197
U01091,22539,656.7613011908252,36754074
U01093,31214,644.3589561674469,35296525
U01095,82231,789.0815483957733,48019298
U01097,399843,673.5814759599114,37960508
U01099,24324,711.130086272968,40750055
U01101,223510,804.7367958675346,49097431
U01103,111064,743.7520965172237,44827673
U01105,11861,696.6474980754183,39959291
U01107,20949,617.6591693503627,34008165
U01109,29605,837.5674205250392,51900923
U01111,22380,862.4126709757721,54047448
U01113,49756,897.7278716517817,56075993
U01115,64742,783.9311757899333,47895131
U01117,143293,749.6161694279665,45220300
U01119,14798,612.8726346290067,33788395
U01121,80321,796.1696926441488,48227950
U01123,41475,833.5136824239596,51782972
U01125,164875,671.0276539954527,37762742
U01127,70713,693.4602012664267,39772534
U01129,18097,642.7486302733994,35222517
U01131,13183,707.5231210000654,40525445
U01133,24843,691.8151787250154,39707800
U02013,2697,5636.311992307864,407679016
U02016,5465,6979.28319916963,407697937
U02020,260283,4952.972819037265,407248761
U02050,16006,5528.17327794123,407655802
U02060,1258,5337.0005285587595,407642237
U02068,1893,5058.994150968896,407568366
U02070,4922,5436.269133107522,407650880
U02090,82840,4933.871406273538,407165921
U02100,2392,4162.570407982593,407091334
U02110,30711,4054.495059434018,407051788
U02122,49691,5097.171749317133,407570259
U02130,14070,3742.9386052153964,406607527
U02150,13913,5129.7640935872205,407619950
U02164,1823,5316.865215219462,407640414
U02170,59322,4986.490723122889,407509044
U02180,9196,5752.910021161649,407688741
U02185,7385,5381.710302443046,407643495
U02188,7208,5587.081312405995,407671808
U02201,6146,3796.540950329576,406967627
U02220,8835,4058.761218141495,407082499
U02232,3436,4166.564323066405,407093726
U02240,6174,4748.620935018958,407159747
U02261,10195,4739.210889354488,407149552
U02270,7028,5694.337844378881,407681713
U02280,6684,3924.876752456963,407040288
U02282,808,4443.337197044503,407140208
U02290,6551,5179.556995385565,407633863
U04001,69423,1379.1463249867566,144619695
U04003,117755,1414.7567619477725,151049449
U04005,116320,1589.4406786645714,212339979
U04007,51335,1492.694818007134,169571586
U04009,33489,1411.5244618998279,150773781
U04011,8547,1349.91064596192,136262654
U04012,19715,1791.1174085997645,278047682
U04013,3072149,1650.9698868339256,241269827
U04015,155032,1766.021953861657,271771890
U04017,97470,1453.8144722036468,161349813
U04019,843746,1599.4593679967643,219367198
U04021,179727,1550.1076686107538,188323519
U04023,38381,1523.4139127072942,179397458
U04025,167517,1654.1593093065176,245393106
U04027,160026,1788.1923120259494,276923200
U05001,20749,336.71959053259155,11832065
U05003,24209,275.66387186420997,8825669
U05005,38386,414.78316464379645,20755077
U05007,153406,360.9257103667775,13513137
U05009,33948,385.396272669465,18806637
U05011,12600,241.4138286262397,6352238
U05013,5744,211.88411229188554,5415223
U05015,25357,374.43418260658484,18425770
U05017,14117,320.07653738691835,10851430
U05019,23546,177.82178120859967,2526511
U05021,17609,534.7822801256366,27989578
U05023,24046,366.62729860999184,14591759
U05025,8571,251.13776508508963,7879542
U05027,25603,140.50137308635254,1493713
U05029,20336,304.03464336512616,10237627
U05031,82148,481.9834065955,25143013
U05033,53247,278.08890364874446,8867649
U05035,50866,468.4391881067909,24424322
U05037,19526,437.02791828293795,22516005
U05039,9210,214.5953233178809,5474973
U05041,15341,333.0607586316954,11570227
U05043,18723,284.3736236519353,8920896
U05045,86014,316.32447052739406,10712588
U05047,17771,277.1272968959576,8849878
U05049,11642,450.3579127459582,23501538
U05051,88068,218.81179669527234,5529294
U05053,16464,250.12462438473167,7854247
U05055,37331,506.88261134423504,27200757
U05057,23587,120.08164466925412,1242675
U05059,30353,212.4053002996138,5420967
U05061,14300,127.53641427767809,1406340
U05063,34233,411.8395698589571,20629367
U05065,13249,419.8278292893347,21006043
U05067,18418,424.0499525843022,21169618
U05069,84278,289.5556104195568,9576559
U05071,22781,296.9404910064963,9934632
U05073,8559,105.15037885938007,1015519
U05075,17774,465.05140073695264,24339117
U05077,12580,408.8520024736879,19821032
U05079,14492,293.7663027411012,9892930
U05081,13628,79.83347691006605,471616
U05083,22486,251.63396950874747,8035363
U05085,52828,318.9933827413774,10798602
U05087,14243,335.0656904521345,11817822
U05089,16140,397.4896519305697,19477305
U05091,40443,80.03248289134996,485244
U05093,51979,520.6031172581554,27542275
U05095,10254,369.1778232877231,18286377
U05097,9245,187.06462951311008,2608478
U05099,9955,145.90276865629582,1592593
U05101,8608,340.3755769895493,11893568
U05103,28790,180.06367572552082,2565809
U05105,10209,262.84462639463334,8390940
U05107,26445,387.3949760816178,19250311
U05109,11303,152.61353709678932,1674701
U05111,25614,461.2396354893693,24035536
U05113,20229,159.71654195340076,1837288
U05115,54469,303.4297765502731,10183158
U05117,9539,349.2186795290355,12752561
U05119,361474,289.18620077062053,9112308
U05121,18195,493.109714880531,25692849
U05123,29329,423.8194037332557,21140289
U05125,83529,255.15408627273163,8092992
U05127,10996,203.35312346291246,5148226
U05129,8261,362.20195754282815,13673157
U05131,115071,235.19303472783233,6172118
U05133,15757,107.63670853193312,1024078
U05135,17119,452.2790470808876,23625274
U05137,11499,386.40623867748576,19215222
U05139,45629,198.75404346806272,4995326
U05141,16192,341.5205749548387,11941795
U05143,157715,320.9844146672949,10874310
U05145,67165,362.8013579437451,13681418
U05147,8741,395.12682487269007,19468564
U05149,21139,242.16524739679846,7811057
U06001,1443741,2506.7528193649746,382000189
U06003,1208,2332.7385984602097,369797866
U06005,35100,2404.2653574986157,373873125
U06007,203171,2502.976869042887,381697557
U06009,40554,2392.7049827097626,373161421
U06011,18804,2549.931679685005,387385016
U06013,948816,2512.0409744611416,383709403
U06015,27507,2739.9085250472485,394846731
U06017,156299,2398.444251582262,373270675
U06019,799407,2301.6827709599675,366455924
U06021,26453,2569.8300797722873,388056138
U06023,126518,2715.552105247261,393568138
U06025,142361,1919.106164946886,300136705
U06027,17945,2099.893128178384,334291636
U06029,661645,2215.3464482271415,354762387
U06031,129461,2313.668750603829,368386262
U06033,58309,2592.55152601304,388541556
U06035,33828,2442.4786864571165,375684813
U06037,9519338,2177.0664095171715,343514227
U06039,123109,2312.9726704131444,367573346
U06041,247289,2582.5240308118555,388165734
U06043,17130,2330.314456493512,369479680
U06045,86265,2656.219942473368,391221881
U06047,210554,2398.905078733108,373426974
U06049,9449,2471.4450370230447,378387170
U06051,12853,2243.187722386634,357445325
U06053,401762,2448.568822321702,375870109
U06055,124279,2549.8528367208573,387260737
U06057,92033,2426.5896280844177,375448693
U06059,2846289,2136.606077599469,338711582
U06061,248399,2418.626947903622,374402365
U06063,20824,2443.7214739198016,375745492
U06065,1545387,1972.3753276488821,305625991
U06067,1223499,2463.8128609657424,377120424
U06069,53234,2428.5772289230013,375559563
U06071,1709434,1983.927981436508,309397008
U06073,2813833,2051.0332580184613,325802785
U06075,776733,2605.5697940448176,389204137
U06077,563598,2452.734645487866,376429575
U06079,246681,2371.087061573623,372390798
U06081,707161,2545.7918722975687,386553576
U06083,399347,2337.655378421403,370699487
U06085,1682585,2484.6798514646575,378604482
U06087,255602,2511.8798668815803,383453801
U06089,163256,2560.163616179256,387676615
U06091,3555,2410.0317496443704,374382948
U06093,44301,2618.444074755513,390269187
U06095,394542,2513.9773782145157,384658219
U06097,458614,2603.78157295086,388670825
U06099,446997,2426.0711840071685,375001696
U06101,78930,2502.2200960508026,381618627
U06103,56039,2563.9114148176996,387958118
U06105,13022,2646.924326251439,390805009
U06107,368021,2221.1545935812405,355659205
U06109,54501,2339.4318726938727,371098834
U06111,753197,2255.914579170686,360532076
U06113,168660,2515.087356732425,385052761
U06115,60219,2474.867724032579,378500006
U08001,363857,1139.7821507254257,91635431
U08003,14966,1117.709485546996,85527640
U08005,487967,1124.1253494310668,86861539
U08007,9898,1207.75926677507,108670751
U08009,4517,847.976636828208,52645607
U08011,5998,925.5094793397689,59236807
U08013,291288,1227.097798437941,111130993
U08015,16242,1215.0732451661293,109813614
U08017,2231,951.6079437015355,61309178
U08019,9322,1220.5947927373556,110515417
U08021,8400,1135.0676276919733,90293407
U08023,3663,1075.975641817099,79758561
U08025,5518,1001.2292413671137,71738532
U08027,3503,1109.638631691902,83908353
U08029,27834,1341.779946897836,135353441
U08031,554636,1169.5981760733946,101041292
U08033,1844,1350.8134464871855,136284909
U08035,175766,1145.0295887060083,92338639
U08037,41659,1291.46350483964,123742351
U08039,19872,1087.1737225803404,81194422
U08041,516929,1085.7422616959104,80601079
U08043,46145,1131.5649009131168,88521041
U08045,43791,1381.1031953640704,145292940
U08047,4757,1221.1998835913178,110524739
U08049,12442,1277.5515158330684,120998494
U08051,13956,1270.8900189630108,119261743
U08053,790,1258.1212178636056,116061043
U08055,7862,1056.7070699283474,77476692
U08057,1577,1328.0514238060084,132496630
U08059,527056,1183.9568390444433,103052369
U08061,1622,931.3310370827691,59500591
U08063,8011,985.5946418180768,67754658
U08065,7812,1242.2486185453367,113846651
U08067,43941,1277.125422135217,120899795
U08069,251494,1270.7367180796964,119010249
U08071,15207,966.0848578933494,63954119
U08073,6087,1023.888285815248,73368146
U08075,20504,1125.5123631374322,87371158
U08077,116255,1396.0880316076575,148041255
U08079,831,1214.7006603301563,109812783
U08081,13184,1455.5061943096227,162219308
U08083,23830,1342.771239719049,135538857
U08085,33432,1354.1011087682357,136642534
U08087,27171,1133.2720699501103,88598076
U08089,20311,970.8365523280879,64065292
U08091,3742,1303.0854214049125,127457814
U08093,14523,1190.3147899331088,104662125
U08095,4480,1071.950914364502,79582961
U08097,14872,1285.7321008807778,122182982
U08099,14483,877.4203420182038,55189619
U08101,141472,1045.0911713334824,75983748
U08103,5986,1422.451010779727,152180461
U08105,12413,1168.6631282832973,100944891
U08107,19690,1362.5513556603264,138455359
U08109,5917,1175.4020125947975,102264227
U08111,558,1280.5815754230218,121151889
U08113,6594,1351.7010027702195,136307509
U08115,2747,1095.7622521858925,82541909
U08117,23548,1250.1761657206132,114935422
U08119,20555,1136.5268052565623,91443606
U08121,4926,1073.414993739474,79694399
U08123,180936,1191.4922610484982,104939014
U08125,9841,1027.9989757774174,73625668
U09001,882567,2089.961367139921,333094357
U09003,857183,2160.8413958290557,342270344
U09005,182193,2121.084700377529,335738560
U09007,155071,2163.986065925428,343127527
U09009,824008,2131.235170473146,336398483
U09011,259088,2198.866793888707,354264962
U09013,136364,2193.417086695043,354101786
U09015,109091,2219.7272448338354,355550114
U10001,126697,1847.0196968318082,285700197
U10003,500265,1850.0539580779036,286142973
U10005,156638,1849.4850127863615,285958287
U11001,572059,1715.258473568846,258268909
U12001,217955,1234.6686706471767,112566842
U12003,22259,1215.424079914878,109829856
U12005,148217,918.5747039388802,57829821
U12007,26088,1241.3389264982236,113793585
U12009,476230,1443.3234353773876,157940318
U12011,1623018,1576.231315141637,200512760
U12013,13017,950.915531866001,61272306
U12015,141627,1412.997400681997,150899198
U12017,118085,1256.2683344264317,115733087
U12019,140814,1267.892460931748,117129617
U12021,251377,1503.8221746310808,175774983
U12023,56513,1189.8085315021885,104605612
U12027,32209,1405.468118184762,149701981
U12029,13827,1163.404229578214,100561148
U12031,778879,1274.8878880634172,119694716
U12033,294410,751.6228612887161,45413897
U12035,49832,1339.348777751547,134835301
U12037,11057,1010.9810935728257,72491033
U12039,45087,996.3327283381616,70569457
U12041,14437,1193.2631226908372,106498158
U12043,10576,1471.2225936026227,165328837
U12045,13332,966.2860457916503,63975709
U12047,13327,1150.5075124530094,93305796
U12049,26938,1387.0990235227503,146265932
U12051,36210,1498.840409283027,172335598
U12053,130802,1274.9105458656043,120473595
U12055,87366,1436.5775617396298,156488377
U12057,998948,1319.1723634744064,129048606
U12059,18564,877.4292506756997,55204102
U12061,112947,1483.8791898634645,168123707
U12063,46755,934.7386933009316,59622110
U12065,12902,1067.3371518349525,79052010
U12067,7022,1148.160585491932,92828214
U12069,210528,1331.8154090972482,133470224
U12071,440888,1436.271792600797,156028088
U12073,239452,1031.0335848775396,73928405
U12075,34450,1213.0835983550755,109568766
U12077,7021,985.5815650999868,67747637
U12079,18733,1104.7031293583432,83473513
U12081,264002,1341.4214650866863,135022257
U12083,258916,1282.6695430939506,121225480
U12085,126731,1532.0821699517326,182043605
U12086,2253362,1610.2379339616673,225120060
U12087,79589,1552.7755680378586,190042356
U12089,57663,1255.4543504464768,115561045
U12091,170498,815.0892101689631,49903079
U12093,35910,1473.2633539645303,165390493
U12095,896344,1377.9465421504347,143240787
U12097,172493,1416.3150911089906,151253107
U12099,1131184,1552.0749152350236,188837108
U12101,344765,1289.1332775279857,123379263
U12103,921482,1285.9776169277766,122207858
U12105,483924,1373.4312116241317,141632361
U12107,70423,1293.0599985646932,123896208
U12109,123135,1314.58290336104,128602123
U12111,192695,1511.983741207813,177212057
U12113,117743,776.2470565770456,47103454
U12115,325957,1358.6563115548925,137287974
U12117,365196,1386.7697469568818,145859635
U12119,53345,1302.0901070527902,127369571
U12121,34844,1157.3920912896376,94572700
U12123,19256,1107.6675635239262,83635070
U12125,13442,1219.1768167936016,110403175
U12127,443343,1367.847717849757,140624249
U12129,22863,1034.6038733434402,74763325
U12131,40601,853.7076569868752,53612607
U12133,20973,900.8378792822739,56440803
U13001,17419,1177.3230136112034,102491427
U13003,7609,1132.5123767815578,88574446
U13005,10103,1172.074800035654,101713527
U13007,4074,987.0344114864796,67799760
U13009,44700,1068.9469464351907,79301809
U13011,14422,1047.5476419984766,76264047
U13013,46144,1025.5330065504343,73524836
U13015,76019,923.8357668892886,59075202
U13017,17484,1097.694849246622,82568915
U13019,16235,1101.0165058067037,82787901
U13021,153887,1030.1268701633205,73735818
U13023,11666,1068.2650603484883,79251402
U13025,14629,1218.481323710076,110278886
U13027,16450,1080.9478021248876,80396133
U13029,23417,1251.1932806133507,115213670
U13031,55983,1216.774368585078,109989163
U13033,22243,1185.3491617404336,103692107
U13035,19522,1002.3887051380084,71822324
U13037,6320,965.8743094136197,63944688
U13039,43664,1258.0944773038839,116017379
U13043,9577,1186.1057783146523,103781006
U13045,87268,897.8640324091565,56125749
U13047,53282,906.1641781159367,57092080
U13049,10282,1215.679792736396,109876849
U13051,232048,1284.2453041159888,121509980
U13053,14882,933.9390483577226,59554730
U13055,25470,880.299615934306,55463882
U13057,141903,957.1357505109603,62498387
U13059,101489,1057.189365347045,77519948
U13061,3357,929.5821383688735,59480226
U13063,236517,959.7074658064178,63095622
U13065,6878,1159.7765013167436,100067429
U13067,607751,945.8431128777804,60629258
U13069,37413,1130.0110108686672,88483628
U13071,42053,1053.727339603151,77323636
U13073,89288,1160.0825379731743,100091354
U13075,15771,1086.0848454888142,81151874
U13077,89215,927.5161503944356,59373566
U13079,12495,1004.5804347748604,72125542
U13081,21996,1037.8156238812744,75043862
U13083,15154,872.114484053152,54930775
U13085,15999,986.7221667397991,67783761
U13087,28240,989.1648013291993,69099724
U13089,665865,977.2892583544605,65203208
U13091,19171,1088.7678782606372,81276749
U13093,11525,1028.392688725724,73655453
U13095,96065,1003.5684324270813,71866603
U13097,92174,927.2081567748754,59281392
U13099,12354,945.3573711793267,60551322
U13101,3754,1153.8944538483336,93886202
U13103,37535,1254.537868658659,115498084
U13105,20511,1106.2315409733953,83526105
U13107,21837,1162.380850411449,100276942
U13109,10495,1207.0811267612767,108660256
U13111,19798,979.2195100143515,66003540
U13113,91263,952.3093058924975,61329829
U13115,90565,889.6939034334318,55844910
U13117,98407,988.8586601475223,69001317
U13119,20285,1072.5638506281964,79587441
U13121,816006,954.9892518844675,61486387
U13123,23456,964.3419699106255,63858019
U13125,2556,1128.251640571404,88140952
U13127,67568,1263.13256082058,116440435
U13129,44104,923.673433648847,59031098
U13131,23659,1019.6159326384832,73091153
U13133,14406,1075.1708059520092,79744155
U13135,588448,996.7552675221198,70614544
U13137,35902,1047.8726002254823,76278469
U13139,139277,1017.9399707706494,72929778
U13141,10076,1091.4699528578433,81981165
U13143,25690,885.5449885852672,55629742
U13145,23695,917.4101967484146,57714175
U13147,22997,1096.5336214126785,82545918
U13149,11012,892.5886310428085,56014907
U13151,119341,983.7591609439969,66880943
U13153,110765,1037.098728008976,74884443
U13155,9931,1088.6842249432268,81266818
U13157,41589,1039.8411597381744,75609477
U13159,11426,1027.4170703009088,73614242
U13161,12684,1143.6263559863094,92266998
U13163,17266,1146.8203315280014,92554494
U13165,8575,1190.7038954256636,104676648
U13167,8560,1127.5538522990366,87900500
U13169,23639,1040.6571974033116,75688695
U13171,15912,985.908150298174,67762669
U13173,7241,1123.081762282299,86722409
U13175,44874,1106.6199452391538,83546616
U13177,24757,1003.2925553489843,71841846
U13179,61610,1253.324394402545,115351236
U13181,8348,1141.6812148266326,92076253
U13183,10304,1227.9827560704591,111547377
U13185,92115,1110.2743581841773,83916714
U13187,21016,1004.071334150637,72083399
U13189,21231,1139.6675939788274,91614200
U13191,10847,1268.3637504952287,117291817
U13193,14074,1002.1531290372386,71808250
U13195,25730,1073.047496778944,79643788
U13197,7144,957.8067408866922,62675228
U13199,22534,938.1023057241248,59790603
U13201,6383,966.2396922153076,63969326
U13205,23932,1013.7242942266907,72678520
U13207,21757,1007.1120915928908,72192795
U13209,8270,1146.6215986362379,92546224
U13211,15457,1045.0269015148326,75968291
U13213,36506,940.3125509930907,59866701
U13215,186291,923.5180254641305,58844807
U13217,62001,1011.4182171690762,72502090
U13219,26225,1050.3179078951475,77141385
U13221,12635,1083.9744011018788,80567785
U13223,81678,918.7500463211964,58481297
U13225,23668,1019.8814014108539,73186142
U13227,22983,957.9538864514773,62682372
U13229,15636,1193.4745975315739,106512595
U13231,13688,963.484874939026,63757504
U13233,38127,889.7660570362002,55935475
U13235,9588,1057.2196083469696,77621437
U13237,18812,1056.7602837965849,77501136
U13239,2598,922.4023934195233,58799858
U13241,15050,1062.1717658117966,77781544
U13243,7791,948.4021813549723,61264515
U13245,199775,1177.0287076930786,102286325
U13247,70111,995.5733233068777,70272320
U13249,3766,978.5658596117128,65987721
U13251,15374,1224.1756516558237,110700726
U13253,9369,960.8972742422433,63568879
U13255,58417,972.0153779054439,64369100
U13257,25435,1068.4768518580615,79263068
U13259,5252,934.2750507822848,59591363
U13261,33200,993.4459033877224,69366169
U13263,6498,953.3185378158774,61450793
U13265,2077,1102.2427475384982,83328691
U13267,22305,1192.951765853052,106475853
U13269,8815,981.0181415304257,66182955
U13271,11794,1114.245361242724,85403236
U13273,10970,977.0562931508857,65192238
U13275,42737,1049.689320763685,77015483
U13277,38407,1069.1601445967722,79346509
U13279,26067,1166.112996245094,100733738
U13281,9319,1032.8564516236108,74413376
U13283,6854,1139.4947930073608,91596261
U13285,58779,904.0848570769747,56584151
U13287,9504,1053.520410166672,77314132
U13289,10590,1056.6029036237007,77466102
U13291,17289,1008.5339983455617,72346238
U13293,27597,973.7615046569358,64652792
U13295,61053,888.0352779968445,55723002
U13297,60687,1022.8044768530985,73267781
U13299,35483,1181.8794180273123,102969243
U13301,6336,1119.9195022860722,86223342
U13303,21176,1112.149544709361,84052608
U13305,26565,1216.557692386685,109943072
U13307,2390,960.9457317240684,63578248
U13309,6179,1128.5593176728294,88143508
U13311,19944,1028.2094453487346,73635509
U13313,83525,919.5865218610473,58566474
U13315,8577,1066.1483138687772,78099888
U13317,10687,1113.9745563462443,85390793
U13319,10220,1078.4729032847815,80218502
U13321,21967,1036.8564443127418,74862476
U16001,300904,2192.096509429509,353800882
U16003,3476,2275.634974303419,362533582
U16005,75565,1862.9101991535938,288164969
U16007,6411,1776.2587158812544,272798988
U16009,9171,2419.358370925865,374650764
U16011,41735,1903.7783551404561,297148178
U16013,18991,2023.4687161357838,318477089
U16015,6670,2179.482194984598,353033565
U16017,36835,2484.587039451418,378567647
U16019,82522,1860.3139802090805,288055874
U16021,9871,2509.8912524527946,383443930
U16023,2899,1984.323192406564,311132536
U16025,991,2087.9214230674224,333038293
U16027,131441,2234.213994177747,356210611
U16029,7304,1819.5746340944052,282200992
U16031,21416,1942.6626809251707,303741559
U16033,1022,1963.8198713653276,305147651
U16035,8930,2323.920604917046,369349801
U16037,4342,2091.511740419011,333976924
U16039,29130,2132.919337989498,337262112
U16041,11329,1805.935614423988,280275802
U16043,11819,1901.6794248693334,297077524
U16045,15181,2232.2110011926516,356195430
U16047,14155,2065.2225210462857,331107464
U16049,15511,2262.9602988801726,361570428
U16051,19155,1931.6111011420553,302155018
U16053,18342,2010.615635753743,314415289
U16055,108685,2450.9862741200695,376316826
U16057,34935,2402.0562421204163,373826890
U16059,7806,2104.1661344553945,334681356
U16061,3747,2348.4271272721116,371414648
U16063,4044,2017.0088695568115,315118863
U16065,27467,1886.4132379757573,294446276
U16067,20174,1973.1587401562886,307682294
U16069,37410,2376.252643970999,372705746
U16071,4125,1857.3811750968,287878509
U16073,10644,2146.801832367866,341845362
U16075,20578,2254.7002967833346,358667909
U16077,7538,1907.178414837967,298984477
U16079,13771,2380.044178129827,372743156
U16081,5999,1854.927233162192,287386011
U16083,64284,2024.8331527257837,319380198
U16085,7651,2214.4653412905186,354754736
U16087,9977,2279.5704849055764,362567778
U17001,68277,826.6627802235668,51381588
U17003,9590,666.2729690920753,37514035
U17005,17633,798.9153059376551,48325080
U17007,41786,1147.2371624139118,92690529
U17009,6950,840.2022286677874,52039323
U17011,35503,1029.7015477340688,73700315
U17013,5084,765.1851378064625,46185367
U17015,16674,1080.599395110474,80368143
U17017,13695,860.8885535252767,53926385
U17019,179669,974.2203152986019,64680389
U17021,35372,865.6145709745768,54161074
U17023,17008,929.8437468670838,59483583
U17025,14560,841.4923153715802,52062275
U17027,35535,775.4634834172336,46751723
U17029,53196,919.6433861901696,58649999
U17031,5376741,1158.3974275760074,94659446
U17033,20452,906.0863568078506,57071628
U17035,11253,898.5701863912286,56398914
U17037,88969,1108.3864840768374,83698038
U17039,16798,941.898904214043,59960878
U17041,19922,940.7904016618475,59903207
U17043,904161,1134.0886878529236,89198427
U17045,19704,960.4822606429776,63539541
U17047,6971,842.9977961704459,52296093
U17049,34264,859.6073511638665,53892121
U17051,21802,831.6763162639287,51753001
U17053,14241,1012.8039249211162,72610073
U17055,39018,754.6692609375805,45811817
U17057,38250,911.0569663188486,57393259
U17059,6445,783.8748927960224,47888686
U17061,14761,795.616758888795,48213189
U17063,37535,1067.6831902494428,79064912
U17065,8621,786.4318564768286,47979836
U17067,20121,870.5310475042227,54866889
U17069,4800,763.8313528546797,46111435
U17071,8213,920.0084279232245,58723531
U17073,51020,1001.9392539112685,71757230
U17075,31334,1046.500564922165,76161085
U17077,59612,710.2026727328403,40668022
U17079,10117,882.1333494846559,55505835
U17081,40045,779.1345480941206,47553034
U17083,21668,770.6366101006831,46656235
U17085,22289,1102.1406413698194,83306402
U17087,12878,717.64439273113,41113193
U17089,404119,1127.156179478966,87460078
U17091,103833,1079.70500074933,80264310
U17093,54544,1093.8963605068773,82271926
U17095,55836,956.9394880569363,62423245
U17097,644356,1207.768242072187,108680649
U17099,111509,1050.7130673690187,77182402
U17101,15452,886.0497307276585,55655432
U17103,36062,1072.6330233573833,79607726
U17105,39678,1023.856504518172,73328468
U17107,31183,914.9107744797622,57615093
U17109,32913,892.3722323158254,55981994
U17111,260077,1162.8431861031397,100301071
U17113,150433,973.26528291647,64502359
U17115,114706,909.9373197677256,57278553
U17117,49019,808.3306641713159,49509596
U17119,258941,769.5142773438436,46367971
U17121,41691,807.6156769230352,49467905
U17123,13180,1001.3313521064945,71744050
U17125,16038,900.7332034252779,56424765
U17127,15161,712.5425563110604,40792588
U17129,12486,885.4015973450341,55588218
U17131,16957,966.3818452922228,63989041
U17133,27619,705.955433934172,40372243
U17135,30652,827.0475204384036,51452933
U17137,36616,838.33507420276,51933198
U17139,14287,907.7634428470228,57145362
U17141,51032,1100.8060579690768,82736869
U17143,183433,960.0005395021861,63332139
U17145,23094,734.948945249883,43977551
U17147,16365,942.0805296837256,59977676
U17149,17384,801.3581061417555,48348935
U17151,4413,737.7413715292679,44364121
U17153,7348,683.4833002255268,38867499
U17155,6086,1019.3366529440484,73085067
U17157,33893,706.2867952240086,40434039
U17159,16149,863.0414860471396,54076462
U17161,149374,998.8869181984873,71520251
U17163,256082,736.1977115730656,44020752
U17165,26733,761.3225835753464,46015327
U17167,188951,866.3525521927139,54196446
U17169,7189,864.7873453722133,54136507
U17171,5537,818.9559761639007,50675756
U17173,22893,876.6271946837164,55148926
U17175,6332,989.2470840856639,69127964
U17177,48979,1118.9455123000846,85617685
U17179,128485,943.8058092563504,60156568
U17181,18293,694.284650488176,39843247
U17183,83919,1003.8241454291947,71999480
U17185,12937,858.6555593837408,53879184
U17187,18735,934.2763502469661,59596615
U17189,15148,754.328239918956,45785072
U17191,17151,819.756455238133,50687432
U17193,15371,810.0739646478029,49585998
U17195,60653,1050.0382391148194,77080732
U17197,502266,1101.8983031358803,82804136
U17199,61296,734.452044456885,43568066
U17201,278418,1136.0220889250386,90319885
U17203,35469,983.9791284804406,67712168
U18001,33625,1214.460997806188,109751102
U18003,331849,1231.7884028482933,111924846
U18005,71435,1042.125088353247,75712334
U18007,9421,1062.0998374107173,77719408
U18009,14048,1169.8307878131914,101596911
U18011,46107,1066.4903127380085,78108465
U18013,14957,1018.1466221757167,73070110
U18015,20165,1102.7521677982004,83330768
U18017,40930,1128.5604760556364,88149687
U18019,96472,1007.9452466888018,72249766
U18021,26556,976.0478788891195,64882985
U18023,33866,1085.7708804836393,81118008
U18025,10743,943.6627857582733,60145825
U18027,29820,927.1040700521824,59251572
U18029,46109,1102.9514906703641,83350933
U18031,24555,1076.1481027516857,79772605
U18033,40285,1259.8123774909482,116163521
U18035,118769,1147.0958655999386,92571760
U18037,39674,918.6667865466591,58441623
U18039,182791,1225.4096062060637,110716100
U18041,25588,1120.1100266559206,86229678
U18043,70823,983.6651872448292,66795931
U18045,17954,1026.2803974134567,73596288
U18047,22151,1112.9493365493693,84127817
U18049,20511,1157.7300271419363,94638935
U18051,32500,866.4645034317357,54385397
U18053,73403,1152.2413213314967,93329997
U18055,33157,957.264459550729,62640290
U18057,182740,1094.383789090313,82335844
U18059,55391,1093.6610986896626,82192304
U18061,34325,961.6018506446753,63617331
U18063,104093,1042.436220558013,75783769
U18065,48508,1125.913611104233,87404757
U18067,84964,1121.5772833597284,86473008
U18069,38075,1186.6865629582587,103790583
U18071,41335,1012.3779311476782,72568738
U18073,30043,1107.5436298670295,83605027
U18075,21806,1187.612993449108,103991031
U18077,31705,1046.5489759345962,76192419
U18079,27554,1046.793740779485,76224124
U18081,115209,1049.200134260854,76900274
U18083,39256,903.8624069170518,56508844
U18085,74057,1196.6176899288073,107230105
U18087,34909,1253.7055314678894,115412846
U18089,484564,1133.7173115241835,88713863
U18091,110106,1172.9870137127782,102062738
U18093,45922,976.8995118000554,65146316
U18095,133358,1121.9127050350592,86589051
U18097,860454,1067.2968254186862,78191556
U18099,45128,1180.0109639395966,102849909
U18101,10369,946.2662325026643,61238380
U18103,36082,1148.3946868439411,92835236
U18105,120563,996.9895630246401,71222403
U18107,37629,1039.9401294482373,75651066
U18109,66689,1025.194441365147,73458147
U18111,14566,1087.6747506194706,81227971
U18113,46275,1234.958142223325,112784797
U18115,5623,1090.4993118098776,81975542
U18117,19306,957.0479948674924,62479081
U18119,21786,987.8185498765827,67868534
U18121,17241,1000.6507550594027,71688196
U18123,18899,917.1313235067715,57675446
U18125,12837,895.6502605488652,56049468
U18127,146798,1152.5157061779607,93403400
U18129,27061,826.51993327218,51354527
U18131,13755,1133.1942964902996,88584321
U18133,36019,1013.1617332338393,72624314
U18135,27401,1168.3055708562158,100899841
U18137,26523,1079.3618573538563,80237787
U18139,18261,1099.8758791156542,82703301
U18141,265559,1203.3431632843922,108211324
U18143,22960,1017.6823450047738,72906818
U18145,43445,1071.2366529265873,79539516
U18147,20391,885.0238895486268,55567827
U18149,23556,1155.601238930223,93991551
U18151,33214,1278.4943074061089,121047625
U18153,21751,934.0000847920143,59569612
U18155,9065,1078.7663671941882,80228722
U18157,148955,1067.818763089183,79102447
U18159,16577,1111.7893570561837,84036031
U18161,7349,1136.7876359546965,91464161
U18163,171922,845.3275533228781,52365615
U18165,16788,991.3313966681577,69317594
U18167,105848,961.7726250652154,63651656
U18169,34960,1168.8253103005288,101003156
U18171,8419,1037.3082908609608,74995208
U18173,52383,872.4029110516907,54945929
U18175,27223,987.5591431372,67841311
U18177,71097,1147.3528511852744,92737480
U18179,27600,1196.253689977863,107202505
U18181,25267,1099.142242542557,82678034
U18183,30707,1209.2124828262429,109365951
U19001,8243,913.6931496517923,57491623
U19003,4482,879.2993551224796,55389056
U19005,14675,1166.9474314242643,100842269
U19007,13721,864.4035835956515,54122786
U19009,6830,952.5497407874666,61432610
U19011,25308,1025.666742753633,73570980
U19013,128012,1062.182369683372,77796594
U19015,26224,994.8439812421731,70235893
U19017,23325,1095.312406686459,82518584
U19019,21093,1070.846269847443,79498012
U19021,20411,1071.187564936052,79519105
U19023,15305,1083.3515603858934,80477543
U19025,11115,1031.0957913048294,74167857
U19027,21421,992.5761177611555,69334382
U19029,14684,914.1831684273718,57511622
U19031,18187,1013.6321608009102,72660333
U19033,46447,1115.2006614527281,85421665
U19035,13035,1073.6216880844001,79699325
U19037,13095,1125.8492569848381,87391662
U19039,9133,884.1162445587945,55536338
U19041,17372,1108.8168498639552,83804990
U19043,18678,1121.8866114638179,86570373
U19045,50149,1044.256881215275,75916240
U19047,16942,994.5864289906119,69525347
U19049,40750,955.047646842707,62302393
U19051,8541,873.4870421316524,55062619
U19053,8689,851.7136344512213,53147485
U19055,18404,1081.8417117044319,80445644
U19057,42351,922.579426618196,58802456
U19059,16424,1143.3906609231826,92248136
U19061,89143,1093.0913677028796,82057456
U19063,11027,1141.3976434663155,92065226
U19065,22008,1113.3103961194138,84149968
U19067,16900,1118.1354676971403,85585945
U19069,10704,1077.6195095560095,79868032
U19071,8010,851.8630344886946,53184134
U19073,10366,993.2941238498104,69355803
U19075,12369,1046.8900516970948,76251678
U19077,11353,953.1326904138349,61439440
U19079,16438,1035.463728418529,74805299
U19081,12100,1111.0709102384792,84008829
U19083,18812,1039.7313133768096,75573754
U19085,15666,958.3516528171217,62705355
U19087,20336,919.708884476004,58703195
U19089,9932,1159.0949573408327,100036187
U19091,10381,1076.1063690571284,79762224
U19093,7837,1033.9425754595677,74563787
U19095,15671,981.6200878246242,66700802
U19097,20296,1070.5387035941437,79477716
U19099,37213,964.5592516347771,63881475
U19101,16181,911.1531638464913,57431509
U19103,111006,990.7645960314532,69172431
U19105,20221,1051.1233138383607,77293911
U19107,11400,941.3789212915894,59949478
U19109,17163,1123.880539528703,86844376
U19111,38052,886.1148616341143,55670884
U19113,191701,1034.1221688049447,74571624
U19115,12183,952.0837595662258,61317646
U19117,9422,889.2657477461229,55835488
U19119,11763,1149.2060009190625,92871318
U19121,14019,915.841494911515,57646276
U19123,22335,932.2375731530786,59502213
U19125,32052,925.1379161191339,59204755
U19127,39311,1004.5930300772197,72138037
U19129,14547,884.1310389469492,55545471
U19131,10874,1150.6589529494488,93319123
U19133,10020,999.4249500795337,71669625
U19135,8016,895.391905477513,56041452
U19137,11771,880.1049412646535,55452111
U19139,41722,983.7943910468111,67000284
U19141,15102,1111.3902369768264,84020929
U19143,7003,1144.1389874680722,92303813
U19145,16976,848.652251995568,53079735
U19147,10147,1107.7964651507746,83654326
U19149,24849,1077.9988452522707,80154176
U19151,8662,1069.762961132291,79469054
U19153,374601,958.4781725558133,62721021
U19155,87704,917.5411607690238,57737870
U19157,18815,972.6888002048621,64459179
U19159,5469,848.5391207114947,53074266
U19161,11529,1031.7327261027558,74354000
U19163,158668,1015.0868708095737,72720555
U19165,13173,953.7650753693239,61457291
U19167,31589,1115.7173525098026,85468112
U19169,79981,998.4946393893849,71440270
U19171,18103,1015.04478146283,72702452
U19173,6958,847.7324835344454,52638649
U19175,12309,881.1141504795132,55489352
U19177,7809,884.5737370530359,55560018
U19179,36051,904.0509221654646,56548100
U19181,40671,920.1375037530463,58731744
U19183,20670,951.3545064803064,61285323
U19185,6730,856.9961829697409,53747314
U19187,40235,1037.557452034581,75003627
U19189,11723,1144.6280743702748,92326916
U19191,21310,1159.38445481558,100046119
U19193,103877,1038.3347833217504,75065858
U19195,7909,1148.1580670169355,92820305
U19197,14334,1073.186202839655,79669518
U20001,14385,532.8092879552607,27975193
U20003,8110,569.3716066191699,31581178
U20005,16774,715.5493740799177,41032417
U20007,5307,581.1271023931218,32188078
U20009,28205,698.8641535479942,40087161
U20011,15379,527.2960294158717,27781886
U20013,10724,750.0342467554516,45363593
U20015,59482,552.0533234028987,30146247
U20017,3030,600.4153999572426,33226324
U20019,4359,469.7458035932714,24479441
U20021,22605,450.92333455837615,23513180
U20023,3165,970.2104122191773,64062127
U20025,2390,650.3825758026138,35692351
U20027,8822,726.4108095722889,42429460
U20029,10268,754.988739473484,45858811
U20031,8865,576.576754728839,32101865
U20033,1967,611.7041193297576,33546931
U20035,36291,496.4099419186683,25831167
U20037,38242,488.32551416469204,25442081
U20039,3472,900.969272692571,56461776
U20041,19344,675.8757982549714,38475009
U20043,8249,743.054912859521,44816238
U20045,99962,644.8811872128074,35341166
U20047,3449,672.5985605109055,37945459
U20049,3261,501.8339359245177,27081705
U20051,27507,765.3456629312174,46190451
U20053,6525,695.3887135505855,39878985
U20055,40523,772.007736645426,46703291
U20057,32458,690.3363984558574,39539481
U20059,24784,607.2648491203139,33389420
U20061,27947,679.7416622625043,38621875
U20063,3068,826.9267999373506,51449865
U20065,2946,832.7766818517941,51774803
U20067,7909,773.0215874126674,46743814
U20069,5904,730.3010194741364,43508072
U20071,1534,873.1492164672487,55061085
U20073,7673,547.058855559557,29960899
U20075,2670,837.9161737378665,51930528
U20077,6536,544.9910208415147,29863389
U20079,32869,600.780037067658,33229354
U20081,4307,744.7087816993082,44938737
U20083,2085,723.6723040313747,41274720
U20085,12657,706.5825186283889,40512788
U20087,18426,683.5152772811301,38874847
U20089,3791,803.825209907479,49001919
U20091,451086,641.55908849645,34730158
U20093,4531,804.9310357385897,49320941
U20095,8673,582.5000874159075,32248490
U20097,3278,644.2055572161286,35293247
U20099,22835,456.1739171612323,23756314
U20101,2155,789.4203115991445,48101529
U20103,68691,676.062450070093,38494353
U20105,3578,730.0500951271956,43504494
U20107,9570,567.364870354895,31551561
U20109,3046,865.5298322125714,54143696
U20111,35935,607.6919281290975,33414204
U20113,29554,643.4136320597756,35261545
U20115,13361,621.1834417172412,34144890
U20117,10965,758.5262984546034,45992296
U20119,4631,687.2266626028858,39176644
U20121,28351,606.3051751638354,33361069
U20123,6932,764.4208606005487,46129708
U20125,36252,462.26706960910275,24197679
U20127,6104,643.1738476713892,35240614
U20129,3496,786.5143273692383,47988457
U20131,10717,751.0775584528848,45383628
U20133,16997,497.55794540323467,26036936
U20135,3454,757.411513972824,45938577
U20137,5953,873.5517579145685,55071160
U20139,16712,621.9548358606847,34204782
U20141,4452,781.874541576489,47834693
U20143,6163,719.3106878930002,41172436
U20145,7233,694.8130583051977,39871752
U20147,6001,848.3691706376106,52650124
U20149,18209,711.6242034617702,40774379
U20151,9647,621.2753596228131,34158251
U20153,2966,933.5929750146878,59551764
U20155,64790,616.8221379261527,33939298
U20157,5835,790.8374839978026,48137647
U20159,10761,660.6730101981559,36934127
U20161,62843,709.7376178391132,40605179
U20163,5685,805.9072859334423,49399090
U20165,3551,729.2740159418884,42808163
U20167,7370,740.045743437036,44769924
U20169,53597,683.1153935575877,38790146
U20171,5120,815.9814689844976,50073577
U20173,452869,564.9636364523005,30585146
U20175,22510,716.9935488572705,41060558
U20177,169871,665.4579616432292,37335786
U20179,2813,861.68540326545,53953090
U20181,6760,934.2967650751117,59615350
U20183,4536,825.395306323218,51236815
U20185,4789,655.2553305883346,36094405
U20187,2406,808.920847063744,49558615
U20189,5463,751.3737896610506,45394345
U20191,25946,522.5082958098918,27637298
U20193,8180,897.6268799348561,56062305
U20195,3319,793.5409021925669,48158771
U20197,6885,662.7306994296439,37220130
U20199,1749,904.252475767675,56675259
U20201,6483,770.3373972889036,46626912
U20203,2531,843.5742523653042,52303064
U20205,10332,502.5642777064232,27084966
U20207,3788,538.8510787570369,28046257
U20209,157882,667.2627500075644,37526951
U21001,17244,966.9077950520473,64023045
U21003,17800,876.8217251918993,55171819
U21005,19111,1035.0820744704192,74786188
U21007,8286,680.0424196360558,38689148
U21009,38033,908.4456119502469,57161895
U21011,11085,1139.6640744571346,91603115
U21013,30060,1083.8588935945065,80537725
U21015,85991,1109.4367776383044,83822362
U21017,19360,1105.3506587289858,83506745
U21019,49752,1232.9348397843837,112322577
U21021,27697,1024.0046504781578,73374233
U21023,8279,1139.0868380950144,91534419
U21025,16100,1144.4089563416408,92310816
U21027,18648,912.7802152757913,57463632
U21029,61236,978.5622049408777,65926485
U21031,13010,861.3017585873083,53940080
U21033,13060,768.1744729858569,46220143
U21035,34177,706.2703154260718,40399862
U21037,88616,1133.5143353317162,88625247
U21039,5351,669.2824980700486,37757391
U21041,10155,1062.3843075369443,77924606
U21043,26889,1201.4955845056206,108138452
U21045,15447,1005.3894725822806,72177348
U21047,72265,781.497475240125,47762428
U21049,33144,1098.7093313199714,82644890
U21051,24556,1097.9356412606205,82586399
U21053,9634,960.8616172004371,63559245
U21055,9384,764.4844032404262,46166886
U21057,7147,943.4194139963203,60044504
U21059,91545,861.7980004535293,53955903
U21061,11644,898.4996727009723,56387270
U21063,6748,1188.623443708264,104031833
U21065,15307,1099.9062462370246,82721562
U21067,260512,1077.7197520831,79887641
U21069,13792,1152.8847942210389,93639371
U21071,42441,1193.7164832738354,106528231
U21073,47687,1056.5148973994892,77418415
U21075,7752,634.017203730033,34528709
U21077,7870,1087.0589891996133,81186552
U21079,14792,1050.5084224791065,77167610
U21081,22384,1098.0432946200415,82610955
U21083,37028,684.2754113024206,38900751
U21085,24053,901.1727711328613,56465248
U21087,11518,952.3233602733702,61421092
U21089,36891,1222.7560310549748,110633079
U21091,8392,890.1899023357939,55973602
U21093,94174,943.4336426835412,60051651
U21095,33202,1127.4882642630366,87867298
U21097,17983,1108.646085235835,83787007
U21099,17445,929.2540613744275,59462781
U21101,44829,830.9294702863396,51708172
U21103,15060,1049.8885780304522,77058220
U21105,5262,657.6594336510576,36806088
U21107,46519,802.3951225073303,48943429
U21109,13495,1082.4182135743326,80464048
U21111,693604,994.6620101571885,69542289
U21113,39041,1059.4419622224418,77676883
U21115,23445,1198.2831026523618,107508069
U21117,151464,1121.2408665052649,86321544
U21119,17649,1168.498462754856,100927242
U21121,31795,1075.1662495816277,79712360
U21123,13373,955.7417972265878,62365673
U21125,52715,1062.1067241006701,77728829
U21127,15569,1215.4928981242151,109852115
U21129,7916,1115.768315188823,85506487
U21131,12401,1121.7502389088233,86557972
U21133,25277,1167.023043204723,100856944
U21135,14092,1186.9925665567087,103828658
U21137,23361,1033.3724608702353,74453363
U21139,9804,736.2687336168129,44276834
U21141,26573,827.2605637411906,51515424
U21143,8080,744.7682133618664,44943044
U21145,65514,701.089346716245,40120735
U21147,17080,1016.0366131670955,72879223
U21149,9938,836.4526227248715,51842971
U21151,70872,1076.3441929154699,79797160
U21153,13332,1172.480465250924,102049406
U21155,18212,989.5069832034949,69134296
U21157,30125,717.5604112957744,41083068
U21159,12578,1222.489689832095,110595485
U21161,16800,1155.2031008527251,93974751
U21163,26349,941.2439248975413,59923129
U21165,6556,1141.1370310919156,92058670
U21167,20817,1033.224267956488,74432546
U21169,10037,933.4734344562648,59541727
U21171,11756,914.1263726821475,57499866
U21173,22554,1120.3518506007783,86284600
U21175,13948,1166.9261573675649,100828321
U21177,31839,827.1541545815054,51483585
U21179,37477,987.3630801831357,67803834
U21181,6813,1126.5533609218003,87453265
U21183,22916,864.3051013004887,54099870
U21185,46178,1021.9961804298866,73221603
U21187,10547,1073.4068656037018,79683852
U21189,4858,1110.1232212656805,83911856
U21191,14390,1120.7081839619177,86307154
U21193,29390,1141.8254488256773,92110768
U21195,68736,1218.684818322333,110293515
U21197,13237,1116.2968672184775,85514403
U21199,56217,1024.052465813903,73401930
U21201,2266,1132.9278441531203,88582055
U21203,16582,1056.7129612888182,77484554
U21205,22094,1166.7869622369235,100806227
U21207,16315,979.7253608392609,66089835
U21209,33061,1081.54546317554,80412583
U21211,33337,1029.6045508956179,73666978
U21213,16405,845.0576151364646,52349210
U21215,11766,1010.6522591694601,72398753
U21217,22927,975.6418873611946,64860058
U21219,11971,802.5629426585139,48989948
U21221,12597,748.7040747424545,45207703
U21223,8125,1042.4940455488788,75887862
U21225,15637,795.2966170641058,48197552
U21227,92522,870.3341692843381,54774367
U21229,10916,1007.2117014396498,72214552
U21231,19923,990.6086361772955,69152508
U21233,14120,805.102360911247,49325472
U21235,35865,1046.092349652113,76125220
U21237,7065,1139.9294967706853,91999288
U21239,23208,1055.4162164333065,77365689
U22001,58861,383.3100992828498,18747776
U22003,25440,328.1620801039766,11454206
U22005,76627,485.6378326447046,25315374
U22007,23388,499.7661808738212,26160845
U22009,41481,342.8824101371286,12059423
U22011,32986,304.6759549241265,10275167
U22013,15752,178.29068228114562,2550057
U22015,98310,113.99105243932661,1144365
U22017,252161,99.45340847118906,754219
U22019,183577,346.4153150463086,12223952
U22021,10560,269.95664494363723,8622861
U22023,9991,390.23413493632677,19389627
U22025,10920,315.28220961626215,10701668
U22027,16851,165.5330591330877,1857517
U22029,20247,344.6211476634846,12100904
U22031,25494,149.8232577608264,1649207
U22033,412852,447.2431387642566,23003409
U22035,9421,329.3188943668144,11549800
U22037,21360,430.29763853256054,22122264
U22039,35434,345.357370854629,12188518
U22041,21263,306.52064138381604,10308153
U22043,18698,264.7357424925904,8447583
U22045,73266,477.16526539798446,24583551
U22047,33320,447.7706701020032,23416261
U22049,15397,222.65500693659908,6127607
U22051,455466,600.3571981741834,32770858
U22053,31435,364.8521044038341,13785660
U22055,190503,410.4818650078147,20084412
U22057,89974,576.402718527265,32011891
U22059,14282,289.3544812637998,9473782
U22061,42509,201.65012135330386,5049901
U22063,91814,481.5124151748929,25025690
U22065,13728,337.0598309919792,11852814
U22067,31021,275.4796211942793,8717818
U22069,39080,217.87318060749712,5490214
U22071,484674,566.5282720074343,31040777
U22073,147250,251.15880788251087,7888113
U22075,26757,661.2584149941772,37187516
U22077,22763,398.58569388159196,19510057
U22079,126337,297.4755206953203,9957413
U22081,9622,171.83405063576873,2025214
U22083,20981,288.6917577578694,9091327
U22085,23459,205.1774359750295,5159222
U22087,67229,628.62135814146,34371918
U22089,48072,546.4918623687192,29912827
U22091,10525,457.3228935887796,23811343
U22093,21216,507.34276850959395,27238088
U22095,43044,521.0102941613425,27594254
U22097,87700,382.7230544302769,18660076
U22099,48583,445.26180550210404,22954826
U22101,53500,496.66073330293005,25867458
U22103,191268,542.9562354747437,28216209
U22105,100588,493.7835776733497,25711044
U22107,6618,341.01349196902913,11902176
U22109,104503,560.051538645227,30435135
U22111,22803,222.1234237023542,5661315
U22113,53807,436.7869394618699,22462198
U22115,52531,266.6347800340376,8524709
U22117,43926,508.6445283371429,27299968
U22119,41831,136.76755498305204,1420640
U22121,21601,437.7565863263393,22544758
U22123,12314,308.16898591400104,10336234
U22125,15111,399.71089238298146,19566744
U22127,16894,235.58847175487867,6287189
U23001,103793,2445.789092649604,375766316
U23003,73938,2670.977399178057,391405756
U23005,265612,2421.9990702797154,374736084
U23007,29467,2463.2913279201402,377090957
U23009,51791,2597.958463013328,388599865
U23011,117114,2488.728017297742,380342247
U23013,39618,2528.034154503282,385284851
U23015,33616,2490.511070939379,380485820
U23017,54755,2420.975596259164,374659935
U23019,144919,2610.3764535991363,390033947
U23021,17235,2601.627891655321,388653590
U23023,35214,2462.7401292531863,377055743
U23025,50888,2521.1593856137692,385221421
U23027,36280,2538.584932348738,386517296
U23029,33941,2669.8341471202793,391371815
U23031,186742,2381.293515265218,372769736
U24001,74930,1603.9127039256032,223245775
U24003,489656,1755.953326422354,268077300
U24005,754292,1765.996788029308,271016844
U24009,74563,1744.8905215179905,265784243
U24011,29772,1813.0804263551456,281018053
U24013,150897,1737.7011874996083,263804524
U24015,85951,1825.2292741585957,283258383
U24017,120546,1702.3166651499052,255576189
U24019,30674,1782.7989680722858,276133641
U24021,195277,1703.3397936294086,255743492
U24023,29846,1555.4819457234764,190924086
U24025,218590,1795.0910810435767,278321798
U24027,247842,1734.3087980199123,262897487
U24029,19197,1799.78084614362,279323812
U24031,873341,1707.539127069256,256633835
U24033,801515,1726.925567662302,260647382
U24035,40563,1797.1212680956553,279100794
U24037,86211,1736.101447242965,263602134
U24039,24747,1790.4959967283044,277981311
U24041,33812,1780.4843946015071,273359810
U24043,131923,1674.638500938047,249668410
U24045,84644,1816.444120507329,281419471
U24047,46543,1840.4178276272128,285053382
U24510,651154,1761.687722438613,269918755
U25001,222230,2359.731410528479,371536652
U25003,134953,2145.80944639812,341710409
U25005,534678,2288.502057289249,363347935
U25007,14987,2307.7525577716333,367464716
U25009,723419,2336.7460170561376,369976068
U25011,71535,2201.794608527422,354524050
U25013,456228,2180.829480631514,353059600
U25015,152251,2186.5508634230437,353610403
U25017,1465396,2289.66232596678,363905846
U25019,9520,2350.6408034037863,371418395
U25021,650308,2295.4158440555057,365498012
U25023,472822,2323.6574934103046,368876979
U25025,689807,2313.5849734047897,367696455
U25027,750963,2241.3249769353047,356620537
U26001,11719,1644.2363863860767,239969537
U26003,9862,1699.2286493061142,255416914
U26005,105665,1270.337819761228,118733002
U26007,31314,1630.93289664118,236194180
U26009,23110,1556.2683149835154,191145734
U26011,17269,1542.6126750418655,185589293
U26013,8746,1604.0401341679685,223320705
U26015,56755,1337.0719881554494,134414028
U26017,110157,1501.9481926518283,174582709
U26019,15998,1465.8052985868258,164037376
U26021,162453,1194.1729157383772,106570672
U26023,45787,1296.5276745118276,125774232
U26025,137985,1325.718001455163,130838439
U26027,51104,1244.1179982805022,114089256
U26029,26090,1590.9504561525646,214363664
U26031,26448,1629.8400801151245,236063759
U26033,38543,1705.687377233917,256219464
U26035,31252,1482.0310896463325,167044790
U26037,64753,1406.8836399577165,150225259
U26039,14273,1553.5026138365845,190252766
U26041,38520,1561.4507296656138,192438127
U26043,27472,1549.0492611064444,188128037
U26045,103655,1363.2275524586773,139111947
U26047,31437,1618.1256294924444,229500781
U26049,436141,1462.2125545972913,162979132
U26051,26023,1504.6623066310165,176088343
U26053,17370,1545.312456188885,187296948
U26055,77654,1513.0495924129868,177507038
U26057,42285,1434.5201828654042,155830876
U26059,46527,1317.0411863335514,128926012
U26061,36016,1627.208477465663,235441147
U26063,36079,1580.542660303025,205009179
U26065,279320,1390.92208915492,146823535
U26067,61518,1380.3500959895462,145006669
U26069,27339,1614.7051010463301,228660485
U26071,13138,1544.5110020005231,187254713
U26073,63351,1452.1176038097199,159649459
U26075,158422,1360.0726045724614,137918455
U26077,238603,1297.1184683028548,125843131
U26079,16571,1530.7152356648967,181306794
U26081,574335,1363.1032231861661,138513281
U26083,2301,1711.7835134677853,257980408
U26085,11333,1435.4164759625387,155971033
U26087,87904,1495.3678256543485,171533123
U26089,21119,1531.2266220705062,181876546
U26091,98890,1354.0079769655165,136530645
U26093,156951,1417.484697631846,151495657
U26095,7024,1720.9930751575516,259777598
U26097,11943,1658.3888814026288,246385762
U26099,788149,1482.4256212030828,167104887
U26101,24527,1433.0920643661718,155707364
U26103,64634,1623.1947348696347,231538553
U26105,28274,1393.5174006955253,147437152
U26107,40553,1426.369333768558,152607463
U26109,25326,1513.9615814413748,177681981
U26111,82874,1476.329688738155,165618993
U26113,14478,1499.304241075733,172377364
U26115,145945,1391.250548692347,147102855
U26117,61266,1407.671558475862,150445663
U26119,10315,1606.9807864310314,224526432
U26121,170200,1327.7127366409413,132307606
U26123,47874,1397.5181311318868,148327681
U26125,1194156,1453.0784285455525,159769206
U26127,26873,1358.3738478652906,137202418
U26129,21645,1547.3635836381563,187579408
U26131,7818,1629.173992893747,235998752
U26133,23197,1458.8216331707931,162431495
U26135,9418,1577.751765293382,203472330
U26137,23301,1585.4085874003204,209225150
U26139,238314,1300.5183310661641,126900055
U26141,14411,1683.8908200629066,251041948
U26143,25469,1523.62884197528,179450522
U26145,210039,1467.278154133951,164098017
U26147,164235,1516.2491759299262,178279198
U26149,62422,1270.0161826796373,118567148
U26151,44547,1557.1220880898647,191337228
U26153,8903,1608.7430733838066,224796921
U26155,71687,1431.6932411616988,153135492
U26157,58266,1514.5776498640992,177794524
U26159,76263,1259.3568634748863,116061833
U26161,322895,1394.4543687453483,147465426
U26163,2061162,1432.282955296966,153377483
U26165,30484,1477.0436819560268,165824920
U27001,15301,1504.1484793669888,176070126
U27003,298084,1358.294080618938,136904334
U27005,30000,1539.6895223576093,184829579
U27007,39650,1642.1477465972528,239471129
U27009,34226,1401.1817204474169,149466875
U27011,5820,1375.961222912676,143047476
U27013,55941,1216.1912362918115,109887131
U27015,26911,1237.9880598051507,113552007
U27017,31671,1510.3213148047298,176805914
U27019,70205,1304.3939064354122,127615713
U27021,27150,1539.220276984463,184731785
U27023,13088,1326.9101230737745,132236153
U27025,41101,1386.8561245855572,146224831
U27027,51229,1540.193875173987,184950869
U27029,8423,1609.2155213394683,224905435
U27031,5168,1647.0484383585351,240599365
U27033,12167,1212.3913942766592,109449161
U27035,55099,1488.7084905629263,169001145
U27037,355904,1293.2074056800757,123966631
U27039,17731,1223.5386457885643,110676400
U27041,32821,1427.30998817049,152701770
U27043,16181,1176.5579650436366,102270144
U27045,21122,1196.7853749044173,107304162
U27047,32584,1180.4357973984302,102898941
U27049,44127,1267.7429095425368,117061174
U27051,6289,1429.4883768571397,152974416
U27053,1116200,1326.872844954062,131119953
U27055,19718,1206.5642049150931,108640538
U27057,18376,1554.968851428378,190803449
U27059,31287,1389.783213214332,146489749
U27061,43992,1601.6154107740579,221363920
U27063,11268,1174.7594813899366,102231157
U27065,14996,1432.444274647735,155458520
U27067,41203,1338.990466835765,134612248
U27069,5285,1750.1167562937178,267378654
U27071,14355,1684.6613290794517,251156544
U27073,8067,1327.6088675937121,132299539
U27075,11058,1625.9203930047324,234876735
U27077,4522,1740.9845077700058,265589296
U27079,25426,1255.083024046539,115535619
U27081,6429,1262.9949556249742,116434006
U27083,25425,1259.7734588258868,116138096
U27085,34898,1302.5550296736276,127422916
U27087,5190,1583.1115337952062,206892017
U27089,10155,1701.257574868604,255527822
U27091,21802,1174.7746400145675,102242425
U27093,22644,1335.6179900918678,134356549
U27095,22330,1428.2047684375568,152883808
U27097,31712,1435.8555677962493,155996376
U27099,38603,1185.86373281499,103717808
U27101,9165,1215.5829747598607,109867684
U27103,29771,1251.1820138042515,115183899
U27105,20832,1178.130820787258,102700950
U27107,7442,1587.6314126394288,210808668
U27109,124277,1227.564322559504,111422281
U27111,57159,1480.5116114898926,166597027
U27113,13584,1666.7758179408952,247985396
U27115,26530,1453.938872940126,161447283
U27117,9895,1219.459343339964,110450297
U27119,31369,1636.3858068476222,237599009
U27121,11236,1388.7283169425866,146455174
U27123,511035,1330.897437224207,132959189
U27125,4299,1644.4626721739428,240073116
U27127,16815,1256.2622707753428,115716272
U27129,17154,1291.211350603612,123725197
U27131,56665,1255.7112071990875,115618708
U27133,9721,1181.330391244451,102959522
U27135,16338,1742.5066347037425,265613266
U27137,200528,1620.4541570479644,229791545
U27139,89498,1287.2157165889541,123242453
U27141,64417,1373.5375340569753,142116285
U27143,15356,1275.336931123345,120721890
U27145,133166,1383.593093351588,145512684
U27147,33680,1219.3092139427565,110416617
U27149,10053,1391.9952859881528,147265330
U27151,11956,1354.9397716403155,136739589
U27153,24426,1440.5096055574115,156925466
U27155,4134,1415.2737581662889,151183712
U27157,21610,1261.393011532662,116369114
U27159,13713,1498.457638777368,172038633
U27161,19526,1216.6487975271998,109969637
U27163,201130,1335.4097016757835,134155419
U27165,11876,1208.2099684109667,109325005
U27167,7138,1480.76851021326,166657631
U27169,49985,1235.3921158421886,112981123
U27171,89986,1342.8801348966554,135562687
U27173,11080,1293.8504580776441,125427362
U28001,34340,365.8040794128277,13896971
U28003,34558,600.2049566246718,32736300
U28005,13599,427.27498352836056,22049463
U28007,19661,479.134884567863,25006029
U28009,8026,543.8690196639042,28429277
U28011,40633,364.9405400751046,13849758
U28013,15069,508.3594856688132,27284899
U28015,10769,448.91309608820285,23449581
U28017,19440,543.8494979932664,28409837
U28019,9758,510.438309725985,27354188
U28021,11831,379.7049859593609,18502555
U28023,17955,578.8200136907885,32155196
U28025,21979,555.6396838328526,30329156
U28027,30622,401.616876530337,19581855
U28029,28757,425.09998386116797,21188036
U28031,19407,513.957525898207,27415253
U28033,107199,478.6192421843087,24898830
U28035,72604,558.032843826552,30355603
U28037,8448,404.0159348269308,19700174
U28039,19144,626.9520493876364,34273836
U28041,13299,611.7201130889392,33548898
U28043,23263,463.1330399634246,24296644
U28045,42967,581.7471665841857,32193385
U28047,189601,612.6067373258392,33598794
U28049,250800,410.25205327790894,19833612
U28051,21609,432.22299319878437,22172226
U28053,11206,391.9101953825218,19399618
U28055,2274,351.67909040213675,12762100
U28057,22770,603.2642626785226,33291928
U28059,131420,648.8794946386618,35505290
U28061,18149,540.0145616596487,28065847
U28063,9740,378.80468502046233,18466784
U28065,13962,492.1169775756775,25647842
U28067,64958,548.4629893235846,29974513
U28069,10453,571.3749167399463,31632020
U28071,38744,504.1459921254833,27099036
U28073,39070,535.5015862602727,28007187
U28075,78161,573.2773332050489,31804301
U28077,13258,468.13391647426323,24411064
U28079,20940,487.87688828388997,25415080
U28081,75755,574.763419962076,31899085
U28083,37947,415.05507309837475,20851196
U28085,33166,438.80596780507744,22566359
U28087,61586,586.1898649723736,32309694
U28089,74674,442.01305437666275,22609752
U28091,25595,507.5523837282592,27259304
U28093,34993,515.9816817444753,27463701
U28095,38014,585.5982421661904,32271680
U28097,12189,475.18840474186,24558311
U28099,28684,525.4031681045734,27669114
U28101,21838,530.9371644723464,27949011
U28103,12548,574.3408801577899,31882462
U28105,42902,545.508926412917,29869925
U28107,34274,462.32703428193565,24233931
U28109,48621,550.9588213569751,30063324
U28111,12138,582.4778644241906,32236352
U28113,38940,461.5448942170188,24061150
U28115,26726,541.292704719979,28145315
U28117,25556,597.2424129748123,32677358
U28119,10117,429.95941344506076,22112147
U28121,115327,457.83168724511523,23891657
U28123,28423,492.1117003690317,25619419
U28125,6580,364.987442771014,13890391
U28127,27639,471.22224169999566,24492218
U28129,16182,505.73652134480267,27184575
U28131,13622,589.9361863081926,32418257
U28133,34369,388.06255291403806,19287068
U28135,14903,432.7858661840483,22443993
U28137,25370,473.8231308023905,24532941
U28139,20826,566.6868180026837,31525451
U28141,19163,625.8539919421816,34253944
U28143,9227,437.2403265674693,22535531
U28145,25362,550.9922045029551,30111945
U28147,15156,486.88389361181834,25399924
U28149,49644,372.6515201430284,18376126
U28151,62977,352.8903261667388,13327673
U28153,21216,591.2323398639304,32504973
U28155,10294,508.9942124861853,27343894
U28157,10312,387.57067473352726,19276756
U28159,20160,530.5196722624219,27913190
U28161,13051,476.83024217388646,24570500
U28163,28149,407.2884075937797,19777933
U29001,24977,809.3685599259913,49561021
U29003,16492,764.44311627848,46150394
U29005,6430,816.1004815746304,50078697
U29007,25853,726.046165381933,42403607
U29009,34010,406.83137555292166,19743923
U29011,12541,488.92824356645076,25480323
U29013,16653,572.8935333798436,31787648
U29015,17180,591.1976548217076,32487793
U29017,12029,633.3425769818008,34515793
U29019,135454,688.503444947486,39212390
U29021,85998,727.9093814688464,42438282
U29023,40867,562.0636809194523,30543420
U29025,8969,730.8217639002795,43513976
U29027,40766,684.421788973273,38937779
U29029,37051,574.9154007781332,31974840
U29031,68693,659.6482634609253,36820356
U29033,10285,710.5659533025316,40727634
U29035,5941,547.8029459414647,29968572
U29037,82092,616.114975258856,33854149
U29039,13733,519.736991453243,27528542
U29041,8438,729.4412347183202,42811714
U29043,54285,451.0361671297951,23535785
U29045,7416,853.7758251078194,53669995
U29047,184006,690.0836740350554,39355475
U29049,18979,722.7495823137565,41246017
U29051,71397,639.2281007398213,34658761
U29053,16670,660.1700037773369,36917457
U29055,22804,621.7279950607076,34181978
U29057,7923,486.60106601290954,25392001
U29059,15661,530.7699674673064,27933350
U29061,8016,764.5356153932236,46176270
U29063,11597,754.4929717560079,45800220
U29065,14927,578.8644562650787,32173151
U29067,13084,471.3378002476103,24519857
U29069,33155,544.5413072066461,29830234
U29071,93807,674.7194968514581,38366217
U29073,15342,659.7977982090391,36889049
U29075,6861,789.4802165881764,48103684
U29077,240391,477.6938799295427,24658439
U29079,10432,785.0757123793373,47969404
U29081,8850,806.7740223489425,49404775
U29083,21997,592.2631355673366,32566014
U29085,8940,551.0801528396337,30137307
U29087,5351,777.5121761177128,47524664
U29089,10212,694.8040269011752,39861540
U29091,37238,482.4031848060658,25251303
U29093,10697,620.57752591466,34118289
U29095,654880,656.1514196257267,36099194
U29097,104686,455.70489641880494,23651628
U29099,198099,685.4776405339594,38978545
U29101,48258,631.6672692741147,34455399
U29103,4361,814.124831435544,49891142
U29105,32513,541.1573160622306,28083996
U29107,32960,667.2913279274572,37684833
U29109,35204,451.21482565316484,23590070
U29111,10494,819.9770108487986,50704583
U29113,38944,742.7021277746209,44777294
U29115,13754,764.4338235400219,46136640
U29117,14558,748.5245541000992,45193145
U29119,21681,392.42183887829196,19410824
U29121,15762,771.390028984562,46687529
U29123,11800,627.0160458909186,34292980
U29125,8903,615.9048891488566,33845246
U29127,28289,793.9492857984435,48169263
U29129,3757,819.0880426076185,50681293
U29131,23564,604.1513041586462,33334458
U29133,13427,644.5431273629965,35327739
U29135,14827,643.3491189922196,35246718
U29137,9311,750.5785236951588,45374317
U29139,12136,710.632204248853,40737919
U29141,19309,613.2832837420561,33803193
U29143,19760,603.3575049297715,33314698
U29145,52636,423.2713819176485,21087653
U29147,21912,805.8624103954594,49377178
U29149,10344,499.64994607020265,26150501
U29151,13062,648.7191719888988,35492228
U29153,9542,444.30319687603344,22945284
U29155,20047,568.2712020080427,31561131
U29157,18132,678.6245898252711,38579886
U29159,39403,637.5203670007363,34596014
U29161,39825,591.5696224369636,32526189
U29163,18351,762.634061033623,46042060
U29165,73781,696.5487160198838,39885510
U29167,26992,514.8912334438755,27436353
U29169,41165,571.3821582192991,31642473
U29171,5223,832.9874601958151,51777749
U29173,9626,771.3295964813841,46677903
U29175,24663,731.540566752237,43522945
U29177,23354,691.8726126317708,39732643
U29179,6689,582.690325753904,32264991
U29181,13509,527.8090971630617,27868990
U29183,283883,728.0839960218626,42524280
U29185,9652,554.348693796695,30241919
U29186,17842,671.8729466631858,37927617
U29187,55641,648.9650932920141,35636710
U29189,1016315,725.5313458341599,41387292
U29195,23756,683.4052971468559,38843743
U29197,4170,841.1806600327363,52047950
U29199,4983,847.3098862311585,52605312
U29201,40422,641.7298966105398,35181244
U29203,8324,541.5668561874124,28172041
U29205,6799,779.7164482626864,47593079
U29207,29705,602.7113827145027,33262223
U29209,28658,420.0183898172385,21019292
U29211,7219,802.075082337721,48366319
U29213,39703,422.1051217598612,21047950
U29215,23003,530.2422531675408,27890187
U29217,20454,527.7086891021672,27797265
U29219,24525,705.3763316516604,40234172
U29221,23344,639.0545047391926,34635417
U29223,13259,590.3206125089897,32431879
U29225,31045,492.90052136949146,25661804
U29227,2382,819.5666057272407,50685050
U29229,17955,504.99725139256867,27158594
U29510,348189,734.8741745984063,43629362
U30001,9202,2051.217932991532,328616618
U30003,12671,1750.941210207091,267811618
U30005,7009,2075.5218152095017,331392580
U30007,4385,2045.5807076025417,325493775
U30009,9552,1820.3596972352145,282256286
U30011,1360,1613.148605727062,227822241
U30013,80357,2109.309516732641,335546272
U30015,5970,2104.1610501006116,334675386
U30017,11696,1727.0644689328446,261463470
U30019,2017,1961.5716924089447,305099332
U30021,9059,1792.4938062289643,278197596
U30023,9417,2128.9090392900644,336153243
U30025,2837,1682.675651692698,250925045
U30027,11893,1987.873109651364,311204876
U30029,74471,2334.636824162954,369799074
U30031,67831,1969.8685698324146,305506759
U30033,1279,1883.2124078404936,292413964
U30035,13247,2303.563586668486,367405304
U30037,1042,1917.8257687026983,299835300
U30039,2830,2166.1871262990835,343293611
U30041,16673,2147.4635006487924,341856006
U30043,10049,2064.3872664465807,331097415
U30045,2329,2030.144900299965,321072366
U30047,26507,2289.733632364982,365371242
U30049,55716,2153.698117745331,341935982
U30051,2158,2188.806952403554,353762654
U30053,18837,2428.4987015968154,375540726
U30055,1977,1860.8931083531545,288142696
U30057,6851,2001.035047894784,312607267
U30059,1932,2030.6235369863866,321074695
U30061,3884,2316.8765276212002,368640643
U30063,95802,2236.7123484242957,356524735
U30065,4497,1888.7289331285615,294516507
U30067,15694,1923.2116203580931,301146387
U30069,493,1930.7435580163224,302131631
U30071,4601,2011.7489511906583,314433631
U30073,6424,2225.940991294652,356143094
U30075,1858,1651.4557293537564,244995718
U30077,7180,2166.4282044333,343296441
U30079,1199,1773.1375753634568,272173799
U30081,36070,2189.342354389135,353764812
U30083,9667,1828.1091806258848,284100567
U30085,10620,1892.0602068235112,295235408
U30087,9383,1772.373284738486,272130288
U30089,10227,2362.8910882609925,371870091
U30091,4105,1916.038266106814,299731309
U30093,34606,2085.721887480811,332940267
U30095,8195,1874.3599425766865,289972531
U30097,3609,1917.0331985563005,299735414
U30099,6445,2198.6359763744153,354258517
U30101,5267,2231.7150399172615,356190163
U30103,861,1805.0606811247114,280249881
U30105,7675,1967.5699067394464,305466627
U30107,2259,1964.192409063123,305148673
U30109,1068,1738.3199895789417,263960096
U30111,129352,1834.2067013133178,284782543
U31001,31151,889.0577787251659,55804337
U31003,7452,1049.9388589212717,77073280
U31005,444,1123.2409971591687,86729650
U31007,819,1227.6659932190357,111546558
U31009,583,1083.5340492008663,80537142
U31011,6259,999.5313477254431,71679645
U31013,12158,1249.870591358617,114884374
U31015,2438,1143.4405364627014,92264560
U31017,3525,1123.3674106601272,86730094
U31019,42259,942.9938884543147,60002245
U31021,7791,982.1253274106399,66716473
U31023,8767,926.6730350115224,59242805
U31025,24334,875.8113155436462,55101575
U31027,9615,1078.2522989489426,80208887
U31029,4068,1030.9150396913108,73924337
U31031,6148,1188.7554056232732,104038581
U31033,9830,1160.6935307281096,100220660
U31035,7039,875.1303927072147,55094536
U31037,10441,963.5231795386327,63771192
U31039,10203,995.3508765079376,70262117
U31041,11793,1020.9347338318624,73209810
U31043,20253,1043.9642854548797,75895987
U31045,9060,1295.6908587516784,125599974
U31047,24365,972.8196826513914,64477994
U31049,2098,1115.0966446229384,85415030
U31051,6339,1058.5833115918845,77670544
U31053,36160,956.0920029828831,62379046
U31055,463585,918.5750960009485,57978038
U31057,2292,1000.2543346905691,71685904
U31059,6634,862.4960385042284,54069828
U31061,3574,871.7126371629776,54923593
U31063,3099,966.6721752268741,64012642
U31065,5324,912.2134868191163,57457093
U31067,22993,812.8407377348587,49859816
U31069,2292,1162.3885811171774,100298779
U31071,1902,1044.8622430025655,75966389
U31073,2143,938.6845246794321,59813137
U31075,747,1157.5352033072381,94607544
U31077,2714,997.9622642423069,71397402
U31079,53534,924.397615281912,59151221
U31081,9403,911.1655876285846,57447690
U31083,3786,888.9857907941804,55800551
U31085,1068,998.3938838316627,71400116
U31087,3111,965.8961191764208,63951008
U31089,11551,1098.2184090414034,82633339
U31091,783,1128.754364282773,88190617
U31093,6567,961.3321702898328,63580638
U31095,8333,814.0627271716269,49882809
U31097,4488,821.1094627059846,50897100
U31099,6882,903.3929230283634,56501962
U31101,8875,1086.7560676550727,81177677
U31103,983,1169.6291718604548,101595928
U31105,4089,1199.4170053781486,107553978
U31107,9374,1094.1940670898969,82326470
U31109,250291,870.2972490906534,54524076
U31111,34632,1030.6006120592456,73889705
U31113,774,1064.070941290659,77938303
U31115,712,1063.380952382039,77934761
U31117,533,1095.9475335492177,82544656
U31119,35226,1010.2826703958614,72363527
U31121,8204,942.1287870621069,59994041
U31123,5440,1203.1434478161036,108205884
U31125,4038,965.5614822696508,63940650
U31127,7576,814.8520989105275,49895503
U31129,5057,838.9958035808451,52034266
U31131,15396,845.7982344526058,52537537
U31133,3087,792.5563332845026,48155684
U31135,3200,1056.304866861603,77415215
U31137,9747,922.0170424353395,58790111
U31139,7857,1049.182441948799,76892417
U31141,31662,972.5176590972658,64427517
U31143,5639,932.2469798424632,59524548
U31145,11448,936.2981956899447,59779155
U31147,9531,784.3611010565356,47959873
U31149,1756,1114.002767430926,85401480
U31151,13843,850.3340263473876,53133642
U31153,122595,897.9999102194782,56213017
U31155,19830,917.3826483947597,57694345
U31157,36951,1252.0548307411748,115240940
U31159,16496,888.6772934186191,55784055
U31161,6198,1241.293543888922,113787387
U31163,3318,976.1376338590587,64909541
U31165,1475,1307.0735475500644,127832892
U31167,6455,1000.8844790119125,71732077
U31169,6055,825.4380934953139,51241351
U31171,729,1096.2534427066967,82545189
U31173,7171,1017.6413624981311,72899647
U31175,4647,1011.7159639068215,72564091
U31177,18780,945.5021341015,60563676
U31179,9851,1033.1652378593267,74422695
U31181,4061,854.4111217670996,53717549
U31183,886,1036.322022067293,74861590
U31185,14598,899.3834209684801,56410167
U32001,23982,2219.025790411286,355526132
U32003,1375765,1883.6191541763194,292823741
U32005,41259,2320.836889827585,368674229
U32007,45291,2027.9066673839682,321027075
U32009,971,2132.997114999272,337291242
U32011,1651,2064.0233220055884,331085423
U32013,16106,2257.7986841595307,361285273
U32015,5794,2125.923668128796,335920753
U32017,4165,1889.5156397219982,294676723
U32019,34501,2287.634523857664,363274694
U32021,5071,2212.09392752581,354725052
U32023,32485,2033.8496684274603,323379481
U32027,6693,2252.6335243790154,358039614
U32029,3399,2323.067371580819,368715488
U32031,339486,2366.3348653597604,371910100
U32033,9181,1934.5738946545753,302977738
U32510,52457,2336.476592065601,369923611
U33001,56325,2328.234606683059,369385008
U33003,43666,2359.54192201962,371492986
U33005,73825,2241.799285418035,357371500
U33007,33111,2387.878000488949,373090730
U33009,81743,2314.836104740381,368515723
U33011,380841,2281.1047541963285,362605981
U33013,136225,2300.0402929711686,366319699
U33015,277359,2331.6917571187173,369496810
U33017,112233,2348.370767832108,371302415
U33019,40458,2262.040833050866,361529970
U34001,252552,1930.0873821095931,301879079
U34003,884118,2024.1612655066915,318496080
U34005,423394,1940.0293989938004,303212356
U34007,508932,1913.2819397964993,299222377
U34009,102326,1901.4242275697313,296966538
U34011,146438,1885.5072408541512,294299838
U34013,793633,2004.343472601012,312640824
U34015,254673,1895.7446057454565,296437882
U34017,608975,2015.7672060770346,314509888
U34019,121989,1943.2143816485582,303762975
U34021,350761,1950.049986446119,304064430
U34023,750162,1979.2883689402784,307974693
U34025,615301,1994.8374212819858,311372866
U34027,470212,1982.9383829286578,308887335
U34029,510916,1972.5108486155032,307171378
U34031,489049,2008.9837096754948,313926240
U34033,64285,1873.5316834323291,289902754
U34035,297490,1966.5975443835314,305169137
U34037,144166,1982.0229312548804,308743169
U34039,522541,1994.8464635173916,311988167
U34041,102437,1946.1251983372952,303931913
U35001,556678,1119.9029493494722,85666664
U35003,3543,1269.0146940221505,117302664
U35005,61382,906.0688328022106,57010246
U35006,25595,1238.8247579500326,113578918
U35007,14189,983.7487734962982,66866754
U35009,45044,811.8960073512026,49711313
U35011,2240,904.6287081400877,56677008
U35013,174682,1134.793403834234,90102588
U35015,51658,898.0481947622425,56335612
U35017,31002,1274.2712295836354,119642644
U35019,4680,947.0035697548618,61248749
U35021,810,887.8899309744453,55722192
U35023,5932,1320.5255511262205,130120608
U35025,55511,810.8580860378887,49601369
U35027,19411,996.8955509629379,71202992
U35028,18343,1103.805781065321,83455170
U35029,25016,1222.5293504641727,110608063
U35031,74798,1270.6030726228041,118935451
U35033,5180,985.9275273272467,67778581
U35035,62298,1033.6883099520749,74491912
U35037,10155,841.2662308643577,52052120
U35039,41190,1154.8314341364162,93933561
U35041,18018,817.0346472145872,50088275
U35043,89908,1150.3519453471,93215888
U35045,113801,1296.1827398280711,125634896
U35047,30126,961.5404534854536,63587205
U35049,129292,1065.3707363224871,77970596
U35051,13270,1159.803223341155,100074307
U35053,18078,1135.0928226286464,90301807
U35055,29979,1066.60413115475,78154572
U35057,16911,1039.7320806841633,75592566
U35059,4174,881.8405841321302,55501661
U35061,66152,1128.003070696272,88074800
U36001,294565,2097.2181366216396,333981266
U36003,49927,1782.0012723025793,275970942
U36005,1332650,2037.9051873881538,323731211
U36007,200536,1938.647097994597,303011820
U36009,83955,1735.0997288945382,263270852
U36011,81963,1926.9240243302008,301204319
U36013,139750,1687.4899595293298,251568137
U36015,91070,1870.2811662300617,288829758
U36017,51401,1971.0031544455862,305574590
U36019,79894,2221.7324032211427,356027226
U36021,63094,2109.0056755789856,335483178
U36023,48599,1941.4388887385178,303692960
U36025,48055,2004.941394840241,313434457
U36027,280150,2080.4132455063586,331449297
U36029,950265,1757.7539873513217,268700242
U36031,38851,2183.4260733558453,353571552
U36033,51134,2171.294643487542,343441109
U36035,55073,2087.9865526559547,333039284
U36037,60370,1812.841371850979,280954870
U36039,48195,2070.8553830038254,331329546
U36041,5379,2108.8848787839647,335477799
U36043,64427,2070.8030759640706,331265119
U36045,111738,2017.7772961953042,315261513
U36047,2465326,2022.704728586319,316011763
U36049,26944,2048.7983887163728,325771047
U36051,64328,1826.7252987913262,283501579
U36053,69441,1987.387014322778,311135435
U36055,735343,1876.451877574462,290160804
U36057,49708,2076.984516154355,331399589
U36059,1334544,2054.9444651370436,328625820
U36061,1537195,2026.0154658006832,319458416
U36063,219846,1799.8433320439353,279343009
U36065,235469,2020.8551509227404,315434927
U36067,458336,1953.8907567504175,304541106
U36069,100224,1866.8925294164192,288554238
U36071,341367,2022.5129553153818,315670396
U36073,44171,1840.36356366861,285009211
U36075,122377,1977.2768792854554,307852316
U36077,61676,2020.3298261824468,315373251
U36079,95745,2067.53575442972,331169374
U36081,2229379,2032.576161088454,321076627
U36083,152538,2137.1771170619772,341557871
U36085,443728,2005.3023668336473,313482512
U36087,286753,2035.2380706227582,323411966
U36089,111931,2112.7922664965818,335626629
U36091,200635,2129.3841014664586,336162660
U36093,146555,2102.2334905681128,334528831
U36095,31582,2062.5320472663393,330957235
U36097,19224,1869.713123758503,288795378
U36099,33342,1896.7969247914311,296810770
U36101,98726,1829.2755729958033,284127738
U36103,1419369,2134.106333086523,337292213
U36105,73966,1999.8040717083618,312533301
U36107,51784,1904.6576904635763,297315769
U36109,96501,1905.3154992208677,297367553
U36111,177749,2047.6339818870817,325593298
U36113,63303,2151.7994237911844,341872679
U36115,61042,2169.580042015114,343380067
U36117,93765,1917.5168638776456,299739023
U36119,923459,2057.224764047134,330033776
U36121,43424,1792.9778122357282,278233868
U36123,24621,1869.2306701285165,288768287
U37001,130800,1439.5854801984028,156680566
U37003,33603,1279.5360984279414,121080839
U37005,10677,1296.1285936911636,125624219
U37007,25275,1362.0452005822285,138246848
U37009,24384,1262.8541810568588,116409622
U37011,17167,1217.162824938361,110045146
U37013,44958,1662.3477908726952,247080350
U37015,19773,1657.2326322039958,246156072
U37017,32278,1503.0001276057126,175551277
U37019,73143,1531.1597529349292,181803403
U37021,206330,1153.2040610938295,93679872
U37023,89148,1229.1904443641909,111570984
U37025,131063,1326.565679805253,130988890
U37027,77415,1249.062226604837,114805083
U37029,6885,1732.0521655743642,262383152
U37031,59383,1687.7174754235532,252146402
U37033,23501,1451.875396208398,159561715
U37035,141685,1271.5006247457586,119275699
U37037,49329,1447.7514521483563,159029776
U37039,24298,1007.2572196403148,72225468
U37041,14526,1690.2179578401497,252572302
U37043,8775,1033.4967720067712,74476724
U37045,96287,1235.4637288356735,113031108
U37047,54749,1493.4494073670407,169654056
U37049,91436,1638.1797480621358,237810496
U37051,302963,1479.0701039458977,166184591
U37053,18190,1752.123978658949,267829616
U37055,29967,1760.2892238340942,269819968
U37057,147246,1363.6624907003413,139215602
U37059,34835,1336.0561806071405,134379193
U37061,49063,1559.785020317705,191758022
U37063,223314,1485.9559569472192,168408838
U37065,55606,1598.2039752116696,218275228
U37067,306067,1365.140207820054,139492495
U37069,47260,1539.7215825712426,184859579
U37071,190365,1269.0523783107274,117306207
U37073,10516,1685.4075934863044,251208663
U37075,7993,1032.0721560616662,74365529
U37077,48498,1509.820824375807,176727942
U37079,18974,1586.5028972618215,209690036
U37081,421048,1405.6854032232372,149734190
U37083,57370,1598.9338302843246,218520649
U37085,91025,1477.9698403927418,166075999
U37087,54033,1112.7964649239007,84073784
U37089,89173,1152.6620438439534,93550198
U37091,22601,1659.4969360773568,246564760
U37093,33646,1441.2652914144924,156992634
U37095,5826,1724.0882088357728,260139572
U37097,122660,1304.3071112078658,127493053
U37099,33121,1093.4423729237185,82146599
U37101,121965,1524.9578466488115,179980486
U37103,10381,1612.8240689304616,227776048
U37105,49040,1452.0117597949254,159600419
U37107,59648,1588.4089713195538,211198151
U37109,63780,1267.616326638471,116997394
U37111,42151,1197.5528577355099,107353483
U37113,29811,1064.9305351747796,77939077
U37115,19635,1142.5687393081787,92140158
U37117,25593,1641.2457397772678,238891593
U37119,695454,1299.4125673182136,126192354
U37121,15687,1194.3859155185555,107006440
U37123,26822,1384.4112631669861,145777163
U37125,74769,1422.338475878837,152105692
U37127,87420,1564.3861588104126,195563475
U37129,160307,1563.813604666808,195325120
U37131,22086,1623.3797936689607,231607382
U37133,150355,1598.3052696188847,218355811
U37135,118227,1464.8702398712076,163906445
U37137,12934,1676.2594453336997,249888223
U37139,34897,1722.3743228570752,259939444
U37141,41082,1562.465682820786,193011194
U37143,11368,1708.4874891684829,257533017
U37145,35623,1484.1308153879304,168240881
U37147,133798,1615.4024930063063,228766575
U37149,18324,1179.7147999951706,102831585
U37151,130454,1398.1258031914915,148387693
U37153,46564,1395.1850316741509,147953706
U37155,123339,1451.8221241859565,159438376
U37157,91928,1411.949728740874,150807270
U37159,130340,1332.6847673871418,133785398
U37161,62899,1203.985534390216,108476883
U37163,60161,1520.240847975981,179143288
U37165,35998,1418.571666065585,151829566
U37167,58100,1352.4840121197974,136337022
U37169,44711,1372.3060963992891,141568102
U37171,71219,1333.3314013186814,133915738
U37173,12968,1069.2971093742312,79384916
U37175,29334,1120.2732405029228,86255266
U37177,4149,1726.6184055168396,260633271
U37179,123677,1324.0473901010416,130270722
U37181,42954,1533.273181147647,182553725
U37183,627846,1502.7361762294902,174890764
U37185,19972,1560.8620117656365,191978293
U37187,13723,1689.8169414806748,252553810
U37189,42695,1239.4612475702133,113604513
U37191,113329,1556.2601738038811,191032405
U37193,65632,1286.6494000072864,123164066
U37195,73814,1567.3558008725083,196401973
U37197,36348,1329.6354171617634,132844932
U37199,17774,1179.2032459596533,102813811
U38001,2593,1589.1578814153504,212296240
U38003,11775,1563.5506915689602,195168402
U38005,6964,1707.9973546039005,257520517
U38007,888,1708.6223590837205,257544385
U38009,7149,1816.0707686902138,281405757
U38011,3242,1626.540270443624,235428881
U38013,2242,1859.3180135026366,288019439
U38015,69416,1615.3850742476502,228697159
U38017,123138,1550.8513534824458,188553794
U38019,4831,1768.4075830404986,271980718
U38021,5757,1480.1335748055967,166591270
U38023,2283,1892.283347618876,295250258
U38025,3600,1717.08043773622,259419355
U38027,2757,1661.9848922754445,246992533
U38029,4331,1537.595268846032,183837962
U38031,3759,1633.4957406447822,237170638
U38033,1924,1719.4815418251396,259711330
U38035,66109,1662.945909698885,247161344
U38037,2841,1585.3560241423722,209222309
U38039,2754,1622.7718600644787,230309771
U38041,2715,1620.04810175504,229739441
U38043,2753,1594.3593921796607,216418462
U38045,4701,1519.1868525841332,178994682
U38047,2308,1539.468000514957,184827271
U38049,5987,1752.3058756911257,267942351
U38051,3390,1500.615176007014,173638135
U38053,5737,1782.1237165835223,276022936
U38055,9311,1711.7412208871376,257971097
U38057,8644,1687.2138477674764,251559493
U38059,25303,1610.8500505504478,227417997
U38061,6631,1795.9555215304476,278754880
U38063,3715,1671.969838923124,249118260
U38065,2065,1653.9610188672893,245335109
U38067,8585,1756.4500782153702,268572751
U38069,4675,1737.9999471700976,263955421
U38071,12066,1717.9384503514702,259514152
U38073,5890,1503.5196681656532,175710238
U38075,2610,1827.95618456051,284097957
U38077,17998,1474.509255656188,165511340
U38079,13674,1792.029140713784,278169446
U38081,4366,1465.9781517162985,164053374
U38083,1710,1676.5829809574127,249975275
U38085,4044,1541.9209134596208,185461673
U38087,767,1657.3972004618129,246175845
U38089,22636,1665.0151868325725,247427634
U38091,2258,1614.9198197734052,228694901
U38093,21908,1581.8762883609606,206143135
U38095,2876,1771.701932864768,272125284
U38097,8477,1606.9906945413015,224536747
U38099,12389,1715.6758777635075,259333403
U38101,58795,1773.3404525925303,272186811
U38103,5102,1661.5790131360668,246956902
U38105,19761,1844.8209483529554,285519197
U39001,27330,1195.3558135302494,107175175
U39003,108473,1269.880858774907,117518511
U39005,52523,1399.240076063224,148694825
U39007,102728,1570.8376100464616,197418286
U39009,62223,1329.909972348008,132885834
U39011,46611,1247.5694749177494,114526869
U39013,70226,1446.9471426522637,158957703
U39015,42285,1170.6687647927747,101633739
U39017,332807,1150.073522480791,92883081
U39019,28836,1468.0420758937075,164937504
U39021,38890,1250.092944133105,114896532
U39023,144742,1235.274615765194,112831072
U39025,177977,1156.573394474807,94394723
U39027,40543,1202.3566013601317,108165341
U39029,112075,1501.4501990145482,173779694
U39031,36655,1390.841803312798,146786880
U39033,46966,1354.3262542546886,136675966
U39035,1393978,1494.9977229907745,170057096
U39037,53309,1191.7055345020244,105119950
U39039,39500,1285.208488014249,122143482
U39041,109989,1312.535731414935,128279606
U39043,79551,1427.7760961867527,152734591
U39045,122759,1308.7934115323194,128014212
U39047,28433,1236.4530528536422,113488162
U39049,1068978,1293.7034641407183,124347894
U39051,42084,1328.1466386966235,132654970
U39053,31069,1284.4343413539934,121742028
U39055,90895,1516.1189455047922,178188303
U39057,147886,1213.1215225990277,109603216
U39059,40792,1409.2846980885095,150585696
U39061,845303,1136.4865961296605,90598303
U39063,71295,1314.7260946295244,128733780
U39065,31945,1291.7448693457166,123784010
U39067,15856,1452.1958274196418,159712810
U39069,29210,1312.567186642039,128389595
U39071,40875,1204.5199189307916,108596524
U39073,28241,1305.0357913429218,127701998
U39075,38943,1406.4750633778833,150181118
U39077,59487,1396.1014424199125,148157510
U39079,32641,1270.0257893698529,118629570
U39081,73894,1482.4503098156993,167893036
U39083,54500,1361.6505276291223,138105748
U39085,227511,1527.9379408039533,180664156
U39087,62319,1257.3384436610972,115955060
U39089,145491,1339.0886389815832,134653451
U39091,46005,1266.7139403887306,116951389
U39093,284664,1443.3407063974366,158511907
U39095,455054,1375.4630342977998,142463570
U39097,40213,1261.1704558256044,116308845
U39099,257555,1515.63221740765,177903659
U39101,66217,1320.4854604643097,130054391
U39103,151095,1441.9946968687475,157062158
U39105,23072,1318.9984566276446,129025534
U39107,40924,1218.8868960106556,110362251
U39109,98868,1213.0812999570992,109469898
U39111,15180,1422.7409531278008,152186447
U39113,559062,1189.4454910709503,104046550
U39115,14897,1359.0043284457738,137639916
U39117,31628,1342.5672820487066,135386164
U39119,84585,1371.2587040787025,141338642
U39121,14058,1397.3497912369892,148313623
U39123,40985,1395.3266794271653,148000270
U39125,20293,1264.5534454738693,116682003
U39127,34078,1337.1453943762244,134470783
U39129,52727,1271.6775267276435,119417384
U39131,27695,1239.5903156121499,113647208
U39133,152061,1494.4319582901012,169895578
U39135,42337,1163.6505654864818,100691401
U39137,34726,1286.1599500751074,123129340
U39139,128852,1375.931948526956,142918624
U39141,73345,1252.8108482309694,115277891
U39143,61792,1373.5602968747862,142180702
U39145,79195,1230.291188777503,111662337
U39147,58683,1358.5783706399807,137229291
U39149,47910,1233.5966622496671,112510371
U39151,378098,1461.4993435774043,162595986
U39153,542899,1467.8197503073438,164353273
U39155,225116,1533.1226096099908,182328609
U39157,90914,1432.8328467899394,155519721
U39159,40909,1288.3684761464594,123338354
U39161,29659,1244.7576689565485,114187882
U39163,12806,1292.1525762366941,123835055
U39165,158383,1177.3848283608374,102508846
U39167,63251,1378.342034511039,144290620
U39169,111564,1425.3030035654708,152434550
U39171,39188,1297.4920539662717,126103405
U39173,121065,1342.6725590489702,135417792
U39175,22908,1327.39287122181,132276631
U40001,21038,309.4161594520013,10348548
U40003,6105,518.4030196731333,27522437
U40005,13879,184.7151796009249,2594599
U40007,5857,661.8065121608059,37214273
U40009,19799,513.8759372366006,27395454
U40011,11976,457.34271823455254,23821868
U40013,36534,170.5259776953209,1988680
U40015,30150,406.0934146812217,19713773
U40017,87697,402.3248565016394,19612477
U40019,45621,268.2004028683836,8577240
U40021,42521,311.05055219539844,10458659
U40023,15342,126.82982841323062,1390998
U40025,3148,816.1441777501034,50085127
U40027,208016,333.14085189102735,11585568
U40029,6031,217.44003576513558,5484183
U40031,114996,386.17768855354115,19100226
U40033,6614,361.41203914275917,13666543
U40035,14950,407.95783715526994,19806082
U40037,67367,345.26170355890446,12121151
U40039,26142,482.0989983460991,25225161
U40041,37077,364.5567374974049,13748583
U40043,4743,505.1598335098482,27176549
U40045,4075,574.555979743699,31895010
U40047,57813,457.82425194014746,23833844
U40049,27210,296.91710704615457,9907422
U40051,45516,359.7113500441298,13437248
U40053,5144,494.3658267543719,25811632
U40055,6061,488.286687599786,25436020
U40057,3283,505.3932229608557,27181292
U40059,3562,608.1125934782768,33541976
U40061,11792,237.90028536019804,6340446
U40063,14154,256.8861639090882,8176521
U40065,28439,462.49151621065926,24268205
U40067,6818,308.1301966108495,10329416
U40069,10513,222.21306253843528,5684118
U40071,48080,466.4038921459035,24362984
U40073,13926,430.57570219654457,22143624
U40075,10227,440.2288896632097,22599525
U40077,10692,201.86963446918358,5092410
U40079,48109,198.35047600850854,4947217
U40081,32080,348.83819968512523,12720481
U40083,33924,398.6559580432379,19532820
U40085,8831,251.13722536097754,7870711
U40087,27740,327.69612379383585,11426466
U40089,34402,111.34323826777104,1039835
U40091,19456,265.0558718604289,8466281
U40093,7545,497.7170935043619,26053933
U40095,13184,214.40381106620612,5461789
U40097,38369,357.50711149698634,13398879
U40099,12623,264.5390630187914,8434960
U40101,69451,284.5737995871517,8939619
U40103,11411,429.5780849733123,22100736
U40105,10569,416.3891811486718,20910947
U40107,11814,299.76477516812383,10083750
U40109,660448,366.09202143253924,13931311
U40111,39685,303.3638371233681,10143473
U40113,44437,419.13520521365126,20961606
U40115,33194,413.7482521775335,20721883
U40117,16612,398.419363101701,19493445
U40119,68190,388.31203707243793,19321437
U40121,43953,221.97458637700493,5617362
U40123,35143,254.21364542908526,8057849
U40125,65521,310.23226301474466,10393138
U40127,11667,153.63390361267193,1686004
U40129,3436,542.5674707372754,28212773
U40131,70641,371.39295709543563,18296631
U40133,24894,285.0703815238099,9028187
U40135,38972,265.3893044123913,8485737
U40137,43182,326.2342762378407,11383284
U40139,20107,736.115891507773,44000645
U40141,9287,412.75934859184355,20663600
U40143,563299,351.9729785934591,12764374
U40145,57491,324.68801457827715,11325793
U40147,48996,413.20873772638714,20672887
U40149,11508,460.45376977315607,24024028
U40151,9089,553.9842367303489,30232830
U40153,18486,554.5996130963749,30251571
U41001,16741,2355.718639125786,371469786
U41003,78153,2770.5637024571347,395672881
U41005,338391,2702.4672895846006,391595451
U41007,35630,2845.8532193989645,401006109
U41009,43560,2797.4446838892695,399286450
U41011,62779,2783.083238327968,398568711
U41013,19182,2528.7354861952613,385342214
U41015,21137,2774.531490682851,395896269
U41017,115367,2583.9009651258048,388413023
U41019,100399,2712.2845994260606,392398280
U41021,1915,2567.2767711396755,388054223
U41023,7935,2441.9394152617974,375676878
U41025,7609,2382.1437329775767,372956478
U41027,20411,2676.9884362150337,391479694
U41029,181269,2650.3200583223547,390818031
U41031,19009,2607.769631529279,390014938
U41033,75726,2723.3393594345534,393989362
U41035,63775,2576.2683906116617,388101959
U41037,7422,2481.008244421109,378560225
U41039,322959,2711.9700478542786,392066332
U41041,44479,2812.217878195183,400061321
U41043,103069,2704.0393573023935,391933842
U41045,31615,2281.99878604676,362986822
U41047,284834,2720.9820609810868,393704528
U41049,10995,2525.6302488535216,385272309
U41051,660486,2733.7573661652355,394159061
U41053,62380,2782.3918818586562,398506331
U41055,1934,2601.6081688633462,388651656
U41057,24262,2828.770582873696,400447916
U41059,70548,2472.0194528183015,378396619
U41061,24530,2406.4816429781076,374358418
U41063,7226,2364.685783924095,371902874
U41065,23791,2627.11315816039,390466537
U41067,445342,2783.7013267434886,398679709
U41069,1547,2526.2483586253957,385283304
U41071,84992,2788.5148588365114,399125051
U42001,91292,1732.7778067512754,262502785
U42003,1281666,1544.4363745644894,185960766
U42005,72392,1600.7399861767396,220721364
U42007,181412,1528.1335529650867,180891667
U42009,49984,1636.986317786755,237745569
U42011,373638,1856.6551141839616,287504871
U42013,129144,1673.1468628311711,249225769
U42015,62761,1870.8620775910956,288989887
U42017,597635,1919.4204426125884,300279066
U42019,174083,1572.295395854376,198168630
U42021,152598,1641.8318637370642,239305879
U42023,5974,1726.9051722815877,260641408
U42025,58802,1893.5270312561677,295416706
U42027,135758,1727.6060639078578,261476869
U42029,433501,1854.8379375398185,286950835
U42031,41765,1624.170784820374,232332756
U42033,83382,1684.4712113228472,251073162
U42035,37914,1758.5418507103789,269688084
U42037,64151,1844.701355417861,285455046
U42039,90366,1602.0043748646362,221457475
U42041,213674,1740.7602217793474,265367231
U42043,251798,1787.9853477285014,276664299
U42045,550864,1881.335727725357,291857833
U42047,35112,1692.6364817191059,254430769
U42049,280843,1628.5475700684187,235717909
U42051,148644,1543.1235054644824,185634228
U42053,4946,1653.6423522110993,245330163
U42055,129313,1694.5713787354803,254624121
U42057,14261,1662.328523135992,247066089
U42059,40672,1495.12557605702,171451074
U42061,45586,1696.255076779837,254971461
U42063,89605,1620.9961634076635,230135858
U42065,45932,1651.7223457348884,245156607
U42067,22821,1745.2193533299333,265858806
U42069,213295,1922.9486738480605,300933092
U42071,470658,1816.9036321980386,281560785
U42073,94643,1546.1684190190235,187375116
U42075,120327,1812.6526200994183,280726339
U42077,312090,1890.9974578105082,294744285
U42079,319250,1883.2818607512165,292415243
U42081,120044,1808.1236119110251,280433881
U42083,45936,1719.1125801048054,259654188
U42085,120293,1569.3378484126529,197233980
U42087,46486,1731.618788342745,262312026
U42089,138687,1928.8667931890502,301696980
U42091,750097,1893.76673376263,295482213
U42093,18236,1823.8246230643908,283148459
U42095,267066,1918.724788623841,299859529
U42097,94556,1812.7017716904306,280846666
U42099,43602,1750.0902475020976,267335052
U42101,1517550,1906.027915326776,297464054
U42103,46302,1962.927626492954,305101349
U42105,18080,1765.1495524512402,270921759
U42107,150336,1845.005609354241,285538958
U42109,37546,1780.3697258891189,273321060
U42111,80023,1594.1210461176483,216324384
U42113,6556,1853.8710516351284,286932963
U42115,42238,1925.033443221104,301162081
U42117,41373,1813.2476796573796,281047825
U42119,41624,1790.783861039213,278006058
U42121,57565,1610.9674355023697,227528650
U42123,43863,1667.4405811949687,248118780
U42125,202897,1510.3439255504895,176837585
U42127,47722,1956.147851529706,304999442
U42129,369993,1575.5927055522602,199981180
U42131,28080,1896.0298682216064,296699180
U42133,381751,1774.0205732739005,272311215
U44001,50648,2271.376051770663,362424895
U44003,167090,2247.3794695971997,357554029
U44005,85433,2264.8796617948938,362101833
U44007,621602,2253.7730561555622,358046307
U44009,123546,2235.000899297233,356342052
U45001,26167,1141.8095839081122,92084601
U45003,142552,1217.305390721245,110062313
U45005,11211,1245.5944227956606,114217541
U45007,165740,1127.6826634251374,87909060
U45009,16658,1272.7766359325394,119594489
U45011,23478,1237.0692395317535,113516595
U45013,120937,1315.5175684311819,128805075
U45015,142651,1374.8837586890204,142307045
U45017,15185,1296.0579023285356,125609034
U45019,309969,1379.5293725310073,144696700
U45021,52537,1227.0204084165484,111078456
U45023,34068,1263.9362836720668,116604372
U45025,42768,1355.0649503293587,136751545
U45027,32502,1348.1316994640342,136163381
U45029,38264,1312.831078538173,128418805
U45031,67394,1371.776376892901,141479681
U45033,30722,1425.829039609865,152549494
U45035,96413,1333.916589544715,134003438
U45037,24595,1186.059245354469,103756411
U45039,23454,1265.143128338376,116927935
U45041,125761,1394.5194597063708,147790728
U45043,55797,1434.1411912743251,155739686
U45045,379616,1155.833671861753,94015107
U45047,66271,1172.1139850457935,101723630
U45049,21386,1267.9764769479193,117270431
U45051,196629,1462.2924689911783,163415273
U45053,20678,1283.5368901966976,121486727
U45055,52647,1314.069624063518,128524159
U45057,61351,1305.6625984592204,127734737
U45059,69567,1185.2083283443492,103622540
U45061,20119,1344.796510582976,135790784
U45063,216014,1250.3250168918153,114958970
U45065,9958,1154.0096367941194,93889956
U45067,35466,1426.5977051461778,152648016
U45069,28818,1398.8787396274568,148577442
U45071,36108,1221.2135915526712,110529496
U45073,66215,1091.5066712533664,81991241
U45075,91582,1294.7496695230438,125500560
U45077,110757,1123.7420122323958,86733619
U45079,320677,1285.1578164030996,121822805
U45081,19181,1208.4841370539684,109336881
U45083,253791,1190.870003860086,104685223
U45085,104646,1332.5251556161802,133680752
U45087,29881,1222.487552154784,110565604
U45089,37217,1394.6617959853545,147916489
U45091,164614,1264.5610290856455,116702296
U46003,3058,1226.2476372535705,110962796
U46005,17023,1293.8562790983149,125438442
U46007,3574,1272.9184030507265,119611147
U46009,7260,1131.7751489064851,88567186
U46011,28220,1265.1141867954425,116899715
U46013,35460,1421.4603845265453,151988802
U46015,5364,1239.7100757787648,113674903
U46017,2032,1275.6640481025609,120737246
U46019,9094,1511.6292220422306,177127207
U46021,1782,1479.5510267936902,166585063
U46023,9350,1171.678502163616,101690993
U46025,4143,1330.835478614231,132955046
U46027,13537,1107.2130862073454,83591490
U46029,25897,1334.9963081484352,134127851
U46031,4181,1503.8022966654105,175740376
U46033,7275,1398.5318702063864,148558749
U46035,18741,1212.0452318470598,109430420
U46037,6267,1383.9860999004482,145769749
U46039,4498,1305.626431141929,127730239
U46041,5972,1437.7963409011986,156596916
U46043,3458,1185.653650869272,103714350
U46045,4367,1420.21872965914,151961612
U46047,7453,1359.458547755347,137679542
U46049,2640,1382.2503261798447,145363293
U46051,7847,1352.379813485208,136329175
U46053,4792,1185.133178493454,103617748
U46055,2196,1376.3168709771742,143066376
U46057,5540,1303.4283913946854,127461556
U46059,3741,1323.6834349358323,130266981
U46061,3139,1204.8005237052412,108637399
U46063,1353,1576.4319357109941,202155620
U46065,16481,1333.6937707876932,133986957
U46067,8075,1166.7503712263242,100798152
U46069,1671,1335.0032048146963,134153748
U46071,2930,1318.346430728749,128983495
U46073,2295,1263.3527422840743,116508003
U46075,1193,1310.9550787467717,128215933
U46077,5815,1273.5735649278795,119636829
U46079,11276,1231.2784356621166,111746494
U46081,21802,1474.649214063286,165529338
U46083,24131,1143.6369156743415,92279682
U46085,3895,1278.0539013468087,121043730
U46087,5832,1196.8450724487275,107325284
U46089,2904,1459.9844277101934,162510892
U46091,4576,1424.7175856542112,152247495
U46093,24253,1451.4298992300517,159336904
U46095,2083,1276.7582330098955,120842958
U46097,2884,1237.843150816123,113549123
U46099,148281,1187.193659643113,103842750
U46101,6595,1223.592046448818,110694131
U46103,88565,1398.8797659843049,148606260
U46105,3363,1526.493799559028,180621693
U46107,2693,1402.4307711117456,149501101
U46109,10016,1403.9771940904432,149627314
U46111,2675,1247.3190056750004,114524194
U46113,12466,1325.7518361953923,130976424
U46115,7454,1350.2246917221823,136271201
U46117,2772,1359.8566680873587,137735387
U46119,1556,1372.067175877622,141566546
U46121,9050,1237.714205434218,113540073
U46123,6430,1223.1332903615394,110669970
U46125,8849,1153.0711978296533,93671023
U46127,12584,1093.493854535054,82179720
U46129,5974,1442.4598165442096,157918308
U46135,21652,1124.242993740321,87349506
U46137,2519,1448.0835332042664,159111169
U47001,71330,1019.8800890472487,73114812
U47003,37586,805.1337047708412,49339592
U47005,16537,692.4116545803334,39755997
U47007,12367,916.585305266344,57663079
U47009,105823,1031.7047193203957,74248177
U47011,87965,936.2451869579045,59691190
U47013,39854,1032.1682153141041,74373522
U47015,12826,849.135573975491,53120816
U47017,29475,656.7637501681169,36776613
U47019,56742,1204.253283374392,108539782
U47021,35912,780.0154605566177,47599878
U47023,15540,618.3384635124265,34036885
U47025,29862,1078.0527810130711,80179025
U47027,7976,920.7836594927293,58775210
U47029,33565,1108.0591569557378,83664473
U47031,48014,837.3660204167356,51852909
U47033,14532,594.1616344214189,32626639
U47035,46802,945.739557108695,60582456
U47037,569891,802.1889905029545,48373538
U47039,11731,667.9600773424496,37717793
U47041,17423,874.8141350610053,55077113
U47043,43156,753.4444390890416,45712303
U47045,37279,587.4406214004102,32380978
U47047,28806,541.2823828138697,28116509
U47049,16625,965.5562352615999,63924025
U47051,39270,826.1361488270663,51315257
U47053,48152,619.7741601745787,34054215
U47055,29447,745.1324446943771,44951124
U47057,20659,1083.9913717233003,80580420
U47059,62909,1138.607338904631,91471510
U47061,14332,865.5631997561198,54146742
U47063,58128,1103.3241355196994,83397042
U47065,307896,905.805431631186,56702350
U47067,6786,1115.759389129058,85499701
U47069,28105,577.7369900047023,32110730
U47071,25578,645.4018149670884,35441128
U47073,53563,1139.0894105288314,91542698
U47075,19797,570.7055050283558,31610797
U47077,25522,646.9102349407299,35466706
U47079,31115,687.5518316603406,39181275
U47081,22295,729.8681683622112,43482199
U47083,8088,732.5393423183302,43547608
U47085,17929,713.7459607454858,40830743
U47087,10984,902.3221136845176,56490978
U47089,44294,1083.365506473818,80492848
U47091,17499,1231.7533436011638,111907347
U47093,382032,1038.5521613414323,75169735
U47095,7954,598.2103431883071,32725411
U47097,27101,552.8995816232729,30205729
U47099,39926,714.2188223375741,40989087
U47101,11367,716.2296138714203,41049191
U47103,31340,782.15552141603,47839145
U47105,39086,998.4481604655542,71401184
U47107,49015,963.7094428674546,63781633
U47109,24653,611.9802165255884,33567069
U47111,20386,882.8035420899164,55515952
U47113,91837,608.0781679778696,33450139
U47115,27776,868.1992395759311,54417897
U47117,26767,777.0306128737176,47497897
U47119,69498,755.409188793169,45869079
U47121,11086,947.6814358905652,61253429
U47123,38961,997.0382268048695,71342966
U47125,134768,769.2703031079534,46233203
U47127,5740,806.923232370282,49462165
U47129,19757,982.3492804329605,66724264
U47131,32450,624.518961861272,34221494
U47133,20118,934.8126496891236,59668865
U47135,7631,689.608332847158,39347844
U47137,4945,960.4797264216368,63534596
U47139,16050,963.7614881385948,63830648
U47141,62315,909.1723807937136,57199928
U47143,28400,939.2267169577568,59815280
U47145,51910,983.3703091343622,66744021
U47147,54433,811.584796539681,49656880
U47149,182023,820.0798898212612,50715077
U47151,21127,1004.542036270253,72104415
U47153,11370,892.6025745498201,56025919
U47155,71170,1069.5570447489672,79397884
U47157,897472,500.9411635146217,26184233
U47159,17712,875.9796462774231,55125909
U47161,12370,732.7402409633415,43555696
U47163,153048,1195.3327800497098,107022127
U47165,130449,842.2876052559601,52076835
U47167,51271,527.7328154774619,27817719
U47169,7259,863.7531507582712,54092611
U47171,17667,1174.1102689883658,102172844
U47173,17808,1056.0402695306127,77397407
U47175,5508,897.6972213037748,56070485
U47177,38276,869.3813785395856,54485800
U47179,107198,1172.4471109280596,101942208
U47181,16842,678.3458103705427,38563044
U47183,34895,653.7706391724269,35745865
U47185,23102,905.2294929927386,56679248
U47187,126638,781.4595610255674,47635790
U47189,88809,842.5378640179922,52207284
U48001,55109,166.55174520020967,1874368
U48003,13004,745.363812288498,44980985
U48005,80130,207.69642838076695,5200548
U48007,22497,597.5126724148298,32702914
U48009,8854,371.65269260833105,18367272
U48011,2148,644.1495095399013,35291099
U48013,38628,592.8355623022546,32588011
U48015,23590,387.2104497356838,19226721
U48017,6594,757.616427192929,45942031
U48019,17645,569.5444873527676,31589288
U48021,57733,414.81445603193873,20793463
U48023,4093,418.56101920930183,20957513
U48025,32359,596.7221236559425,32641171
U48027,237974,347.01826928187097,12482507
U48029,1392931,544.101922438028,28437303
U48031,8418,470.1646519746862,24483800
U48033,729,626.9246848886063,34273107
U48035,17204,304.29091457761336,10257963
U48037,89306,46.573518562926175,79563
U48039,241767,444.28303197347407,22703517
U48041,152415,311.2366227487237,10501180
U48043,8866,887.8315909681043,55713326
U48045,1790,618.3509004083556,34052425
U48047,7976,754.8613386657595,45850835
U48049,37674,427.84234237840656,22063062
U48051,16470,342.1323441328739,11957987
U48053,34147,417.35866894419064,20923366
U48055,32194,456.5159949290577,23779149
U48057,20647,548.8473713812565,30039471
U48059,12905,443.87585032840803,22690612
U48061,335227,824.0248900640706,50901588
U48063,11549,27.980692439529374,28118
U48065,6516,659.8442597465851,36904391
U48067,30438,35.01165394655826,39667
U48069,8285,713.0093408449419,40807749
U48071,26031,379.62911812174303,18476524
U48073,46659,147.06572191138676,1602548
U48075,7688,529.8548105816677,27882499
U48077,11006,331.55980906022336,11559221
U48079,3730,754.1994085696654,45781342
U48081,3864,570.673133008824,31606933
U48083,9235,453.0256533661597,23642393
U48085,491675,172.19780095925003,2034836
U48087,3206,550.3600167814387,30060118
U48089,20390,426.4037085798102,22029073
U48091,78021,497.54264433913784,25958915
U48093,14026,380.75234139189064,18514386
U48095,3966,522.6379826485978,27663244
U48097,36363,237.48721713210898,6304083
U48099,74978,346.44556113687247,12407529
U48101,1904,524.962212847455,27667210
U48103,3996,753.2197688129464,45708307
U48105,4099,684.0087594392309,38893273
U48107,7072,612.4600326190077,33591722
U48109,2975,939.3277867980688,59843680
U48111,6222,800.4401823512753,48342713
U48113,2218899,195.0006898769666,2728318
U48115,14985,674.8387021799315,38460024
U48117,18561,753.6373923813203,45762781
U48119,5327,92.60525120803814,525687
U48121,432976,222.54329672344343,5694631
U48123,20013,513.8671266619614,27375441
U48125,2762,565.1113820764816,31038015
U48127,10248,709.7097921074319,40594931
U48129,3828,596.8260934818776,32673530
U48131,13120,704.1674471574222,40221052
U48133,18297,394.11050775527235,19450267
U48135,121123,745.7498103426999,44993989
U48137,2162,632.7737555090216,34513631
U48139,111360,211.4780068179883,5303863
U48141,679622,1090.2801565476232,81295920
U48143,33001,341.12356743119796,11908794
U48145,18576,293.2677805269462,9874354
U48147,31242,138.1186344505115,1462471
U48149,21804,415.78348646837776,20889143
U48151,4344,531.1064490708414,27970849
U48153,7771,618.0233237762981,34029114
U48155,1622,477.49098042132624,24656817
U48157,354452,411.335243957416,20274915
U48159,9458,45.90528371029078,70105
U48161,17867,205.83000595464154,5182681
U48163,16252,630.241755144758,34439147
U48165,14467,738.5513946304776,44368534
U48167,250158,432.7193192667893,22193835
U48169,4872,611.7653258932583,33562197
U48171,20814,504.9230760218428,27137780
U48173,1406,652.544478020725,35713236
U48175,6928,558.5181030169463,30428207
U48177,18628,482.40976978778997,25288541
U48179,22744,613.9948268165068,33822502
U48181,110595,189.2466523836637,2617723
U48183,111379,70.5350257783605,229415
U48185,23552,309.8832742591995,10369586
U48187,89023,497.8050046052917,26061478
U48189,36602,665.3955610987571,37299184
U48191,3782,560.3349923305766,30539638
U48193,8229,354.01381073376854,13390650
U48195,5369,700.0325757246387,40115366
U48197,4724,481.950455182789,25138289
U48199,48073,311.6328077381229,10653595
U48201,3400578,367.91027318676015,14885799
U48203,62110,71.49267810986235,377546
U48205,5537,783.0416886981533,47870485
U48207,6093,465.6074935064305,24356891
U48209,97589,461.60530719496825,24100090
U48211,3351,591.0651504463594,32484442
U48213,73277,145.50026822990202,1519316
U48215,569463,818.1838585776088,50106293
U48217,32321,257.85263375168125,8190675
U48219,22716,709.105103365162,40572215
U48221,41100,299.83144589402525,10095564
U48223,31960,77.75713244330672,439656
U48225,23185,209.79834912027778,5280678
U48227,33627,634.093817551288,34536461
U48229,3344,1017.6347532883603,72896303
U48231,76596,125.99787163389732,1314402
U48233,23857,678.9663495085986,38598018
U48235,1771,621.6806535468282,34180207
U48237,8763,320.56542936309967,10865547
U48239,14391,495.06184706969003,25816776
U48241,35604,271.28516325002863,8633421
U48243,2207,935.1609978859145,59688983
U48245,252051,367.0600106185484,14615805
U48247,5281,776.0673816582196,47098173
U48249,39326,679.82612329834,38649822
U48251,126811,259.63677587469664,8264129
U48253,20785,481.8926169619238,25117504
U48255,15446,555.0539696027272,30313710
U48257,71313,156.463116205059,1697671
U48259,23743,516.4860325554766,27498694
U48261,414,745.2255078639847,44980571
U48263,859,562.3028660387564,30584287
U48265,43653,554.6233280632465,30270057
U48267,4468,557.3891198230928,30351135
U48269,356,515.6337440078021,27463345
U48271,3379,684.1064431928403,38897372
U48273,31549,691.2909972120116,39571939
U48275,4253,469.2079623230781,24475188
U48277,48499,99.11777952390182,705720
U48279,14709,713.4447083312521,40816034
U48281,17762,393.4324327054806,19432505
U48283,5866,674.4858539354601,38360351
U48285,19210,464.66950987259014,24319907
U48287,15657,376.53880060517,18451127
U48289,15335,234.42808267066678,6156783
U48291,70154,328.72021143623135,11479646
U48293,22051,247.15800690711814,7832196
U48295,3057,616.7721383974134,33936241
U48297,12309,621.4321944294389,34167898
U48299,17044,459.4199635993429,24006984
U48301,67,840.228848299085,52047883
U48303,242628,660.6862081122937,36944888
U48305,6550,659.9335923043336,36910907
U48307,8205,484.84020476063563,25307169
U48309,213517,290.2890561771731,9660837
U48311,851,641.941043140485,35221666
U48313,12940,264.47543415889237,8422020
U48315,10941,49.7233876950779,204160
U48317,4746,682.4636738020164,38785400
U48319,3738,503.0028688802707,27095298
U48321,37957,496.87762860634655,25920958
U48323,47297,720.7778030882354,41178599
U48325,39304,590.364848820547,32445138
U48327,2360,543.2774160280342,28407477
U48329,116009,697.9329401836497,39971152
U48331,24238,334.80717718173304,11793584
U48333,5151,405.4783768129802,19708622
U48335,9698,586.5480706906424,32371280
U48337,19117,284.85518244921235,9009070
U48339,293768,321.42394825771555,11032025
U48341,20121,722.5203909989908,41225896
U48345,1426,571.3299817491359,31630594
U48347,59203,166.71571715155443,1929477
U48349,45124,202.17841302427647,5103102
U48351,15072,275.53508446619827,8748839
U48353,15802,539.5971927452462,28050045
U48355,313645,655.1523492845398,35780760
U48357,9006,658.0635948788346,36811350
U48359,2185,766.2595629842898,46217958
U48361,84966,342.5170580113588,11974457
U48363,27026,337.2603888731089,11866542
U48365,22756,113.21385082528886,1121609
U48367,88495,289.44874961119956,9488064
U48369,10016,760.4326314296598,46005311
U48371,16809,797.6054895780262,48308271
U48373,41133,259.56964973759693,8222996
U48375,113546,705.4836094487923,40258697
U48377,7304,966.7631419198289,64015741
U48379,9139,102.97046413916837,1006380
U48381,104312,691.3239658154628,39603488
U48383,3326,666.7468666133364,37523625
U48385,3047,604.7650528451775,33358022
U48387,14314,63.23904187588855,215101
U48389,13137,868.5137991597563,54445673
U48391,7828,582.5997500977119,32257163
U48393,887,633.8003684936339,34527822
U48395,16000,286.9648956808767,9075327
U48397,43080,158.38855745610553,1794208
U48399,11495,511.6241766499253,27363946
U48401,47372,112.04424580601041,1074237
U48403,10469,213.8831975805312,5451320
U48405,8946,200.1489989051382,5040955
U48407,22246,285.70399116974386,9053081
U48409,67138,627.2835288570133,34304780
U48411,6186,442.49764538864713,22684426
U48413,2935,599.7468753172931,32733365
U48415,16361,578.5486716481428,32138835
U48417,3302,432.8704728894194,22458896
U48419,25224,157.54183875057507,1768984
U48421,3186,743.1894131378108,44824487
U48423,174706,96.4360665995049,531014
U48425,6809,301.4892866025978,10136664
U48427,53597,825.5612785477095,51261660
U48429,9674,385.97703952205353,19090552
U48431,1393,610.124636397727,33545538
U48433,1693,514.2895290668092,27434660
U48435,4077,617.4150524461046,34004088
U48437,8378,665.6658056769578,37505657
U48439,1446219,242.0070635313683,6364838
U48441,126555,491.62119971868464,25492864
U48443,1081,765.1442886852335,46184286
U48445,12761,708.4246041296541,40538628
U48447,1850,416.7637269332235,20921516
U48449,28118,24.492287726486023,0
U48451,104010,571.6337689792141,31683638
U48453,812280,425.2884492744513,21216793
U48455,13779,229.160505387657,6143004
U48457,20871,263.14925089484257,8401149
U48459,35291,46.66556582549458,168869
U48461,3404,715.0444074824508,41029013
U48463,25926,635.7041624519406,34570088
U48465,44856,706.436152083068,40467932
U48467,48140,120.46949154260265,1266262
U48469,84088,525.8377935083333,27697798
U48471,61758,275.6034078480358,8763911
U48473,32663,364.9149775615072,13817095
U48475,10909,806.8623661732943,49451256
U48477,30373,359.7265902692973,13482764
U48479,193117,739.8972633819328,44576807
U48481,41188,450.05786105458145,23460350
U48483,5284,567.1545291227382,31546277
U48485,131664,382.00963371076534,18528412
U48487,14676,431.54510557715275,22157550
U48489,20082,787.6423279619286,47999216
U48491,249967,385.9683375308152,18840585
U48493,32408,542.3692317980948,28180365
U48495,7173,793.9081483875375,48162090
U48497,48793,272.35519246042617,8669025
U48499,36752,71.14828082610472,340794
U48501,7322,753.5100781292507,45755459
U48503,17943,367.62948602661857,14867856
U48505,12182,804.1051512079457,49005710
U48507,11600,673.2752873184354,37948908
U49001,6005,1765.9822620566229,271010839
U49003,42745,1863.2613544960861,288342113
U49005,91391,1777.468154615423,272825922
U49007,20422,1592.8970755140656,214523767
U49009,921,1568.2414187166903,196868619
U49011,238994,1778.394650701637,272979869
U49013,14371,1607.8660875534108,224585919
U49015,10860,1577.0978430107582,202203897
U49017,4735,1600.0106541122482,220334928
U49019,8485,1482.8363693282006,167994429
U49021,33779,1758.666587646542,269749257
U49023,8238,1771.1487338073568,272059792
U49025,6046,1617.6399668408696,229449409
U49027,12405,1810.7803875117083,280690853
U49029,7129,1733.3591037597903,262878791
U49031,1435,1671.6093536360017,249036553
U49033,1961,1734.8122384501721,263267521
U49035,898387,1740.4654673164273,264411497
U49037,14413,1452.7775068054073,159754793
U49039,22763,1659.9430966588895,246755235
U49041,18842,1657.6410305432248,246195891
U49043,29736,1676.6909066449455,249976985
U49045,40735,1826.0578852265028,283406340
U49047,25224,1530.059834958975,181187451
U49049,368536,1697.0063997993213,255028953
U49051,15215,1666.5477975738386,247970181
U49053,90354,1762.9254724217085,270601264
U49055,2509,1573.6352002425551,198967011
U49057,196533,1764.4528353672476,270715681
U50001,35974,2225.1446618723053,356107120
U50003,36994,2181.4998400218146,353515828
U50005,29702,2320.121526534562,368644527
U50007,146571,2251.319902192404,357721119
U50009,6459,2359.4128160336486,371486527
U50011,45417,2282.8019168042047,363128524
U50013,6901,2252.494616012941,358032713
U50015,23233,2289.0689246038955,363882613
U50017,28226,2279.743454935722,362577755
U50019,26277,2327.5621083926503,369358731
U50021,63400,2211.4203643442384,354661652
U50023,58039,2275.159372383999,362475543
U50025,44216,2209.5605161390367,354617436
U50027,57418,2244.601071907137,357458178
U51001,38305,1791.7833765502337,278112385
U51003,79236,1559.5461364798698,191588117
U51005,12926,1429.5796807294732,152980705
U51007,11400,1590.8019595942874,214352264
U51009,31894,1497.6477206857917,171756756
U51011,13705,1519.4162339302889,179089378
U51013,189453,1707.5026317204954,256444382
U51015,65615,1514.1996073495964,177713245
U51017,5048,1461.9566982104516,162974084
U51019,60371,1456.2898412029172,162326787
U51021,6871,1314.335012106,128576806
U51023,30496,1439.4792085476495,156641019
U51025,18419,1588.4738566162641,211257799
U51027,26978,1241.459959792542,113819673
U51029,15623,1548.9010556020996,187934872
U51031,51078,1490.8170723139478,169236271
U51033,22121,1661.4920984383357,246934781
U51035,29245,1337.4153489993041,134511654
U51036,6926,1670.9511182257359,248982750
U51037,12472,1523.710243914698,179475991
U51041,259903,1625.2832580961733,234435714
U51043,12652,1642.1364471727159,239458477
U51045,5091,1400.8520983578937,149461784
U51047,34262,1623.844280116471,232284064
U51049,9017,1571.205565071454,197526640
U51051,16395,1210.7500862129932,109414025
U51053,24533,1614.329537829624,228635952
U51057,9989,1694.1164235303845,254566030
U51059,969749,1691.5254140676973,252775045
U51061,55139,1643.3804222096765,239638802
U51063,13874,1375.290192982012,142449696
U51065,20047,1576.7659311774128,202183850
U51067,47286,1417.1715641906883,151435476
U51069,59209,1623.191510347464,231479344
U51071,16657,1354.6736766643226,136722932
U51073,34780,1717.9043025800966,259479372
U51075,16863,1605.4715981543577,223614218
U51077,17917,1292.3142502497335,123847861
U51079,15244,1574.9700695664383,199924092
U51081,11560,1613.3623541282157,227838014
U51083,37355,1493.9926588041772,169858223
U51085,86320,1642.623066671727,239525028
U51087,262300,1651.3185523583459,244376831
U51089,57930,1399.7744851558484,148754862
U51091,2536,1485.5703675294728,168380970
U51093,29728,1692.2550100660753,254317613
U51095,48102,1694.1393009232677,254576019
U51097,6630,1693.1455459370666,254506080
U51099,16803,1684.3296580650713,251056359
U51101,13146,1675.6519408670729,249839336
U51103,11567,1733.8964526376835,262885920
U51105,23589,1129.8983418302134,88460039
U51107,169599,1669.8217074115437,248338543
U51109,25627,1608.3294132766619,224653617
U51111,13146,1558.7225648427116,191474709
U51113,12520,1594.7436034905252,216537063
U51115,9207,1740.4692652715778,265309884
U51117,32380,1542.373667701727,185498902
U51119,9932,1721.8398971109964,259927508
U51121,83629,1378.7876282887678,144520320
U51125,14445,1525.0616877888924,180102451
U51127,13462,1679.2436904190995,250239323
U51131,13093,1768.1111923820201,271964308
U51133,12259,1740.2767366446383,263970617
U51135,15725,1579.5669276973995,204850405
U51137,25881,1612.1147590485812,227625053
U51139,23177,1583.9655069245907,208163001
U51141,19407,1374.2111697929197,142287638
U51143,61745,1455.1649505264515,162157563
U51145,22377,1601.1445440385648,220919680
U51147,19720,1548.411526011855,187772872
U51149,33047,1652.7992698578935,245291680
U51153,280813,1670.490936484912,248671920
U51155,35127,1347.6525464976178,136073423
U51157,6983,1612.6412274726342,227743015
U51159,8809,1712.2648830612632,257989888
U51161,85778,1400.1560283701854,148812792
U51163,20808,1477.687774180703,165930474
U51165,67725,1548.1923067481625,187705147
U51167,30308,1225.5036649218155,110898891
U51169,23403,1174.3484617333334,102207754
U51171,35075,1585.1944919926652,208806725
U51173,33081,1270.3344151742083,118699921
U51175,17482,1654.2599370460193,245560623
U51177,90395,1639.9350789483015,238349235
U51179,92446,1663.4560650306878,247245079
U51181,6829,1681.1687689725968,250543589
U51183,12504,1644.2739711538165,239981256
U51185,44598,1276.9530049715859,120855197
U51187,31584,1617.1496001826558,229400566
U51191,51103,1232.2934959625293,112261454
U51193,16718,1710.1992055517455,257634061
U51195,40123,1182.1933756276844,103004726
U51197,27599,1311.203187063711,128217126
U51199,56297,1725.4264307211436,260548123
U51510,128283,1707.16070984782,256316099
U51515,6299,1457.6113792507615,162407990
U51520,17367,1210.6317056538935,109396658
U51530,6349,1482.89971324987,168002914
U51540,45049,1565.6967100123204,196112843
U51550,199184,1724.380554307675,260145398
U51560,4289,1446.1783466147333,158873166
U51570,16897,1639.078946664549,238226641
U51580,6303,1431.1738135523863,153112174
U51590,48411,1449.0737417240691,159258201
U51595,5665,1615.7858141419294,228981622
U51600,21498,1690.251413761643,252586828
U51610,10377,1701.5486226693413,255537977
U51620,8346,1667.9795728918066,248168755
U51630,19279,1657.615819484033,246176612
U51640,6837,1319.5336157882211,130047554
U51650,146437,1730.854011344223,262156081
U51660,40468,1545.8039999279274,187334648
U51670,22354,1648.2108572049724,240709529
U51678,6867,1476.9940256452915,165818053
U51680,65269,1487.1399667016155,168678573
U51683,35135,1671.4503566653639,249001418
U51685,10290,1675.1257253559368,249824897
U51690,15416,1411.4323500962876,150758365
U51700,180150,1711.6863817742694,257790947
U51710,234403,1733.3105359975677,262628679
U51720,3904,1180.3714198196787,102895037
U51730,33740,1638.2455833930635,237901932
U51735,11566,1731.7385432509611,262358512
U51740,100565,1722.4277885145625,259974341
U51750,15859,1362.6794594834728,138497422
U51760,197790,1638.3171487317597,237935672
U51770,94911,1418.4274755591987,151734655
U51775,24747,1410.362715702512,150678694
U51790,23853,1521.011655368849,179219882
U51800,63677,1695.248005787627,254844178
U51810,425257,1750.4359404779607,267386361
U51820,19520,1531.5554972001917,181897665
U51830,11998,1699.2478500798973,255426776
U51840,23585,1629.2065406850581,236027665
U53001,16428,2530.7340276287537,385418729
U53003,20551,2398.974514307789,373637528
U53005,142475,2557.452908222366,387477849
U53007,66616,2713.975723976453,392498679
U53009,64525,2948.341093579919,404075521
U53011,345238,2747.618332717995,394979494
U53013,4064,2450.9924836392656,376425511
U53015,92948,2776.8304079433155,395955981
U53017,32603,2646.7304424779477,390772406
U53019,7260,2610.6554092602732,390178866
U53021,49347,2531.0021769972395,385435157
U53023,2397,2433.1642984155724,375612797
U53025,74698,2603.9667301759437,389129439
U53027,67194,2899.2217571330825,401829895
U53029,71558,2865.382907772419,401295878
U53031,25953,2906.5825548827966,401897089
U53033,1737034,2777.135426493757,396048929
U53035,231969,2839.6052704221474,400573830
U53037,33362,2680.789685220702,391500105
U53039,19161,2629.3534579523935,390490328
U53041,68600,2773.4367308419755,395751034
U53043,10184,2555.066960363555,387467665
U53045,49405,2862.76079834892,401246473
U53047,39564,2691.2262044848226,391533467
U53049,20984,2872.158372625895,401382704
U53051,11732,2537.8043034709485,386505564
U53053,700820,2777.5330741043276,397785963
U53055,14077,2910.869763589808,401949791
U53057,102979,2825.295293666572,400344937
U53059,9872,2719.6684256278454,393694656
U53061,606024,2799.972304810316,399330010
U53063,417939,2492.2888029058513,380598244
U53065,40066,2566.624173214581,388014157
U53067,207355,2820.4051231879353,400105800
U53069,3824,2836.1145104659054,400570006
U53071,55180,2487.59027240945,380287067
U53073,166814,2844.5945501899537,400839295
U53075,40740,2458.5350233460576,376993173
U53077,222581,2653.212099546798,390999300
U54001,15557,1481.0777223771765,166670965
U54003,75905,1651.528272960857,245080702
U54005,25535,1296.4854706291558,125748697
U54007,14702,1403.7122384962454,149589773
U54009,25447,1489.4240695368903,169119224
U54011,96784,1270.480207679122,118838667
U54013,7582,1379.1929456387072,144689118
U54015,10330,1365.5365968200551,140486603
U54017,7403,1430.749931104072,153051992
U54019,47579,1348.3161027924587,136195883
U54021,7160,1403.5122612516705,149550348
U54023,11299,1544.0509541747736,185947120
U54025,34453,1397.1487210266098,148269588
U54027,20203,1599.1611115523353,218637221
U54029,32667,1502.9391247309193,175518610
U54031,12669,1568.8580547201539,196889233
U54033,68652,1456.2214393323547,162258135
U54035,28000,1334.208469586844,134099851
U54037,42190,1659.5786457978982,246587361
U54039,200073,1324.351971720704,130406689
U54041,16919,1434.8677675013894,155895902
U54043,22108,1272.9724862855894,119614721
U54045,37710,1270.2384145027584,118662211
U54047,27329,1277.3645283335386,120943736
U54049,56598,1477.691418729403,165951282
U54051,35519,1461.1912077603715,162560467
U54053,25957,1303.4353270899082,127467096
U54055,62980,1324.5620293871539,130606762
U54057,27078,1575.2178270910563,199954102
U54059,28253,1248.0170702951389,114573480
U54061,81866,1497.9435747544258,171896359
U54063,14583,1376.4940583103635,143081239
U54065,14943,1637.1996875929708,237795553
U54067,26562,1381.9727782464918,145336731
U54069,47427,1477.3216352427573,165868986
U54071,8196,1516.773658081656,178443433
U54073,7514,1399.7291470328569,148747348
U54075,9131,1448.029927669457,159102038
U54077,29334,1521.2399205751044,179249077
U54079,51589,1301.442680630055,127235665
U54081,79220,1323.6281165566975,130187761
U54083,28262,1476.831439592619,165789791
U54085,10343,1398.1208448727045,148377350
U54087,15446,1355.7082767177662,136794313
U54089,12999,1354.0180010556478,136629535
U54091,16089,1485.3531555968211,168315802
U54093,7321,1514.875174174442,177852790
U54095,9592,1426.265792749401,152597871
U54097,23404,1452.3815284070704,159728666
U54099,42903,1244.2345110092,114140360
U54101,9719,1419.8047280661865,151902677
U54103,17693,1451.4895492756866,159361982
U54105,5873,1365.989151299271,140496933
U54107,87986,1364.6733758870373,139390755
U54109,25708,1294.2482404999957,125455465
U55001,18643,1281.8961146103643,121206837
U55003,16866,1533.074454796231,182311743
U55005,44963,1392.4013273332632,147313774
U55007,15013,1533.4366337197337,182685588
U55009,226778,1390.4698994475573,146521036
U55011,13804,1279.9157646864112,121138085
U55013,15674,1432.3026207792957,155438645
U55015,40631,1343.44738584336,135696468
U55017,55195,1362.0399246132292,138191653
U55019,33557,1339.9842241228084,134948288
U55021,52468,1243.8639301895003,114036788
U55023,17243,1174.2382000863684,102190511
U55025,426526,1199.9400688187116,107565145
U55027,85897,1260.5135979156144,116205876
U55029,27961,1482.4212013859244,167076926
U55031,43287,1503.9819977028171,176026360
U55033,39858,1338.3243746390342,134572390
U55035,93142,1324.9865509206074,130669742
U55037,5088,1515.7452146121739,178181625
U55039,97296,1301.1476359035198,127138369
U55041,10024,1485.8652497938717,168383506
U55043,49597,1140.7335144220172,92009073
U55045,33647,1154.1423967390408,93899914
U55047,19105,1284.602955165638,121803700
U55049,22780,1170.363120057907,101610959
U55051,6861,1517.6403784248803,178544102
U55053,19100,1291.9706124692666,123815955
U55055,74021,1217.404095116208,110204865
U55057,24316,1267.8524041243375,117105301
U55059,149577,1231.6330069001135,111757770
U55061,20187,1424.6075243192613,152227308
U55063,107120,1240.6589599504296,113680267
U55065,16137,1134.8272989485636,90277270
U55067,20740,1435.2044407049316,155912821
U55069,29641,1425.0242722368043,152252071
U55071,82887,1380.436292642202,145082001
U55073,125834,1378.4406527119015,144394486
U55075,43384,1477.791840412747,166007880
U55077,15832,1277.4820864821504,120971065
U55078,4562,1419.7664367957557,151885776
U55079,940164,1269.9863985807813,117626984
U55081,40899,1256.0263611741382,115675373
U55083,35634,1435.3497729245134,155935399
U55085,36776,1469.7334434331492,165060882
U55087,160971,1368.4545042974294,141067592
U55089,82317,1301.7709938689136,127287254
U55091,7213,1304.4505428663988,127685918
U55093,36804,1306.4059513076227,127796088
U55095,41319,1387.6184444298435,146310909
U55097,67182,1341.7518615119786,135286259
U55099,15822,1446.3758147572553,158877455
U55101,188831,1248.2768090448196,114601733
U55103,17924,1200.8349139096813,108033126
U55105,152307,1172.1696735875903,101789901
U55107,15347,1408.3774676550445,150570349
U55109,63155,1339.4668899603396,134885133
U55111,55225,1220.2068851571237,110460192
U55113,16196,1450.5813243544494,159320708
U55115,40664,1396.4799931935834,148228924
U55117,112646,1329.1733468931052,132732286
U55119,19680,1393.3080941971746,147417472
U55121,27010,1277.9326321456224,121016720
U55123,28056,1214.669274364725,109784727
U55125,21033,1505.928736083041,176147142
U55127,93759,1192.4333095919158,105702771
U55129,16036,1442.9424138022957,157924282
U55131,117493,1275.0227188935662,120604397
U55133,360767,1235.888207187992,113127395
U55135,51731,1358.028420066172,136841773
U55137,23154,1312.1321770992445,128247671
U55139,156763,1328.1040992006383,132498207
U55141,75555,1325.2380716973523,130762884
U56001,32014,1357.0921134300852,136809759
U56003,11461,1707.6671271184473,257509056
U56005,33698,1550.7616703892993,188520096
U56007,15639,1437.655550269179,156581277
U56009,12052,1444.1978495689266,158796571
U56011,5887,1531.836619639013,181948203
U56013,35804,1638.3530729022868,238133462
U56015,12538,1307.8327427034185,127855070
U56017,4882,1674.2844697512278,249652000
U56019,7075,1590.4282450728592,212529609
U56021,81607,1263.554884157903,116510298
U56023,14573,1726.9737298525158,261448897
U56025,66533,1517.854728651758,178568100
U56027,2407,1394.4755945072181,147788321
U56029,25786,1800.272033941595,279583710
U56031,8807,1346.071545997793,135823756
U56033,26560,1665.87494051466,247588783
U56035,5920,1706.1335018348466,256258007
U56037,37613,1566.7720774031648,196283355
U56039,18251,1832.5216162868226,284518879
U56041,19742,1666.7808878542892,248004216
U56043,8289,1639.684624863532,238340946
U56045,6644,1466.738093383665,164082987