uid,population,distance,radiusPopulation
C1001,242875,3698.876262734367,406836243
C1002,24371,3594.3559359034048,406769684
C1003,19370,3432.968970572357,406650161
C1004,22162,3315.356453341987,406587533
C1005,40466,3410.1830729158605,406609695
C1006,36208,3475.774183624418,406683903
C1007,37335,3710.0185613784856,407087654
C1008,42188,3661.6532591712257,406794055
C1009,20091,3551.7551502424344,406749593
C1010,27864,3756.8415987393378,407124989
C1101,19180,3022.1283443883326,406309475
C1102,71619,2970.7835872104392,405831708
C1103,44495,2912.9697762378664,405217166
C1201,16231,2810.3094873207074,404149612
C1202,26843,2774.8273535086983,403707642
C1203,19548,2772.091728730502,403675372
C1204,11723,2840.133361893637,404343174
C1205,21773,2811.5751146329435,404165843
C1206,47591,2875.2659129744084,404784621
C1207,58866,2863.23334538737,404562595
C1208,40513,2917.703948687529,405293125
C1209,359183,2974.237062550461,405903327
C1210,49307,2960.9163686486563,405782401
C1211,32605,2899.826526132265,405106759
C1212,46965,3012.8910687220477,406262510
C1213,9827,3078.890553738228,406367741
C1214,19578,3071.9088771874785,406348163
C1215,19937,3133.169425216853,406389889
C1216,10225,3167.7177616701815,406454188
C1217,109330,3202.046509246734,406472375
C1218,7962,3180.2252287067818,406464413
C1301,76407,2747.6439776132,402943587
C1302,27366,2676.47398643783,400308418
C1303,25776,2725.037673338445,402542652
C1304,11862,2752.29097290055,403097502
C1305,64208,2768.576721415332,403332898
C1306,26749,2847.1009909638815,404393961
C1307,124688,2867.1949295782133,404627430
C1308,31383,2808.387666339913,404118229
C1309,50817,2764.22440642868,403196124
C1310,87212,2673.93952633209,400086879
C1311,27184,2639.0292529552157,398770642
C1312,21172,2649.184200247698,399094589
C1313,35611,2581.6570197555766,395580915
C1314,36134,2710.132020894567,401228275
C1315,82929,2879.5185783900274,404886370
C2401,12824,3069.5324555213183,406335339
C2402,19298,2923.448617989774,405347572
C2403,18545,2882.536468944317,405061508
C2404,12722,2773.7835562942455,403694920
C2405,18267,2802.4053279002937,404040276
C2406,15268,2714.2998238646924,401849250
C2407,19920,2651.552007440695,399154118
C2408,22507,2662.3016783567264,399482582
C2409,19326,2615.1685208900285,396620222
C2410,52289,2578.200197587121,394968207
C2411,9848,2538.382121967905,392174530
C2412,31826,2499.68789955787,390231495
C2413,22420,2541.4732362844106,392265587
C2414,22494,2471.1684896188194,388915861
C2415,16624,2464.9936978704814,388473874
C2416,13166,2423.984081797548,384578391
C2417,19368,2428.4912368527935,384828346
C2418,23438,2411.3172582146412,382899686
C2419,29570,2396.0893285896127,377897615
C2420,6779,2384.7743979014026,374246122
C2421,20984,2363.9873779629056,369877667
C2422,26459,2334.831546539176,348889306
C2423,509950,2357.176539429456,362948127
C2424,51855,2366.009437890839,371698622
C2425,78808,2352.737063796009,358556579
C2426,25850,2374.4306236531575,372672894
C2427,18771,2380.7306983754806,373934698
C2428,17745,2414.428908964226,383338042
C2429,47873,2396.5275276351977,377927185
C2430,21830,2370.529133905187,372104588
C2431,43247,2350.423430676997,358034975
C2432,24021,2319.8692043562064,339512056
C2433,26851,2302.553151879506,336030317
C2434,44955,2306.7091697568335,337228568
C2435,12809,2205.92411058709,313962598
C2436,64841,2235.201790308695,321873343
C2437,138355,2264.050475189356,329587925
C2438,19088,2260.5983556031,328844211
C2439,64089,2287.2002985468043,333482727
C2440,14535,2292.2442975553436,334898910
C2441,21394,2331.3307435766455,346378839
C2442,28176,2275.3988758125706,331765634
C2443,141212,2282.4253641350024,332671341
C2444,16595,2297.5853411800763,335507128
C2445,41871,2266.697493451951,330107677
C2446,46165,2219.5728997394654,316300443
C2447,79175,2226.9886503981743,317907530
C2448,15167,2245.0114507236653,327555995
C2449,87808,2248.319604833165,327746863
C2450,23496,2244.4752505355277,327237218
C2451,23401,2222.157693068831,317282839
C2452,38347,2195.0754944799787,313622369
C2453,50066,2212.4110395237717,314634038
C2454,78917,2216.478457585062,315489972
C2455,29980,2202.660682375496,313819639
C2456,100753,2190.50296861023,313068821
C2457,119993,2192.6803993134613,313224718
C2458,311838,2268.6705517430805,330329533
C2459,100263,2180.560504000883,310316947
C2460,103977,2177.2124846009833,309866612
C2461,54167,2179.4334434192274,310199912
C2462,43177,2145.936791627436,299400707
C2463,38740,2160.3267995473866,306081294
C2464,110087,2162.215526553177,306189854
C2465,343005,2149.947505118238,301275650
C2466,1812723,2145.9182412200716,297587984
C2467,138172,2156.8892882588084,305495626
C2468,22820,2160.089287592095,306058474
C2469,21851,2114.9508251454617,284674432
C2470,59137,2134.0255855217542,291975679
C2471,102100,2108.1408954261315,283296882
C2472,81417,2138.3708297827043,292262926
C2473,130514,2145.6884339436733,297457470
C2474,27330,2131.4399927012955,291212662
C2475,90419,2132.398433955236,291855293
C2476,28931,2101.925252827922,281722079
C2477,30866,2121.7051771207553,287262012
C2478,38433,2098.9859707733785,281426427
C2479,33456,2058.4191898123163,270552779
C2480,20367,2053.908157613284,267963981
C2481,226696,1997.5713711000215,254109813
C2482,35188,1987.1642039201397,252836897
C2483,18730,1980.256254951144,251299350
C2484,14565,1967.0926621006977,249862607
C2485,17504,1785.777668916633,190527785
C2486,39621,1826.3947456098356,210362368
C2487,21984,1845.7100118156281,212405344
C2488,24613,1913.3051891636255,227721398
C2489,42375,1998.5320912981745,254903997
C2490,15862,2193.408524520914,313344711
C2491,32839,2234.7903378129736,321840504
C2492,26900,2324.1746860783396,342275089
C2493,51760,2349.98392279687,357902418
C2494,166780,2428.7378754241863,384913740
C2495,12894,2528.778599816789,391317361
C2496,33620,2624.1724435763635,397305638
C2497,38931,2717.343845000125,401938345
C2498,12321,3099.303923840903,406377568
C2499,38575,2386.2625958759277,374387621
C3501,109522,2051.8634511716373,267746816
C3502,76446,2043.3306456208172,265092051
C3506,774072,1983.9495369564245,251971786
C3507,96606,1969.2394592122691,249941587
C3509,62495,1939.9512421088186,234281907
C3510,138606,1918.6010783023733,228553011
C3511,39461,1872.2772492869283,216049627
C3512,125915,1832.3843203350248,210734019
C3513,24901,1858.692232640433,213545477
C3514,77497,1789.364893716255,190809880
C3515,125856,1790.4806615975613,191071588
C3516,69179,1734.179920000573,180542714
C3518,506901,1724.195752793385,177622811
C3519,729254,1681.6762133922316,168723293
C3520,2481494,1692.5376953575762,171707672
C3521,988948,1652.9901284881398,162896808
C3522,51013,1625.5804634520152,152929406
C3523,187313,1604.6457749965548,149427320
C3524,375229,1644.321093825254,158647231
C3525,490268,1642.4759424535746,158009531
C3526,410574,1687.0782019040673,170805219
C3528,104670,1595.1337685498377,147056548
C3529,118485,1600.999288539568,147501626
C3530,438515,1591.7246597181243,146293960
C3531,73675,1547.7807681473494,141027142
C3532,99270,1572.8375994590733,144241485
C3534,81553,1547.6436121027978,140945589
C3536,107709,1459.0891676508536,127035937
C3537,374975,1398.0174688055279,113860219
C3538,126971,1464.8748680579513,127652385
C3539,403185,1513.4735504804983,135098510
C3540,59701,1500.11454129336,133003025
C3541,63892,1542.9047827400077,140608250
C3542,89073,1597.184305491773,147253340
C3543,377050,1660.2443819408165,165737353
C3544,53106,1711.653464974271,176741915
C3546,15085,1772.3889948854455,188194863
C3547,95138,1887.36467932717,219407025
C3548,82910,1763.270815806439,187224121
C3549,39665,1685.5254587769477,170756185
C3551,12679,1509.7741172805777,134781519
C3552,22894,1600.893589228538,147478732
C3553,155268,1621.3256900093413,152623372
C3554,34442,1719.9054376768402,177465544
C3556,85247,1684.1934804516693,170097128
C3557,118567,1407.6983689120564,114780323
C3558,150860,1335.0970908909558,102291633
C3559,22109,1069.428452954635,65275340
C3560,61802,1719.4516670996518,177403742
C4601,16432,1060.8034001334988,64480962
C4602,50869,1011.8612600177314,55755101
C4603,42184,983.0543587891277,48641429
C4604,9942,965.0124692000927,47247464
C4605,13848,976.2545411279802,47944581
C4606,10110,1033.87023294622,60579656
C4607,57148,1028.6394116875515,60113285
C4608,14603,1065.1560618768137,64630602
C4609,23322,1056.2982612493017,63167144
C4610,9464,1031.5442561021785,60325393
C4611,621451,1052.255383309697,62293956
C4612,19251,1069.169431124426,65256089
C4613,42183,1099.0594158026913,67562531
C4614,17589,1087.2546394046888,66622194
C4615,21914,1101.3619774450856,67670979
C4616,10341,1181.0643991024601,77546323
C4617,22899,1176.8260637540652,77230600
C4618,22593,1164.7322923807362,76143535
C4619,15805,1263.3696157540533,91515875
C4620,11013,1284.3913723905346,94953182
C4621,22556,1500.1527426288226,133062726
C4622,35077,1587.0869040866835,145563683
C4623,8989,1892.3832635638885,221552432
C4701,30238,1028.571366469254,60083047
C4702,21635,1076.0322412587964,65792101
C4703,14839,1152.950112115291,73341888
C4704,11714,1306.4653718706177,98001598
C4705,32492,1136.6009496582992,71728429
C4706,219250,1188.4092320722,78462165
C4707,46982,1239.7302386148644,85943862
C4708,30720,1355.915426610998,106574702
C4709,36895,1265.2887833991867,91822933
C4710,19365,1278.058244469744,94549733
C4711,237629,1350.6495311998854,104247082
C4712,23697,1412.1455544276528,118535575
C4713,24054,1480.0242251501284,129147394
C4714,39476,1417.306014645692,119243848
C4715,80668,1489.5595638019145,131666759
C4716,37663,1525.8043242835367,137951019
C4717,39587,1641.4473184840758,157955870
C4718,32029,1850.4446280895493,212784941
C4801,67402,1380.132126826251,110627649
C4802,133913,1436.3633695013716,121490305
C4803,37580,1490.012133951311,131986114
C4804,11300,1482.4859718021307,129308613
C4805,47606,1591.143162882654,146075856
C4806,1021060,1626.012325634574,153069582
C4807,40407,1628.6402079578133,154162416
C4808,153049,1704.6181285003045,175084159
C4809,19573,1797.358719341428,195441722
C4810,83061,1692.0742280445547,171594730
C4811,975477,1792.9828906454195,191393421
C4812,58362,1810.2195819148824,207863373
C4813,63954,1882.5562183184948,217757726
C4814,26871,1945.2509894413918,236872626
C4815,34068,1699.5182199729934,174828966
C4816,42971,2207.243118403562,314108992
C4817,57508,2276.1832135279014,331930249
C4818,14346,2096.0589105623917,279790881
C4819,86299,2183.993970880608,312259362
C5901,56291,1660.3972857431347,166121240
C5903,57019,1752.7986479819917,183268012
C5905,31843,1789.0669739568393,190778037
C5907,76635,1902.7773045103368,225792261
C5909,237550,2019.167784009926,258980030
C5915,1986965,2091.3586184392266,277745554
C5917,325754,2123.0046454567996,287324283
C5919,71998,2141.0138624323035,294541028
C5921,127016,2177.796201900888,310029324
C5923,30345,2256.74095166691,328577321
C5925,96131,2232.8226969673524,320024535
C5927,19765,2218.414378147441,315630241
C5929,25599,2156.3749216479564,305450084
C5931,33011,2117.565115990212,285667519
C5933,119222,1973.8828050995205,250625326
C5935,147739,1885.8698030783285,219056115
C5937,73227,1856.8592442623487,213362078
C5939,48219,1882.7449946490003,217821680
C5941,65659,2250.453121025897,327911611
C5943,13111,2488.303531755122,389781783
C5945,3781,2457.9643362946017,387559925
C5947,21693,2832.333241172641,404275519
C5949,40876,2837.869037968579,404297212
C5951,40856,2499.6573946145827,390190639
C5953,95317,2228.1865243134775,318431726
C5955,55080,2466.8969400520946,388623874
C5957,1316,2941.509704126717,405739917
C5959,5720,2641.150182891907,398840123
C6001,28674,3492.4324690020303,406720111
C6106,28824,2636.3986941467056,398591921
C6107,8536,3708.4139518458496,407079118
C6204,14372,3465.94319728453,406669531
C6205,7557,2523.0691954279155,391064732
C6208,4816,3159.9676515495958,406449372
M01001,643419,2090.856155219404,276658792
M01002,37763,2048.7190877328035,266726657
M01003,51291,2099.9759750606513,281474442
M01004,12619,2037.0564832668686,264482128
M01005,64097,2082.20963693446,274886109
M01006,34296,2061.1891750007535,271324325
M01007,41655,2052.326601704945,267856338
M01008,7244,2062.7086482835443,271579191
M01009,16508,2051.2766049376933,267592241
M01010,15327,2082.7115100861565,274999914
M01011,20066,2068.5980479429563,272726980
M02001,370730,1807.626521807072,207266758
M02002,764602,1675.5117746724095,167129209
M02003,77795,1770.94870056971,187963134
M02004,1210820,1804.434029992744,196463130
M02005,63420,1817.594559992074,208761959
M03001,63864,2064.5273064991075,271844644
M03002,45989,1881.6597623887244,217577491
M03003,196907,2085.8344434591236,275586147
M03008,105469,2168.2707139453464,307551877
M03009,11812,1954.107317847165,240108829
M04001,46899,2409.6646223037383,380407943
M04002,216897,2449.402951481976,386920690
M04003,172076,2538.2523801441753,392002454
M04004,70554,2494.9371069428894,390047433
M04005,24889,2427.4977754226056,384766671
M04006,31214,2482.955609318835,389392373
M04007,8401,2573.0395888911353,394859615
M04008,8400,2438.796800951813,386048906
M04009,50563,2573.9716876091857,394883981
M04010,23115,2628.5972865206486,397552859
M04011,37681,2609.6283639538583,396379904
M05001,1126,1494.7256294897977,132659808
M05002,110487,1253.050551663605,90580260
M05003,20943,1359.9225987048026,109104275
M05004,19374,1681.6247695737006,168703919
M05005,1677,1525.554271803879,137741933
M05006,22530,1538.796129581453,139691205
M05007,12154,1524.7307588685298,137721783
M05008,2784,1488.7357536452794,131582895
M05009,46452,1678.2345697055569,168323890
M05010,66579,1523.22033661483,137484845
M05011,11316,1694.8685752966182,174198754
M05012,2050,1360.7756780810091,109176205
M05013,1441,1416.048385414261,119036538
M05014,9724,1278.2964987931139,94569098
M05015,1610,1440.8324499818823,123516934
M05016,1781,1513.8947707921752,135507641
M05017,92029,1704.330303210495,174992130
M05018,193744,1525.6947415895381,137743610
M05019,7263,1353.5872364573247,106398820
M05020,62773,1418.9785564154806,119705844
M05021,5946,1513.5489644684467,135501695
M05022,23019,1351.0923209129608,104484711
M05023,12053,1493.939578534001,132548340
M05024,43339,1696.504755716674,174262395
M05025,128130,1318.2440171304877,99700443
M05026,3608,1462.918631923283,127599579
M05027,39853,1671.952722275723,166794332
M05028,52379,1417.746431284546,119476441
M05029,2006,1518.0015451533359,135808085
M05030,578046,1684.1376474802437,169519082
M05031,20046,1509.6518560970853,134761473
M05032,40138,1410.8686424407965,118241583
M05033,88343,1674.4853554509318,166921701
M05034,6023,1523.1918577768604,137478822
M05035,529512,1706.7376780330026,175675753
M05036,18969,1717.3497964304627,177268340
M05037,6159,1372.8941352631732,110262998
M05038,12664,1344.562233361482,103987646
M06001,28574,2439.621080820669,386177937
M06002,129958,2401.797958113172,378635665
M06003,19384,2393.7987051604364,377667611
M06004,18756,2408.1609098905774,380227620
M06005,26771,2390.449584665661,375143318
M06006,5478,2428.891385508918,385080520
M06007,125143,2432.950062400754,385296652
M06008,8466,2391.533157376768,377495453
M06009,99289,2440.941941541565,386262362
M06010,80808,2399.317782735464,378269956
M07001,14189,2875.1373301241633,404770432
M07002,24754,2739.8363785152746,402880784
M07003,25154,2881.106182186419,404976479
M07004,21948,2738.514302710146,402858836
M07005,18778,2650.7080253913923,399129694
M07006,26094,2877.5621795080688,404832212
M07007,6559,2751.479183088279,403088366
M07008,21848,2816.2009142913785,404196196
M07009,37989,2752.612726765249,403109364
M07010,6673,2874.3235566386857,404763759
M07011,18205,2858.302336573622,404472878
M07012,28719,2703.307564181703,400870299
M07013,22722,2690.226585106461,400514287
M07014,14993,2686.829079735024,400485566
M07015,39033,2924.718278781681,405366870
M07016,15709,2632.2615190259153,398411325
M07017,64013,2705.5199517681276,401045500
M07018,7217,2669.562846393926,399955600
M07019,105210,2788.589248718604,403836690
M07020,39770,2790.2988349719913,403941900
M07021,19298,2672.46351519138,400020965
M07022,12256,2700.0917454199766,400825822
M07023,59005,2717.320225930549,401879340
M07024,7568,2741.582365399924,402920579
M07025,6965,2647.51612063511,399071380
M07026,27331,2707.256701610214,401141429
M07027,60620,2718.824501101617,402221394
M07028,5242,2740.3716376915118,402905538
M07029,4345,2688.7225600622774,400509942
M07030,24994,2840.2327491470664,404354897
M07031,77686,2692.8746737972547,400607879
M07032,28064,2877.6624760884806,404858306
M07033,5236,2648.901517474829,399089353
M07034,52168,2852.662854408018,404420710
M07035,10917,2947.5058410242705,405741233
M07036,5969,2866.9635185088478,404621461
M07037,31464,2916.5163662608315,405261661
M07038,18630,2731.2269628788235,402663557
M07039,20041,2675.6945623192314,400238169
M07040,48476,2901.582841364068,405139364
M07041,32245,2791.1967096119224,403981670
M07042,8877,2655.179236164038,399288183
M07043,9143,2638.3220840226727,398697021
M07044,18533,2710.8037078482116,401285834
M07045,4707,2633.255016722914,398452123
M07046,34937,2710.021173257072,401193338
M07047,13076,2683.025179514907,400431774
M07048,19956,2617.156719619374,396764423
M07049,16538,2706.326915621134,401118763
M07050,5288,2643.807794988698,398950854
M07051,39055,2859.29673453499,404491083
M07052,87034,2785.3876002600114,403749656
M07053,7180,2881.0103869455097,404969299
M07054,24079,2932.0054840276202,405711044
M07055,4794,2940.744488984875,405735123
M07056,7602,2710.598368801141,401278232
M07057,59875,2882.0746526539597,405001633
M07058,3135,2757.7627423798167,403155937
M07059,146696,2718.5123885572634,402074698
M07060,9271,2659.268445239909,399408376
M07061,65673,2705.1036728085264,400979827
M07062,17026,2635.7845118383084,398507123
M07063,3132,2691.696725719726,400551800
M07064,37887,2725.5810062076143,402568428
M07065,85464,2656.370253280387,399300120
M07066,16262,2698.783285805068,400772289
M07067,8566,2665.6987430876065,399613054
M07068,29357,2629.2853255740724,397642440
M07069,46949,2825.9342162171565,404228570
M07070,11641,2871.3954996571133,404752118
M07071,26706,2890.989074480981,405080053
M07072,24405,2672.1663184239965,399996560
M07073,6870,2665.125457419438,399567801
M07074,34809,2590.019247332418,395941460
M07075,21100,2770.8538955831195,403575834
M07076,21156,2666.736370267108,399622377
M07077,49300,2642.4990664626953,398880386
M07078,132421,2724.0074846674493,402407556
M07079,26436,2696.815218849455,400729748
M07080,32457,2859.414654503678,404530138
M07081,31615,2678.4642733611354,400349541
M07082,7987,2700.6522678677447,400840252
M07083,15171,2784.28770486078,403734485
M07084,7784,2639.9867071475783,398817858
M07085,7767,2700.8348482104307,400848239
M07086,15890,2725.5823092943215,402606315
M07087,30251,2958.7109603931744,405752150
M07088,1936,2628.711026644517,397625993
M07089,271674,2931.3316977204104,405439370
M07090,3639,2664.251024272687,399557056
M07091,10349,2659.817229954146,399422557
M07092,38383,2665.6927751020094,399574671
M07093,33161,2718.315193592295,402041537
M07094,26996,2749.2409929974815,403047976
M07096,58153,2667.8970258561635,399670170
M07097,78438,2771.4635593718854,403596934
M07098,5513,2743.911573956881,402938074
M07099,59686,2805.0360907780705,404058543
M07100,26866,2672.9798476761443,400040263
M07101,434143,2711.609030738818,401304367
M07102,33467,2930.1142322002224,405405903
M07103,23180,2901.809274761802,405193986
M07104,11925,2793.9670180463518,404013915
M07105,13934,2918.7406958881875,405333638
M07106,52833,2769.012202859838,403417334
M07107,68685,2770.2879655069196,403507149
M07108,85957,2765.053558938733,403246941
M07109,26044,2684.2539110657626,400447965
M07110,5673,2735.7658926594922,402706353
M07111,29754,2719.5837110661537,402284822
M07112,20688,2713.482078331913,401823181
M07113,3635,2703.2259679113936,400866664
M07114,14436,2799.285962231383,404025840
M07115,10526,2822.099216989677,404218044
M07116,8580,2815.714033953777,404187616
M07117,5086,2837.951222734761,404338088
M07118,3423,2677.4259470272186,400346118
M07119,2174,2700.206932650037,400838078
M08001,11901,1273.8124021565088,93310596
M08002,19378,1427.6067633956113,120645340
M08003,8561,1607.4534163617025,149935151
M08004,5327,1451.8673954286778,125983046
M08005,21939,1302.0451135783737,97430519
M08006,6403,1489.4485324803582,131660356
M08007,16770,1638.009851556087,155596294
M08008,12545,1684.6978062040391,170182375
M08009,27907,1596.5898776106937,147225433
M08010,20056,1393.836445198223,113677080
M08011,45852,1521.6706180699853,137386764
M08012,7760,1566.568589764748,143199258
M08013,10004,1366.4464446781967,109555426
M08014,2205,1621.5682511156176,152791013
M08015,1708,1333.7136001360846,102157014
M08016,3777,1503.8267317692273,134428159
M08017,124378,1509.4565448366945,134637095
M08018,5784,1524.7908010799085,137733937
M08019,671790,1455.1878255319848,126057537
M08020,6768,1682.9801367006726,169481881
M08021,116426,1478.4855114943593,128899822
M08022,3853,1519.2415308242323,136878690
M08023,3876,1374.835437679424,110431541
M08024,4759,1495.9048627734135,132670922
M08025,8867,1453.6250593270026,125997422
M08026,3875,1510.9815536256458,134849871
M08027,40615,1678.8362129156048,168376678
M08028,10032,1179.7509119941587,77495190
M08029,48355,1749.4160986178335,182680739
M08030,8066,1683.0100413300725,169488649
M08031,39109,1521.572083441922,137347655
M08032,100821,1616.8171771445948,151137143
M08033,1169,1621.4901015411244,152789844
M08034,7832,1427.1439264808266,120158857
M08035,10214,1331.2730459715767,102067504
M08036,38323,1572.8935940160557,144340755
M08037,1218817,1164.2599798044691,74924718
M08038,5165,1453.1655267206409,125988373
M08039,4080,1589.685012612317,145831655
M08040,34056,1489.0849616790247,131595656
M08041,1795,1612.5324939308089,150724004
M08042,1746,1333.3796656526933,102153002
M08043,3221,1504.5885155711592,134463512
M08044,4429,1631.9534683274067,154307792
M08045,40018,1471.1118786099535,128086354
M08046,9482,1718.128507879183,177384756
M08047,5219,1608.2698702148077,150413004
M08048,23643,1448.7919307019288,125595180
M08049,2946,1599.1697397155779,147460360
M08050,54390,1361.034502868853,109195335
M08051,7276,1596.5842152880166,147218157
M08052,24307,1300.1886928792721,97331904
M08053,8905,1177.0499786091195,77253499
M08054,10020,1480.412724340611,129196725
M08055,14969,1482.0214679724363,129293644
M08056,2575,1598.360747329242,147392513
M08057,2331,1553.1695835646617,141981438
M08058,2843,1537.2311306137813,139007031
M08059,6054,1630.6094907283016,154255464
M08060,11597,1635.6690674852448,155109519
M08061,4962,1525.8443908880681,137988682
M08062,30644,1489.196823605336,131629712
M08063,6989,1497.2890522686596,132675681
M08064,2177,1624.7468508911131,152917563
M08065,17655,1673.3960411956948,166879289
M08066,8282,1621.6239667854675,152793218
M08067,5309,1566.8742438374993,143207018
M09002,441008,2339.5934263244058,349315357
M09003,640423,2354.3804399582364,361888705
M09004,151222,2351.5751306922893,358099777
M09005,1235542,2339.7266486967796,349756365
M09006,411321,2349.4124260965236,357433796
M09007,1773343,2353.5277517008076,359109424
M09008,222050,2356.190593606942,362664949
M09009,96773,2372.0952327429313,372280347
M09010,687020,2348.7857844950254,355472439
M09011,302790,2359.6013743343938,364962867
M09012,581781,2358.96327821079,364053481
M09013,369787,2362.7447648795546,366776624
M09014,360478,2348.6366056981,355111961
M09015,516255,2344.0478104091467,352084590
M09016,352640,2348.051143231937,354695420
M09017,462806,2347.014648287304,354091413
M10001,31291,1847.3855308241916,212479584
M10002,4298,1836.0582055977345,211226399
M10003,4554,1798.433780074512,195461295
M10004,32805,1785.3920102678412,189499974
M10005,491436,1899.0690347608981,224384623
M10006,10644,1795.7746680657533,195410393
M10007,273315,1706.0801647097696,175389421
M10008,32011,1840.6266909544024,211966722
M10009,10794,1731.483702999445,180440391
M10010,4619,1666.125428528406,166675953
M10011,6011,1711.237994448236,176686080
M10012,112435,1709.340124744549,176205265
M10013,22367,1684.0797158622574,169496715
M10014,27512,1952.313140038418,239904893
M10015,12467,1755.7432616248634,186519958
M10016,18039,1908.6511279054212,227200809
M10017,10156,1663.5606290994194,166376465
M10018,12247,1711.3177054771065,176692091
M10019,5093,1863.0624966417042,214548370
M10020,12853,1850.0151324936282,212737826
M10021,10490,1801.246695659242,195565492
M10022,24331,1890.1370319989337,220041832
M10023,45217,1943.0545529412345,235274339
M10024,12497,1771.5189049358214,188062742
M10025,4147,1711.0665757294762,176681933
M10026,21907,1924.4188729492935,230719060
M10027,6548,1794.590966624993,195280736
M10028,12290,1812.5505771664205,208145812
M10029,2070,1739.0146268599804,181234765
M10030,1876,1723.3529362222484,177620935
M10031,6969,1821.7490427618075,209750516
M10032,43517,1809.2824048072414,207749989
M10033,7331,1925.9719245296076,230753722
M10034,27144,1866.3155662289007,214676440
M10035,12937,1786.4137481744187,190568767
M10036,19918,1645.0433874506048,159053737
M10037,8727,1827.809778645412,210461726
M10038,19813,1915.444061852362,228215006
M10039,25985,1816.3455689730108,208718555
M11001,79093,2240.981414551293,324842446
M11002,110718,2281.9039337188724,332560623
M11003,134880,2183.965317189467,312124482
M11004,56817,2234.400781421694,321712152
M11005,68738,2224.5756852151144,317612138
M11006,5198,2141.2865744688092,294613026
M11007,382958,2227.2776285160226,318048768
M11008,38309,2214.23046486803,314844083
M11009,67642,2206.2804036066714,313975407
M11010,10347,2261.8336986974928,329295509
M11011,81359,2233.2698460753386,320148446
M11012,25610,2222.900742540877,317381426
M11013,19943,2156.747379078079,305475683
M11014,128994,2158.3360674404043,305765891
M11015,141196,2175.9471664752095,309721009
M11016,19693,2249.981028753034,327880661
M11017,440134,2214.7617805447876,314882392
M11018,31803,2246.1005630831773,327603107
M11019,55311,2267.8937570472704,330258299
M11020,1134842,2168.24846246741,306417035
M11021,47132,2273.986126518087,331518525
M11022,20984,2107.9495768888332,282525736
M11023,144426,2244.9189926432673,327411569
M11024,10398,2231.2949724350524,319989022
M11025,44778,2180.0628415870265,310264504
M11026,51825,2194.412964047353,313507144
M11027,226654,2225.1520472495586,317680876
M11028,94558,2262.499909068063,329493367
M11029,34088,2123.6039740237466,287650037
M11030,95359,2124.2558259971233,287684125
M11031,100239,2181.1995178858874,310417210
M11032,54661,2172.9761237168887,309294004
M11033,96729,2140.2288311118386,294444299
M11034,4533,2156.205135999885,305445551
M11035,65479,2215.6615529352007,315322526
M11036,7151,2267.8147846810234,330251148
M11037,134337,2185.5240030026334,312501758
M11038,11583,2284.201463427799,332874517
M11039,37418,2253.649185466323,328326783
M11040,14515,2160.791993400224,306120034
M11041,52931,2272.8959300402134,331446485
M11042,130821,2244.8052188854435,327280748
M11043,17764,2148.6237998316046,301132709
M11044,45941,2230.126775165527,319502693
M11045,11323,2138.4119277243117,292344343
M11046,73820,2264.394813783686,329842155
M12001,722499,2630.404675572901,397675443
M12002,19388,2536.64484075161,391966664
M12003,41266,2489.47528759784,389828194
M12004,15828,2565.923219737835,394332256
M12005,6062,2542.4452194802548,392315569
M12006,13146,2490.499318274997,389879329
M12007,32818,2470.8110819278954,388834401
M12008,8504,2493.060090458162,389972909
M12009,5080,2582.4677956845408,395645211
M12010,21407,2553.514141034573,393650428
M12011,61736,2594.2909844751425,396099387
M12012,55350,2619.7361663102156,396868786
M12013,32400,2646.4779991217765,399016581
M12014,15448,2602.513520662346,396301748
M12015,12619,2453.4097818994705,387299702
M12016,15372,2479.3457190558665,389308432
M12017,15666,2477.8446891973836,389286719
M12018,13060,2659.8333337222584,399432906
M12019,12730,2500.9560620746383,390287789
M12020,15753,2565.1280483699543,394239132
M12021,69059,2615.6618342731567,396639548
M12022,46172,2471.242259851626,388938355
M12023,25641,2676.23442258219,400265204
M12024,6575,2534.2559867577233,391921647
M12025,15156,2643.8546843803097,398956142
M12026,9869,2489.8284551001398,389869460
M12027,26166,2455.289959739026,387370947
M12028,102853,2549.1582236259046,393237661
M12029,192947,2554.3313799557936,393711862
M12030,19061,2646.6778493101087,399048981
M12031,7687,2458.6531102055246,387574640
M12032,35625,2528.339831972916,391277147
M12033,14291,2527.891236443166,391262342
M12034,35668,2470.4730276982777,388798733
M12035,123960,2466.2339854024667,388494230
M12036,10192,2645.615919970557,398976662
M12037,7119,2448.7457055450604,386852811
M12038,95548,2552.2763378232835,393400324
M12039,21994,2597.2545035021362,396214678
M12040,22906,2542.6147034116084,392337439
M12041,34925,2589.4508608110336,395876511
M12042,13801,2533.2246428813387,391633086
M12043,30039,2595.7952739986276,396168271
M12044,10133,2563.2161222173772,394209504
M12045,22645,2529.8477139479805,391469151
M12046,50356,2652.6463664650996,399219620
M12047,7852,2447.969031677739,386807040
M12048,46328,2562.170470914238,394151069
M12049,10851,2421.4771686647464,384318970
M12050,34740,2467.3020157534434,388678954
M12051,32541,2569.687857207371,394584885
M12052,36813,2637.8795825589655,398659262
M12053,48782,2638.5077487233893,398706164
M12054,28986,2488.4726395540397,389794894
M12055,100245,2442.6074820389445,386480667
M12056,43128,2617.2866399552818,396791293
M12057,60313,2593.7487752260167,396031787
M12058,53950,2464.0109503611425,388417400
M12059,30838,2472.5706986186165,389127583
M12060,13318,2432.387211311724,385257523
M12061,33620,2552.7392386361435,393514502
M12062,15696,2638.9840654250684,398754946
M12063,9195,2587.5316781498673,395697363
M12064,12942,2461.0753129453333,388318350
M12065,6699,2553.75827405388,393674111
M12066,57346,2556.1440210527367,393928444
M12067,22677,2479.8922991306304,389323804
M12068,27619,2516.701288727026,390858505
M12069,11687,2564.457032199319,394223334
M12070,7863,2516.617217943081,390850642
M12071,22781,2641.286035805206,398845843
M12072,10271,2569.381349914645,394574614
M12073,23563,2455.9827471705066,387397113
M12074,17361,2538.9853234739785,392194161
M12075,40064,2543.158320183105,392365829
M12076,25060,2580.1804633516526,395020764
M13001,18619,2267.7379186100065,330232529
M13002,36978,2267.2271520525674,330149548
M13003,46010,2252.6141392150935,328186744
M13004,8515,2245.4053000995996,327586231
M13005,14507,2272.187492937244,331422180
M13006,17018,2236.5894820017097,322105923
M13007,10290,2317.054728239043,339095631
M13008,39513,2316.0746429808573,339016017
M13009,14223,2257.8649826336105,328632184
M13010,21636,2275.455339308604,331793810
M13011,18029,2171.169176483215,307913321
M13012,25423,2251.231068756034,328161321
M13013,24848,2281.11175952522,332296916
M13014,16381,2183.6317776846113,312070437
M13015,16943,2214.0142341472488,314707943
M13016,45110,2280.5543066447053,332179152
M13017,11257,2250.3319817273573,327900354
M13018,20362,2153.5983199645575,305005262
M13019,15069,2245.2952504667933,327571162
M13020,3044,2199.562183612943,313765570
M13021,12281,2321.8770254062892,341044874
M13022,11054,2281.229480161117,332340088
M13023,28492,2255.01242244807,328424559
M13024,15308,2260.7300499465464,328984506
M13025,23339,2169.9026095882205,307829839
M13026,11130,2174.5387689247514,309380930
M13027,25098,2234.369833624061,321687054
M13028,108239,2157.158567895776,305633798
M13029,38044,2240.4110800554276,324615448
M13030,75833,2228.4046318447936,318546444
M13031,12895,2170.2839598020596,307879058
M13032,10100,2157.5072917908487,305742037
M13033,3207,2195.6452912520645,313718363
M13034,9867,2189.266324293728,313021960
M13035,10200,2257.903138988936,328646407
M13036,8803,2223.905049892966,317460715
M13037,20599,2216.505809005841,315568889
M13038,7013,2258.93423933113,328788867
M13039,12885,2267.501528478472,330219644
M13040,11051,2159.8808443436583,306047423
M13041,35065,2256.523253787627,328542256
M13042,10769,2195.531389840468,313707594
M13043,6838,2196.7669665128674,313729089
M13044,14762,2254.12118051036,328375993
M13045,8022,2264.236420584822,329782961
M13046,37685,2153.0335685326445,304958403
M13047,5583,2165.1461713511785,306367957
M13048,245208,2269.237376819227,330655794
M13049,16530,2149.4797336125675,301150473
M13050,19041,2255.02902875841,328453051
M13051,42223,2274.936575820896,331723411
M13052,24248,2269.7465190777375,330914491
M13053,18650,2240.42948146276,324653492
M13054,28980,2250.702129832673,327977270
M13055,13582,2239.9435291544396,324485458
M13056,26254,2279.8277848954453,332116431
M13057,13269,2287.2046711832704,333546816
M13058,16648,2220.690379695638,317189898
M13059,30970,2222.7530342123064,317350456
M13060,17175,2247.2247833880892,327708644
M13061,49539,2307.3759385618623,337354460
M13062,25880,2169.9153832514908,307853178
M13063,67858,2292.6664959572267,334981209
M13064,8498,2261.3316937814257,329263135
M13065,8935,2270.7226118309286,331199059
M13066,8982,2296.0525668217365,335287025
M13067,38718,2260.593919817248,328805493
M13068,13590,2202.2834253059727,313806049
M13069,46344,2300.02864625008,335773554
M13070,13936,2267.384949733905,330186526
M13071,10425,2179.7918321952347,310254079
M13072,9839,2303.499604553819,336630133
M13073,32265,2173.250474392659,309348665
M13074,22641,2271.9338896636423,331399539
M13075,11317,2287.1268332652066,333422082
M13076,86840,2275.982832211444,331843409
M13077,122274,2274.3601925382263,331573851
M13078,16977,2191.7907034786144,313175532
M13079,7519,2196.7591252100087,313721570
M13080,20727,2178.5555477143953,310163241
M13081,24933,2211.504829593243,314521739
M13082,14888,2285.550507720125,333185918
M13083,24516,2292.491953939106,334923350
M13084,37435,2200.003843377683,313768614
M14001,19282,2220.236275889175,316346608
M14002,20236,2270.1665146027667,330938739
M14003,20118,2246.199192693317,327634910
M14004,5494,2315.374459408865,338937958
M14005,12509,2227.188410518462,317986705
M14006,56681,2264.1993861630676,329726280
M14007,8610,2235.948279516321,321938184
M14008,76293,2221.062253688188,317206546
M14009,14523,2232.9321298952063,320120666
M14010,5958,2303.3737168322004,336243334
M14011,5394,2297.633332904149,335523723
M14012,4318,2287.1605333043426,333478409
M14013,51798,2240.183160694232,324524721
M14014,8697,2314.064360202606,338408506
M14015,50846,2355.2514846507124,362606483
M14016,35432,2240.354872925324,324580016
M14017,13135,2315.6214500213414,338977357
M14018,59086,2270.8215105241247,331207994
M14019,5377,2118.7736610480356,285700530
M14020,9133,2315.5759148833818,338968224
M14021,21577,2374.948496713613,372709426
M14022,32019,2417.266183104935,383820441
M14023,90509,2346.97496203555,354000904
M14024,26460,2280.16342677265,332142685
M14025,17557,2078.837774242362,274785497
M14026,5726,2313.559350234815,338202287
M14027,16097,2390.093621273517,375118648
M14028,2477,2308.734644988415,337702183
M14029,17554,2205.509671336394,313945044
M14030,43444,2278.182081301302,332034204
M14031,3926,2124.257179732123,287779484
M14032,5536,2311.221550002463,338054531
M14033,21044,2247.257810210587,327725819
M14034,2155,2336.6334750652845,348983363
M14035,46421,2129.2781764342367,289209284
M14036,17342,2241.0759765012426,324921539
M14037,22499,2348.616301282917,355089462
M14038,4769,2267.456101442295,330214875
M14039,1646319,2238.0901470307904,322122941
M14040,8659,2208.43904624573,314151963
M14041,6273,2051.193680616409,267585968
M14042,9047,2033.9277350186846,263315590
M14043,22827,2392.1616339530324,377606482
M14044,21605,2271.7988662724324,331361998
M14045,19503,2215.7553788285495,315388005
M14046,28110,2171.371461112278,307931350
M14047,21157,2271.4524904101486,331331200
M14048,19842,2230.4825472355046,319911762
M14049,10280,2377.038469521786,373650364
M14050,35713,2282.5889561543527,332812553
M14051,11792,2253.8101717330646,328364201
M14052,5831,2315.9750576838305,339010186
M14053,128118,2144.498371037329,297243204
M14054,6026,2345.458426857865,353731450
M14055,18177,2223.7003562511804,317442538
M14056,2769,2351.8508792123343,358250999
M14057,3813,2309.1345716551655,337712324
M14058,13873,2281.300983382043,332351142
M14059,11004,2316.959720029088,339084627
M14060,6974,2164.805558847721,306360983
M14061,14614,2056.8912391822205,270513704
M14062,3938,2283.0924540026504,332850482
M14063,84200,2265.5646621130736,329915975
M14064,27230,2084.6279306573756,275169090
M14065,14115,2395.291229908779,377806693
M14066,40827,2264.3620953842187,329790983
M14067,184728,2281.53996201554,332371191
M14068,12357,2365.4544211634675,371061829
M14069,11528,2313.7502951976653,338391220
M14070,83453,2252.8261637070755,328232754
M14071,4348,2199.0288915368587,313748883
M14072,6384,2185.389413012612,312480614
M14073,55305,2161.1531740058085,306134549
M14074,14760,2185.4096412150498,312486998
M14075,3497,2240.337958478115,324576519
M14076,3977,2135.6309817682,292179686
M14077,27286,2274.4645951013067,331696125
M14078,27666,2185.893133372509,312636095
M14079,12705,2337.1556662146563,349014890
M14080,6577,2256.932762530625,328607666
M14081,4204,2071.91457791961,273842988
M14082,30995,2329.390825678056,345660928
M14083,53616,2247.023149022829,327655028
M14084,13797,2297.820102300908,335529117
M14085,41111,2346.785198778198,353959793
M14086,15480,2325.171302574223,342380915
M14087,18047,2370.2936605601003,372066806
M14088,16074,2302.0075783441043,335984236
M14089,3204,2307.5807487815414,337694673
M14090,7179,2302.516969987056,336000310
M14091,37999,2143.4939470249515,297205205
M14092,11817,2302.585526243948,336067374
M14093,119197,2214.0451408262747,314724886
M14094,35502,2223.69144520459,317407036
M14095,8361,2245.745470628715,327594746
M14096,19766,2290.5474544320014,334631832
M14097,123619,2262.072018696439,329305856
M14098,474178,2241.7161345900463,324938881
M14099,9277,2365.512678553243,371074186
M14100,34329,2354.9495457788285,362567403
M14101,337149,2242.2587883454316,325442199
M14102,5928,2346.3077189949436,353947800
M14103,7374,2380.741486488373,373953469
M14104,5089,2102.3148496438457,281793792
M14105,20034,2244.713066966685,327260714
M14106,4024,2356.259671453196,362886999
M14107,6109,2293.1256228881307,335052684
M14108,33162,2362.0120422557025,366708126
M14109,15664,2170.4285866079767,307891953
M14110,14054,2333.2418483719284,348127436
M14111,5958,2190.7573610989302,313169574
M14112,5758,2314.04598711742,338402748
M14113,13736,2347.1201404720596,354554219
M14114,15936,2271.926214559747,331383603
M14115,5938,2098.808431455196,281420489
M14116,15381,2117.2198435235046,285617455
M14117,4407,2176.494004915008,309862205
M14118,23773,2175.622136795235,309392060
M14119,25829,2290.981930806296,334733341
M14120,1001021,2233.994567249185,320229805
M14121,28981,2354.835616430272,362538422
M14122,6533,2369.763600644802,372034698
M14123,15478,2254.9476839128943,328409081
M14124,53461,2239.816235997862,324431997
M15001,58389,2287.474584505924,333563034
M15002,61250,2322.676114364154,341057155
M15003,38827,2271.383295971514,331292373
M15004,15584,2408.7822118592185,380299509
M15005,110591,2352.4015941778316,358320391
M15006,8873,2375.565206315091,373578366
M15007,21095,2365.895061061175,371649843
M15008,30141,2429.6807874008095,385107426
M15009,45255,2379.7729744569297,373852912
M15010,23734,2285.0458498427674,332891565
M15011,34435,2331.567635017329,346456847
M15012,8172,2373.679869129791,372612267
M15013,467886,2330.833812361775,345899316
M15014,76750,2304.922078747783,336889883
M15015,25950,2390.912234092749,375170089
M15016,20516,2313.626530225251,338370704
M15017,5947,2379.83221803391,373898167
M15018,35196,2375.3904814881853,373543170
M15019,28808,2371.8826341352847,372251539
M15020,252555,2322.9427127027543,341118405
M15021,35068,2401.939154973399,378811420
M15022,10205,2367.95859791648,371829727
M15023,35358,2307.0113221433335,337293025
M15024,75836,2319.11369707454,339416773
M15025,217972,2364.248205811106,369918881
M15026,22828,2302.542612361497,336007489
M15027,5735,2370.902072797628,372130786
M15028,19620,2332.7702241430343,346586941
M15029,77579,2347.497290857218,354617841
M15030,17972,2331.606802362902,346491282
M15031,490772,2344.9279318204726,352630657
M15032,28006,2359.942505192627,365265657
M15033,1622697,2325.6111526084333,342396395
M15034,7916,2398.917281904478,378218177
M15035,38458,2300.4940956468095,335836512
M15036,33343,2292.5953878577225,334947866
M15037,193468,2353.035235211041,358635387
M15038,8168,2331.1549272132856,346370671
M15039,297570,2358.285460046617,363696370
M15040,30529,2410.663078632299,382793560
M15041,6425,2365.5305081432866,371083463
M15042,115165,2330.172060506854,345767261
M15043,19182,2373.0497573166804,372500939
M15044,31629,2310.1204485519047,337760193
M15045,68336,2287.0991184073087,333353746
M15046,15086,2333.3796311046585,348141490
M15047,56614,2331.480705834665,346400233
M15048,51979,2314.8167258324593,338848263
M15049,10720,2387.8172181668415,374658348
M15050,18968,2382.633110733424,374110073
M15051,99870,2361.5476273353493,366467152
M15052,21712,2398.955383497105,378226093
M15053,37716,2314.9513600572513,338900242
M15054,194463,2365.3402325438346,370867366
M15055,9225,2369.9913955458746,372057581
M15056,26971,2306.0818908530946,337201597
M15057,858711,2340.386321654586,351067814
M15058,1225972,2349.04013730185,356204598
M15059,19532,2311.0746515081532,337995591
M15060,269546,2323.6945126310848,341370960
M15061,7512,2307.1665626441372,337328383
M15062,49643,2362.922479478708,367212972
M15063,25989,2395.480363974665,377820808
M15064,30411,2305.1534164707764,336966633
M15065,29097,2316.5069293284014,339055530
M15066,5196,2381.6960654645864,374023622
M15067,57583,2345.196412108608,353512019
M15068,23592,2389.552597520325,374961739
M15069,3469,2331.123648588112,346367202
M15070,212694,2353.4409907957115,358896730
M15071,11065,2257.492271107007,328621119
M15072,9024,2376.9690162642796,373641340
M15073,10321,2375.10685020555,372750238
M15074,177287,2314.5270450131984,338622797
M15075,19694,2315.668140009275,338990492
M15076,59647,2363.1633433475913,367275027
M15077,5436,2391.526880976292,377490017
M15078,8592,2374.3806506739384,372646469
M15079,10007,2280.516762105129,332169145
M15080,27592,2409.6658798286694,380454842
M15081,172813,2314.2593318155346,338449984
M15082,95032,2404.7239407452557,379559164
M15083,8840,2371.3134338504697,372200429
M15084,29307,2301.7187265104467,335944776
M15085,61974,2292.1581664843006,334808869
M15086,31192,2389.1433591873215,374881715
M15087,69306,2341.1409939722466,351933236
M15088,77531,2397.614669590928,377996576
M15089,8486,2376.2508696507343,373599496
M15090,65119,2381.857032364302,374037152
M15091,66556,2310.523120023863,337808163
M15092,44653,2317.060523765293,339105921
M15093,22729,2330.1231457654944,345744532
M15094,16863,2390.974575992562,375196039
M15095,62280,2313.6102123077426,338308424
M15096,28067,2292.176850124215,334870843
M15097,16370,2401.545315585863,378619295
M15098,3997,2378.6283487253245,373747646
M15099,204102,2337.4966006541704,349029942
M15100,18852,2327.8909943881804,344331285
M15101,58381,2373.1181158535037,372520121
M15102,14512,2296.333469605096,335296007
M15103,42507,2371.1534764231874,372148837
M15104,721415,2333.589842031576,348156576
M15105,36100,2437.002459769096,385741907
M15106,666596,2360.8098911527045,365401932
M15107,11502,2415.4468228088585,383531131
M15108,93277,2317.1565294864986,339150574
M15109,432141,2321.5627978024695,340612733
M15110,57375,2372.7889728750456,372425461
M15111,40164,2352.575700495899,358516415
M15112,37993,2312.3154859525416,338116687
M15113,50829,2397.7462432170328,378074107
M15114,74043,2345.2053974055843,353569602
M15115,41402,2348.36262297754,355048060
M15116,3797,2386.4729150463427,374623943
M15117,16101,2424.9035507575527,384667715
M15118,121850,2361.886479654325,366581922
M15119,15372,2411.447748312091,382923124
M15120,99774,2304.7393322844414,336732276
M15121,453298,2321.404007869863,340159435
M15122,323461,2361.1733637370626,366128411
M16001,9933,2345.223952199837,353721517
M16002,19645,2444.043373032498,386639748
M16003,19502,2306.9064449586745,337273523
M16004,15108,2275.8413942818584,331828301
M16005,10287,2326.049609415511,344019092
M16006,117949,2399.893658825212,378356876
M16007,2826,2320.7302760479593,339536077
M16008,22152,2469.1017381622437,388751375
M16009,30584,2380.343292929416,373904114
M16010,23386,2480.1030861555764,389346481
M16011,9641,2271.6798030480445,331352357
M16012,38188,2389.2758678818595,374912907
M16013,10351,2397.0246269344957,377975058
M16014,13974,2460.8151281104815,388304376
M16015,21706,2444.4375365864084,386677538
M16016,23221,2311.2245217099944,338060067
M16017,30107,2288.2917416677533,333626690
M16018,9151,2300.442515302095,335827361
M16019,21169,2324.428643278718,342303421
M16020,26269,2291.3907088533756,334770840
M16021,10898,2336.688162625602,348985518
M16022,19169,2315.5192608988104,338949055
M16023,10968,2299.5993551559773,335580089
M16024,16243,2329.5370392056166,345691923
M16025,30711,2313.582736122878,338277713
M16026,6870,2449.6250512817546,387137587
M16027,7463,2300.414930045928,335819898
M16028,7077,2279.3905814806194,332085352
M16029,14866,2440.32193127924,386243301
M16030,14915,2279.420358686031,332092429
M16031,15923,2268.6083536594833,330313610
M16032,13161,2338.2798537034846,349267771
M16033,20015,2389.0247283744857,374861700
M16034,106421,2318.895656687788,339310352
M16035,34245,2408.2812761300033,380246376
M16036,11808,2290.0419089763877,334478964
M16037,10153,2301.9052021311836,335974083
M16038,45441,2438.9131306864,386057306
M16039,6711,2340.6307418471397,351926525
M16040,16341,2310.417334440994,337791822
M16041,13260,2317.8594151245543,339297092
M16042,14393,2281.125298304018,332321764
M16043,54130,2303.3367199498475,336189204
M16044,14430,2301.367849644413,335881429
M16045,36389,2304.2623457439013,336695887
M16046,11648,2360.341995354403,365293663
M16047,18586,2344.5673673640845,352612071
M16048,5136,2338.529900426006,349280932
M16049,16620,2356.477651254278,362898900
M16050,69382,2296.0095464146793,335217643
M16051,11235,2309.343679764988,337716137
M16052,171100,2523.671086832629,391080633
M16053,620532,2321.3306292259963,339538903
M16054,10914,2289.6238088320074,333712695
M16055,42877,2404.190905478938,379495438
M16056,23221,2332.8123367836056,346606561
M16057,8724,2394.2731261137546,377686995
M16058,15280,2361.193798143642,366451872
M16059,8821,2386.41439427984,374612938
M16060,9703,2266.452747024803,330097974
M16061,18804,2330.0961849212713,345725728
M16062,19688,2288.7011390997054,333656797
M16063,18504,2294.7887152417775,335147262
M16064,23868,2392.066670088172,377568234
M16065,31096,2335.4227895558065,348919156
M16066,77872,2345.222817249516,353643645
M16067,20097,2283.129472963301,332854420
M16068,20256,2353.1929634864327,358876474
M16069,84946,2258.0193173681764,328683107
M16070,15666,2305.2748125959674,337138825
M16071,71770,2281.0544868090155,332225146
M16072,13438,2307.5362081059297,337681235
M16073,23893,2327.927924348338,344350137
M16074,9905,2292.334948409779,334913445
M16075,57006,2345.8824610848715,353752744
M16076,60894,2297.3596335361217,335319503
M16077,19506,2442.551372243744,386461161
M16078,13952,2286.380464458984,333333030
M16079,38331,2357.7874275874256,363626374
M16080,17181,2313.5029724159867,338185106
M16081,9085,2371.29128396964,372191344
M16082,59192,2375.1135056314574,372760559
M16083,25670,2372.508274306657,372399791
M16084,26245,2304.9016174868552,336863638
M16085,32821,2309.7668714625984,337727372
M16086,14413,2267.385059527836,330200462
M16087,13287,2368.246911046029,371855213
M16088,39408,2311.1298276666425,338015123
M16089,24135,2394.6687537859452,377700949
M16090,11742,2349.003164294402,356192856
M16091,12833,2329.554392537523,345708166
M16092,16656,2407.672247742376,380185905
M16093,25392,2304.8773541142364,336832050
M16094,8830,2299.1353036310834,335571259
M16095,11315,2334.0025638397547,348877991
M16096,10153,2462.549278463103,388377435
M16097,36072,2395.0124534246447,377758005
M16098,23959,2332.3968493739358,346532143
M16099,18103,2372.9176568700386,372482836
M16100,12414,2332.551125216235,346563403
M16101,11124,2332.599790168995,346575817
M16102,265699,2359.395172953578,364680486
M16103,22512,2290.060432895131,334490772
M16104,20579,2299.9276032674356,335591057
M16105,17687,2270.6328880467017,331181372
M16106,26691,2261.032528623438,329059622
M16107,69700,2313.5612754663284,338208013
M16108,161918,2299.944659439532,335611636
M16109,4084,2276.2417560860167,331987757
M16110,48917,2301.6942993566336,335895859
M16111,12879,2358.9492126962,364040602
M16112,138050,2346.2877963499245,353809750
M16113,26500,2257.9450470861616,328656607
M17001,16482,2437.8412576967985,386008291
M17002,14708,2400.9450144932603,378541936
M17003,30436,2449.3562589904677,386890254
M17004,69381,2419.730739130438,384003045
M17005,9356,2421.5271259927545,384433614
M17006,153329,2414.526320635151,383361972
M17007,338706,2402.3024570172824,378846488
M17008,57617,2411.1456219906495,382842069
M17009,15184,2390.0800827377084,375103464
M17010,13745,2425.4568369233402,384698998
M17011,170589,2406.4556922696825,379909178
M17012,53351,2436.1425580072023,385638703
M17013,13623,2429.161637617199,385085998
M17014,8821,2423.5683370310167,384565578
M17015,23984,2418.933778576766,383958532
M17016,15090,2408.102300638826,380212530
M17017,54149,2435.8439522299495,385562842
M17018,92850,2409.444555647988,380315093
M17019,24133,2438.678744684142,386024773
M17020,32921,2395.010388054399,377725084
M17021,6917,2423.3166582254726,384558661
M17022,16428,2406.0805656373977,379808345
M17023,5626,2392.7713307011386,377648582
M17024,45272,2428.6622974781467,384847714
M17025,30017,2434.584189074962,385508755
M17026,13851,2398.479638554284,378182929
M17027,8742,2395.0960678724255,377794077
M17028,45643,2417.536906211042,383858242
M17029,84405,2406.3624348630483,379824773
M17030,36582,2406.9993129538325,380132109
M17031,33331,2431.498789602318,385209995
M17032,7962,2418.0038708897073,383903885
M17033,12065,2419.1848528179585,383982516
M18001,36512,2081.4139796050304,274849597
M18002,15371,2217.369503763086,315614870
M18003,12088,2242.6809850728996,325779348
M18004,65943,2206.3724616693457,314043049
M18005,10294,2064.833094629767,271908508
M18006,25382,2217.218919018284,315589488
M18007,16171,2211.0214662296075,314505568
M18008,37664,2183.9132669409855,312086818
M18009,26649,2087.700183272936,275842102
M18010,34683,2117.502190816547,285632836
M18011,21722,2134.6958045999813,292063135
M18012,42762,2182.468328834124,311018492
M18013,7753,2204.83172805066,313849619
M18014,20849,2189.0817036793246,313001111
M18015,94979,2151.1843004410393,301647492
M18016,42237,2094.131667584062,279746626
M18017,305176,2175.904190391333,309415833
M18018,31202,2139.134040833628,292851179
M18019,12940,2179.1955360216393,310186972
M18020,59808,2261.0146923712464,328999814
M19001,2514,1623.3297148285874,152895910
M19002,4390,1580.1216983143165,145339032
M19003,2464,1607.5960853782383,149986264
M19004,27773,1695.2858985517653,174210070
M19005,18524,1478.1700108581877,128881298
M19006,283497,1640.5309764779518,157662654
M19007,14840,1826.41039977304,210401989
M19008,3499,1558.483623161574,142181400
M19009,75059,1661.1027676731774,166177531
M19010,6644,1624.3188707024929,152898424
M19011,9343,1604.7530709643183,149715969
M19012,11204,1621.3629810840712,152778640
M19013,11540,1647.4382482646047,159675803
M19014,33721,1874.923258443053,216642048
M19015,2246,1622.9651197343278,152875719
M19016,3185,1631.0645122180144,154271389
M19017,39519,1746.5443115759506,182537678
M19018,28974,1639.2529917876855,155923936
M19019,125978,1654.568809842396,165274243
M19020,5799,1637.797498561518,155590495
M19021,233457,1638.1513400796782,155613064
M19022,15475,1697.3650413636374,174438939
M19023,1699,1589.3604575503089,145787477
M19024,5576,1840.4732521600529,211961146
M19025,6033,1627.5574426751564,154112842
M19026,670162,1652.1142074415363,162196996
M19027,2795,1625.214729811189,152926611
M19028,1371,1620.2304517895443,151877576
M19029,6413,1738.7477192970239,181228352
M19030,3484,1757.030657465719,186687589
M19031,66497,1655.0825457724518,165412575
M19032,5305,1504.2041545588743,134458207
M19033,69205,1741.5092520233052,181866340
M19034,4719,1629.0840098778876,154202823
M19035,1215,1608.1775506564986,150411789
M19036,7078,1902.5261269223022,225747966
M19037,5049,1617.9237181106537,151317254
M19038,52741,1705.4957096021735,175336680
M19039,1110997,1653.3090719064671,163886931
M19040,1226,1559.1952872047227,142219933
M19041,11321,1639.6475519052212,156106797
M19042,6237,1648.7276825692052,160297172
M19043,2613,1724.9741308489242,178174586
M19044,32329,1560.3443609385276,142235581
M19045,19024,1620.8564329266508,152120503
M19046,496878,1645.470488367948,159073655
M19047,14275,1620.2453723089639,151878947
M19048,227026,1653.6254246747626,165047217
M19049,36812,1679.809890304499,168563443
M19050,2169,1542.167780415321,140606081
M19051,4247,1561.720485257024,142455764
M20001,1540,2581.297200139159,395579375
M20002,44579,2459.100866541264,388002142
M20003,2567,2632.7644630013388,398441716
M20004,883,2517.56260014201,390898612
M20005,14249,2703.6925436545607,400906713
M20006,13745,2573.3259297814097,394868016
M20007,3655,2655.141081181453,399284528
M20008,918,2716.8507507650684,401875800
M20009,5660,2560.1140598331845,394137761
M20010,13186,2669.6471439001652,399964092
M20011,1317,2558.7726592654662,394055926
M20012,9566,2749.59506120998,403074972
M20013,2942,2639.6664127645263,398797826
M20014,22675,2696.3840974446566,400707073
M20015,5803,2680.3208482906607,400414500
M20016,5733,2587.6548832853678,395706558
M20017,3998,2676.557697106345,400335784
M20018,946,2525.3538051699206,391253647
M20019,3077,2533.626121659999,391650320
M20020,3295,2615.120747798661,396616927
M20021,14467,2451.690590139252,387259827
M20022,931,2493.4670562639453,389981413
M20023,12812,2628.270217502848,397515525
M20024,4298,2520.5486865538537,390991446
M20025,9799,2741.510132032598,402910780
M20026,7828,2618.3649757479548,396839404
M20027,2501,2517.989144454053,390900633
M20028,17573,2676.311277390481,400290845
M20029,4149,2496.646548430943,390118864
M20030,7705,2705.811869224744,401109513
M20031,6704,2629.2300682985815,397635736
M20032,1138,2517.652600572393,390899495
M20033,2004,2608.635442617337,396372310
M20034,1400,2534.5384652759813,391963959
M20035,754,2595.401057126983,396164044
M20036,5610,2667.8443961350786,399664560
M20037,4185,2628.644288736584,397575974
M20038,2132,2613.5853397740357,396468718
M20039,53219,2531.027686589624,391564455
M20040,6567,2505.785550833092,390458230
M20041,31040,2501.9657543733224,390395265
M20042,7287,2594.076791782508,396092100
M20043,78512,2711.8424281661382,401738510
M20044,40877,2515.2897375401917,390765804
M20045,3942,2600.7515785508385,396267631
M20046,3717,2588.4634664456507,395872794
M20047,109,2532.7278481435965,391619841
M20048,946,2638.2345302749677,398696075
M20049,1029,2660.779955453685,399455536
M20050,3473,2595.716240011257,396164798
M20051,3604,2699.3615626114383,400803544
M20052,6011,2707.409449651689,401168760
M20053,1116,2701.888679791756,400864913
M20054,434,2580.7523245088805,395056144
M20055,3383,2523.093629275632,391072289
M20056,1275,2669.587557703966,399962817
M20057,40709,2663.1839422097346,399510686
M20058,13947,2513.98417511136,390553104
M20059,32555,2704.0544280303207,400922830
M20060,2666,2618.637432521867,396853797
M20061,2392,2699.3193950292134,400801152
M20062,579,2598.438006355523,396241664
M20063,3368,2607.6495823839878,396364783
M20064,7607,2679.6919505894975,400391677
M20065,1835,2562.593958154298,394197397
M20066,5308,2704.1304522052887,400955385
M20067,256130,2620.865224154226,396955308
M20068,18183,2651.8781772820535,399174038
M20069,2032,2668.661746721258,399936487
M20070,6226,2682.836292304985,400425548
M20071,3828,2750.3939634332924,403084538
M20072,5661,2663.53070990455,399551395
M20073,26406,2616.62947965956,396729674
M20074,424,2708.7215137316443,401189784
M20075,2675,2724.474417516969,402539977
M20076,3548,2661.5923325264635,399467968
M20077,2423,2604.819071585158,396340930
M20078,1061,2628.5356519688844,397551798
M20079,76452,2736.887937526912,402734521
M20080,1796,2681.9997259033903,400423752
M20081,2318,2551.297213711516,393398006
M20082,4594,2686.6466703851233,400480972
M20083,4970,2627.2225008379723,397507895
M20084,3206,2606.9712733439533,396355041
M20085,22495,2736.5967216131357,402712026
M20086,751,2599.740460283598,396258679
M20087,3400,2619.946553676039,396924136
M20088,3100,2633.2434958121403,398449023
M20089,2136,2544.130176439679,392575547
M20090,5638,2694.114009210541,400689795
M20091,3909,2617.6389319567925,396835495
M20092,1377,2619.551357046843,396862446
M20093,563,2558.238253199826,394055363
M20094,2067,2598.649819830299,396242243
M20095,3723,2717.4200561990315,401977276
M20096,677,2572.14675999052,394858432
M20097,1678,2603.4168866007158,396327294
M20098,4295,2523.3210462218,391075672
M20099,548,2543.609087380979,392410362
M20100,537,2602.042595191029,396301211
M20101,916,2671.466824368186,399993358
M20102,3074,2606.4316499707966,396350467
M20103,4809,2650.6662805171786,399124885
M20104,1929,2646.1344964861705,399008510
M20105,6200,2561.561719854671,394144869
M20106,339,2539.533216821995,392211954
M20107,15261,2625.42045305598,397411080
M20108,4315,2632.60954141552,398434196
M20109,1313,2498.900263160424,390178213
M20110,1362,2604.969409545426,396343353
M20111,3818,2669.787271453826,399981612
M20112,2881,2657.086483845032,399388530
M20113,2873,2730.159507998873,402652314
M20114,788,2608.494713558279,396370090
M20115,4740,2633.2013328823255,398444283
M20116,3833,2514.724562129671,390722353
M20117,2512,2742.729760255718,402928147
M20118,2731,2641.3113055666895,398868624
M20119,523,2595.8888325295184,396198310
M20120,638,2607.006775415108,396358247
M20121,827,2557.935810653539,393985790
M20122,752,2699.5834742856114,400807148
M20123,2727,2646.2353793164034,399010439
M20124,15886,2720.6031596360726,402320274
M20125,10882,2690.675484928709,400537009
M20126,4236,2707.0235620394983,401137193
M20127,1180,2590.1400908240466,395976269
M20128,1252,2597.141584760656,396212035
M20129,344,2542.3878226616657,392315225
M20130,4931,2728.1843344366484,402630784
M20131,9788,2654.0656393312465,399274740
M20132,1043,2656.770774725586,399385584
M20133,3408,2613.6761617521,396470850
M20134,23238,2511.645597437703,390504667
M20135,6150,2614.8238846018526,396610777
M20136,11680,2532.930994116058,391621406
M20137,3324,2634.985051671227,398479972
M20138,472,2614.306750633085,396609101
M20139,1914,2523.87661612794,391251733
M20140,783,2576.051074100272,394935897
M20141,5782,2730.8937009716287,402657775
M20142,1379,2493.6280993054547,389982344
M20143,9318,2729.6195781554206,402642996
M20144,1184,2581.098804569725,395057883
M20145,1789,2628.8067832707716,397627929
M20146,1868,2703.827101468242,400920962
M20147,413,2580.6574052775513,395055731
M20148,1991,2733.0787127829026,402704362
M20149,1250,2679.8180225802794,400399284
M20150,9694,2593.560796705529,396022093
M20151,452,2527.835057054054,391261890
M20152,2064,2564.2220698481124,394221270
M20153,3959,2725.8257957294873,402622205
M20154,1938,2704.4493576768496,400960693
M20155,849,2679.282064480401,400382172
M20156,3294,2596.9955842657323,396203904
M20157,8343,2616.834662351822,396756080
M20158,2355,2676.183635468355,400262849
M20159,5227,2712.2751129514054,401817022
M20160,1895,2530.0168258204226,391491796
M20161,2717,2585.0517373599264,395662791
M20162,1529,2661.5970351221627,399471516
M20163,1702,2497.320753429028,390123013
M20164,3353,2545.824081653198,392755866
M20165,1271,2514.68100226346,390721082
M20166,9867,2529.42733357521,391458690
M20167,1892,2706.334489213493,401135301
M20168,916,2688.7067064010707,400509026
M20169,4538,2491.904629881197,389964398
M20170,3151,2701.127244198875,400859895
M20171,19969,2501.015435504601,390300519
M20172,531,2583.782987178271,395655623
M20173,1572,2582.911056043828,395650705
M20174,2887,2629.5196673984583,397672556
M20175,1775,2568.5254146434386,394567589
M20176,3223,2543.01737814319,392360345
M20177,9298,2537.684846765845,391990587
M20178,3499,2602.750077938036,396317196
M20179,1236,2580.64506800915,395054495
M20180,2286,2672.124374556457,399994274
M20181,442,2513.150299981918,390552662
M20182,2242,2534.4812532825026,391928222
M20183,1511,2548.4122434233313,393233844
M20184,133913,2514.5698342808214,390587169
M20185,7514,2661.4397788085703,399456565
M20186,666,2523.3600872080974,391079967
M20187,2479,2511.811465935893,390527905
M20188,8656,2679.3702528936024,400383021
M20189,2338,2599.0829799574153,396246446
M20190,21679,2620.8117873055317,396933629
M20191,374,2598.7627709387993,396244310
M20192,1338,2647.7664202113665,399086815
M20193,2285,2597.4706212759493,396239379
M20194,1350,2647.2052225831876,399070030
M20195,1468,2591.778658211977,396015164
M20196,422,2585.1196581436498,395665508
M20197,2914,2635.1629260980285,398493984
M20198,27399,2652.5598267520936,399192221
M20199,849,2535.632062515211,391965359
M20200,3588,2644.29766327867,398973074
M20201,1830,2593.4347945892155,396020263
M20202,4302,2718.2185465446564,402037235
M20203,3198,2675.254273916223,400178266
M20204,675,2691.3042750522395,400551125
M20205,16775,2585.546913995938,395669534
M20206,2466,2509.3899204851887,390501077
M20207,17090,2639.733839090814,398800768
M20208,9543,2586.190635899937,395687300
M20209,932,2712.7233196436064,401822249
M20210,6750,2576.6974473393107,394937552
M20211,3125,2729.2461852622637,402639871
M20212,2551,2583.8962538975493,395656154
M20213,3889,2700.961776601932,400856006
M20214,2486,2563.0897625704797,394207018
M20215,665,2573.440752036286,394881761
M20216,1150,2600.027709876349,396260519
M20217,3454,2606.316165957244,396347013
M20218,572,2612.0147464291476,396425341
M20219,2817,2637.3686357563233,398653261
M20220,2974,2547.0654005852643,393014465
M20221,1448,2561.4764885730665,394143421
M20222,1605,2585.359952666766,395666780
M20223,496,2589.882904066621,395940964
M20224,720,2566.9661532550176,394348084
M20225,5380,2687.1854988041164,400500559
M20226,2587,2643.1134685639186,398948267
M20227,9965,2613.4095691355146,396458753
M20228,737,2492.8696759756012,389972172
M20229,5676,2670.447062229331,399986630
M20230,1202,2544.335054567213,392577683
M20231,3144,2645.7528413882756,399002271
M20232,20118,2514.366267116584,390567051
M20233,1941,2642.0831621106263,398878445
M20234,7227,2500.7581658032723,390278352
M20235,3618,2698.2412139667285,400767123
M20236,1741,2732.5295498967416,402689244
M20237,2303,2539.9587393387096,392256393
M20238,757,2666.311731760865,399621620
M20239,1078,2577.298345663292,394944302
M20240,2614,2594.4548569281915,396161430
M20241,1200,2670.218773061736,399985430
M20242,8877,2578.1379543485414,394959330
M20243,1776,2644.209849746708,398971298
M20244,3254,2503.4251246035724,390433553
M20245,1370,2529.1894114250504,391457320
M20246,642,2615.8653033046935,396708607
M20247,1391,2597.2127053955214,396213287
M20248,10657,2737.002683719279,402810973
M20249,2913,2500.440228512436,390270797
M20250,1108,2577.6362910177927,394945380
M20251,1150,2544.4704668260897,392586193
M20252,1838,2605.198253007351,396344715
M20253,4148,2743.095706676475,402930659
M20254,3495,2725.993687126021,402626164
M20255,1945,2622.885314208932,397288988
M20256,250,2532.698364275253,391619591
M20257,1122,2606.7313140342717,396353919
M20258,880,2588.349772540479,395713341
M20259,2261,2543.0848366137393,392363568
M20260,2621,2583.098105488839,395652277
M20261,6143,2520.015535104278,390981130
M20262,1089,2600.0259692223563,396259430
M20263,3134,2717.8156878815726,401991456
M20264,2276,2553.7543838636075,393671835
M20265,5947,2685.259387534792,400475025
M20266,8584,2753.2389569247575,403147353
M20267,307,2594.330068129908,396161123
M20268,884,2674.75476008072,400177382
M20269,3635,2616.1951693388896,396710290
M20270,1703,2542.58765049378,392335736
M20271,2097,2650.9583206059388,399148472
M20272,6705,2705.0652619054918,400973122
M20273,3205,2632.699672976577,398438511
M20274,1193,2624.951697477696,397345921
M20275,5332,2642.061074819609,398873113
M20276,874,2525.6194510521123,391254593
M20277,12668,2679.856708953594,400400534
M20278,36036,2494.178000516806,390000856
M20279,2617,2731.4629206163067,402682187
M20280,2673,2593.2176613209313,396017590
M20281,268,2580.110672645168,395020496
M20282,821,2722.207463235215,402392677
M20283,1038,2534.200438565842,391920609
M20284,3160,2653.9589302957725,399271580
M20285,3115,2683.8075450344063,400444850
M20286,3525,2568.650135523237,394569364
M20287,432,2539.1671724799658,392211522
M20288,601,2591.4710985205147,396010675
M20289,1131,2692.4967645495585,400605260
M20290,991,2531.476335713908,391617674
M20291,4069,2713.974817457661,401845181
M20292,1294,2628.809361375921,397629718
M20293,7103,2611.9961958611702,396418238
M20294,5071,2596.2509373597545,396198833
M20295,8470,2647.5916282552885,399078345
M20296,1135,2570.8273276847303,394855314
M20297,2489,2620.0573954500646,396927536
M20298,10477,2640.5849586627573,398825642
M20299,1074,2617.3814790672286,396834421
M20300,5334,2657.2918284374973,399391411
M20301,1471,2657.550993981924,399396745
M20302,3765,2675.994192910072,400258210
M20303,1204,2614.4894594991747,396609573
M20304,1050,2587.945142409736,395712291
M20305,3634,2703.491933271415,400903079
M20306,4735,2737.717286209744,402821630
M20307,9862,2747.925498307991,403019994
M20308,2588,2730.782425852784,402655187
M20309,10854,2503.7625017790824,390436807
M20310,3604,2620.4757351110175,396930025
M20311,677,2549.231282878171,393340514
M20312,1298,2679.8682731363087,400413202
M20313,1010,2539.9757451823425,392258696
M20314,1548,2698.307727846331,400770741
M20315,1903,2656.955231921711,399386627
M20316,821,2698.0814600330427,400766302
M20317,1555,2573.5341371569984,394882426
M20318,32471,2737.9907790433117,402826365
M20319,1312,2713.522573587719,401843869
M20320,653,2610.52097634823,396417585
M20321,926,2532.5262134079626,391618665
M20322,877,2495.160084579388,390117987
M20323,1780,2643.0472047385997,398946487
M20324,36982,2769.914779411042,403470167
M20325,9570,2660.1136398541307,399445966
M20326,4535,2537.2813921252773,391986052
M20327,13377,2732.65475404883,402690985
M20328,1052,2670.568162433315,399992306
M20329,1428,2621.8206014603584,397262579
M20330,4173,2520.5329514242017,390987273
M20331,850,2585.1583620263777,395665930
M20332,420,2574.7603423186188,394934544
M20333,2684,2669.13832542639,399938519
M20334,42645,2718.0538012329926,401994590
M20335,991,2585.745254729026,395686309
M20336,2546,2564.9701272292555,394236586
M20337,5504,2632.312111014835,398427034
M20338,7819,2604.636776970772,396333111
M20339,3486,2565.472188130001,394255693
M20340,2061,2502.938123585594,390430919
M20341,246,2559.9938361552563,394057243
M20342,1584,2631.228624064601,398405565
M20343,2029,2630.4602194913114,398397942
M20344,2366,2716.069834135611,401870065
M20345,3722,2669.3913186459736,399951878
M20346,1633,2563.5096414745553,394219637
M20347,3288,2721.480665448914,402389389
M20348,8671,2580.5577818589422,395045824
M20349,2062,2634.935134284232,398477910
M20350,15690,2622.214859152425,397264007
M20351,2470,2694.2400818646497,400695433
M20352,2225,2527.1587113680316,391259665
M20353,1867,2701.6586315430363,400863046
M20354,524,2492.597008512996,389971648
M20355,864,2518.582320148181,390918344
M20356,2140,2631.4540384583897,398408307
M20357,993,2675.3878549727538,400237176
M20358,1990,2655.7993912204556,399297060
M20359,1149,2585.444764258355,395668385
M20360,3415,2646.445035513741,399013166
M20361,977,2708.2353602090157,401174771
M20362,1545,2705.89840256925,401117218
M20363,2532,2600.4750292792723,396265099
M20364,14036,2708.2656917435447,401175748
M20365,1542,2601.1541444714653,396271573
M20366,4440,2731.4868236388425,402684804
M20367,4230,2693.743076415597,400685565
M20368,1604,2653.827963316701,399269976
M20369,1758,2641.538628698607,398871355
M20370,725,2583.284798697471,395654898
M20371,858,2613.9595088299566,396474258
M20372,1848,2618.8653597329267,396859339
M20373,573,2503.135050846846,390432980
M20374,1263,2498.036648524994,390176950
M20375,6457,2622.261934460179,397279697
M20376,410,2553.4997963170154,393650018
M20377,10688,2635.159593040551,398483296
M20378,3311,2649.989780322745,399116938
M20379,2672,2601.521099262537,396273115
M20380,1833,2634.615191213288,398476077
M20381,2625,2526.568486059185,391257040
M20382,1158,2631.2726268481165,398407149
M20383,567,2582.044728181572,395616526
M20384,4061,2703.4584293933754,400899018
M20385,52806,2625.324889815429,397355520
M20386,15054,2673.8968871763127,400071825
M20387,3549,2651.5409773534934,399150569
M20388,2212,2635.6521716267475,398496898
M20389,1177,2649.4225807503544,399115761
M20390,44364,2621.7041387829277,397218215
M20391,2808,2719.447708413571,402282014
M20392,6663,2624.295236984736,397339258
M20393,3455,2657.84503739232,399398216
M20394,2660,2627.5768210362057,397512865
M20395,2531,2554.7935668014525,393923875
M20396,3329,2504.8053245925853,390449665
M20397,29026,2590.9956772819137,395979794
M20398,5597,2662.341370828741,399505089
M20399,15749,2616.5992877177573,396713925
M20400,1562,2521.369807017322,391060045
M20401,18120,2748.6634460402443,403029856
M20402,1016,2678.9940188463365,400381156
M20403,1658,2632.336755209501,398432538
M20404,808,2565.418519625358,394254885
M20405,1711,2555.822797043037,393926733
M20406,21436,2490.8354850592477,389892475
M20407,7106,2665.0835551883006,399560695
M20408,414,2582.5858051687087,395650291
M20409,7272,2623.9769449456116,397298366
M20410,3369,2716.700292880353,401872431
M20411,759,2629.3245479492653,397671797
M20412,3021,2673.4607305546533,400067129
M20413,28327,2761.4353942678235,403167797
M20414,10118,2697.1310601354157,400756184
M20415,4910,2659.3585971531065,399417647
M20416,594,2529.708734579212,391468557
M20417,9783,2538.5215729106153,392184378
M20418,10491,2704.922424851636,400962631
M20419,598,2590.1855343688007,395977449
M20420,1070,2655.912312656174,399299050
M20421,4041,2714.819835194714,401864518
M20422,770,2549.8787895691707,393354473
M20423,606,2576.5408653714203,394936946
M20424,4156,2728.1905660509283,402635715
M20425,2081,2540.9574536539612,392262554
M20426,6914,2617.227982466421,396784379
M20427,13648,2667.577221507514,399643533
M20428,1506,2715.4357547624854,401868559
M20429,1675,2673.6124334920896,400070150
M20430,272,2607.234357735706,396358885
M20431,1831,2519.7268490412916,390979299
M20432,958,2592.122163458007,396016632
M20433,2622,2717.086668906041,401876718
M20434,4843,2497.81225574546,390172107
M20435,2752,2636.4856468070902,398620745
M20436,1204,2546.3036747635188,392856656
M20437,8406,2625.0325097141367,397347114
M20438,1562,2523.0367277236064,391063170
M20439,20228,2768.9593963087136,403397106
M20440,1016,2684.9573842899013,400474009
M20441,5698,2719.8995628966118,402314576
M20442,378,2606.6451309429867,396353541
M20443,460,2605.3507409547306,396346553
M20444,469,2635.7560224197427,398506654
M20445,1223,2608.8551173766664,396378216
M20446,6565,2618.3714842270174,396847232
M20447,15417,2645.735206970382,398986854
M20448,1633,2661.5676475587666,399466335
M20449,3449,2680.794093443849,400420303
M20450,9537,2661.8715703202,399473045
M20451,1365,2552.633538905105,393513137
M20452,4636,2650.229192077847,399120249
M20453,2577,2752.049864158125,403094925
M20454,2754,2625.406265496997,397408326
M20455,2404,2515.986985470771,390806681
M20456,1341,2540.4908187006645,392259706
M20457,3058,2584.786814090236,395659733
M20458,1544,2567.495211733236,394504955
M20459,4314,2488.899490276468,389823880
M20460,4837,2597.1294424422044,396207198
M20461,725,2568.0904811028076,394566864
M20462,3988,2528.739836814141,391313373
M20463,933,2575.335443683114,394934964
M20464,601,2528.3913818494657,391312772
M20465,1200,2648.091929648457,399088153
M20466,10675,2669.3759979778565,399941203
M20467,17922,2699.9833637726197,400807900
M20468,12682,2577.6617745233752,394946488
M20469,28118,2582.049756061284,395617093
M20470,6336,2676.765445745309,400339782
M20471,520,2587.0116771697994,395696843
M20472,2788,2692.420327064016,400602472
M20473,1432,2608.5301243559243,396370878
M20474,3291,2674.66036341189,400174091
M20475,1988,2646.832899797953,399068042
M20476,397,2511.572554464807,390504270
M20477,1674,2688.022869736065,400507352
M20478,2422,2570.816149090728,394852892
M20479,266,2576.4063566935415,394936680
M20480,1028,2584.243105964065,395658705
M20481,2876,2618.8506565645657,396856463
M20482,44193,2692.0341468862666,400558279
M20483,7937,2599.318266285517,396250742
M20484,4469,2543.603790008187,392405893
M20485,3234,2690.676071930203,400547891
M20486,2306,2548.7295944620073,393235355
M20487,1721,2589.827999910844,395911436
M20488,140,2535.9746562961323,391966208
M20489,4997,2695.995186270657,400702076
M20490,2712,2492.2504123236818,389968936
M20491,3315,2657.9882310499615,399401671
M20492,3888,2591.752737155666,396011276
M20493,506,2572.3263589654866,394859109
M20494,7433,2622.973136240126,397290933
M20495,3267,2743.185400771725,402934807
M20496,1762,2598.8685442431306,396244684
M20497,3130,2709.6949337005894,401190208
M20498,6599,2602.8773925980613,396320695
M20499,1725,2569.1802894516018,394572889
M20500,7544,2635.7454069909036,398499110
M20501,1173,2550.6831418564266,393396833
M20502,4963,2619.5785165078128,396863823
M20503,465,2608.9610416357073,396379439
M20504,1757,2597.277232439446,396236672
M20505,7295,2698.792767069152,400788551
M20506,755,2626.3877827372035,397426341
M20507,3347,2691.778786574182,400554932
M20508,1488,2692.599593710082,400606391
M20509,8725,2758.010623887417,403159072
M20510,878,2631.5629795373125,398410447
M20511,3430,2600.376354953704,396261669
M20512,1125,2726.7616516198077,402629659
M20513,7379,2667.6695407839575,399657181
M20514,950,2597.431701983082,396238429
M20515,53229,2720.627948478928,402336160
M20516,4334,2669.652366267644,399977278
M20517,4004,2640.6054111233957,398836119
M20518,160,2577.920473955358,394959170
M20519,2834,2622.6027691273953,397286154
M20520,7308,2544.339090638874,392578885
M20521,327,2555.3018494353532,393926406
M20522,1041,2616.047981571374,396709249
M20523,1565,2564.7129069271637,394235021
M20524,510,2552.414379146749,393512627
M20525,10457,2717.5889936087588,401980999
M20526,14058,2723.8657679344346,402393498
M20527,2569,2537.8063290390464,391999885
M20528,1464,2570.8494915209235,394856449
M20529,1456,2532.792871177122,391619950
M20530,3095,2646.074821117658,399005415
M20531,1939,2607.9011664380823,396368151
M20532,4139,2604.376722199636,396328972
M20533,1683,2710.4571662037374,401276549
M20534,4173,2695.264236087311,400697903
M20535,3390,2658.5109378176326,399404986
M20536,519,2571.9005390996767,394857913
M20537,7786,2562.636954744778,394199232
M20538,635,2702.0937359874592,400866029
M20539,3902,2608.6627496587353,396374314
M20540,6088,2546.6572622700633,392857860
M20541,1855,2591.0961211868416,396008820
M20542,874,2676.173419474331,400261975
M20543,5306,2699.0077482411384,400795846
M20544,1747,2590.352146693437,395978047
M20545,7476,2499.6933310114628,390263321
M20546,5562,2627.1055199695197,397502333
M20547,952,2541.352704076195,392264635
M20548,1573,2525.9325188278103,391255467
M20549,12346,2547.701084797331,393017439
M20550,4724,2628.930780791711,397631012
M20551,13507,2635.9227773817165,398524149
M20552,514,2528.0951608682926,391276633
M20553,6777,2621.2101624710376,397211438
M20554,5626,2607.3941461157224,396359157
M20555,2813,2636.735253744732,398623497
M20556,316,2536.4038606102163,391966348
M20557,12140,2710.1692725542625,401264409
M20558,1507,2540.5924337348642,392261047
M20559,22886,2546.7698196918263,392913336
M20560,5594,2630.786863343852,398399971
M20561,2256,2661.4564537466395,399464079
M20562,1305,2580.7671762711466,395056578
M20563,1413,2687.5982266287983,400505939
M20564,1259,2619.5019679942648,396861187
M20565,19247,2633.6323697111234,398456830
M20566,3184,2637.8060532987515,398656078
M20567,3433,2533.4861897316987,391646887
M20568,1563,2521.3764517688055,391061607
M20569,1958,2599.2703272471126,396248784
M20570,16801,2642.6973696452264,398929686
M21001,49462,2385.742032255409,374269989
M21002,9199,2277.0353365708233,332012396
M21003,34765,2485.421494778935,389526330
M21004,40439,2400.4594550347147,378474825
M21005,3074,2420.2950361028375,384276569
M21006,13058,2286.077518427446,333200806
M21007,3795,2443.186998835755,386586454
M21008,9087,2279.811152017376,332107344
M21009,2614,2483.624472565283,389423587
M21010,48642,2471.1057828728667,388867219
M21011,2004,2503.9376621767847,390447661
M21012,6632,2388.8691982602127,374855068
M21013,15811,2471.9985365113534,389087128
M21014,4704,2281.682059720015,332555919
M21015,64315,2391.810462844647,377503919
M21016,7664,2308.9155012960523,337704660
M21017,18565,2307.3086670283324,337335895
M21018,3732,2465.1098820918382,388490498
M21019,117111,2405.322858263536,379681394
M21020,5782,2417.3254810928465,383852460
M21021,1310,2445.225848886956,386704619
M21022,11933,2414.1909045506054,383326109
M21023,8104,2412.967684204926,383297098
M21024,1302,2485.501595708883,389561095
M21025,7704,2279.142988141405,332077648
M21026,13571,2383.3675794667547,374197911
M21027,5104,2491.085997092479,389913911
M21028,2216,2283.025994768366,332848266
M21029,3931,2281.228761514339,332336157
M21030,884,2280.6596531418636,332224262
M21031,3564,2438.921394098766,386102747
M21032,1880,2482.2521895191285,389390493
M21033,4596,2418.2416742619434,383947659
M21034,27575,2381.0141008121027,373960843
M21035,18692,2484.6566732642095,389498880
M21036,12662,2483.73201551506,389426201
M21037,2524,2464.107340877987,388471350
M21038,6583,2407.3391732232853,380179322
M21039,8984,2296.841166257446,335310519
M21040,7086,2401.798050187364,378765623
M21041,46729,2385.8843763004343,374332617
M21042,3985,2453.1101147970417,387295717
M21043,45010,2287.142498463878,333433399
M21044,14434,2332.1342530477023,346517709
M21045,38711,2401.9387554725813,378772709
M21046,5542,2443.1342624318727,386580912
M21047,21133,2472.4601218695034,389106450
M21048,17788,2372.452818176731,372382003
M21049,12855,2275.702824397183,331815446
M21050,20252,2381.5135692731205,374003370
M21051,36606,2448.046543289602,386814892
M21052,1301,2435.9409025382506,385637402
M21053,49266,2303.729037929452,336639972
M21054,27216,2310.81073868416,337968375
M21055,5043,2512.149163059457,390530384
M21056,1961,2493.964153590021,389987164
M21057,7279,2258.2166876903384,328768053
M21058,17833,2374.4092620293372,372655061
M21059,2810,2484.7112963979353,389517572
M21060,5581,2379.283163116956,373782434
M21061,26108,2460.222651175127,388052010
M21062,4845,2435.1560604978545,385543638
M21063,13473,2416.8669075588487,383629680
M21064,16331,2205.264668638863,313928713
M21065,22151,2398.982886131322,378247805
M21066,3177,2497.323794283365,390124715
M21067,14833,2369.1872128147274,371926009
M21068,8194,2274.0837318704907,331565657
M21069,28654,2420.1808048587795,384191019
M21070,8026,2432.481544835241,385270841
M21071,83537,2266.185081944555,330014437
M21072,16130,2276.5393732744487,331991841
M21073,9651,2463.9171524778726,388407749
M21074,50868,2377.311678702725,373682932
M21075,10206,2302.5838358874507,336057168
M21076,28345,2297.8294501554888,335542914
M21077,5465,2284.7862834368925,332886100
M21078,11670,2291.146948373445,334759170
M21079,4591,2423.068811197982,384547615
M21080,2761,2286.7668746711497,333350985
M21081,4614,2502.469186786981,390426305
M21082,6922,2458.0007651872406,387563706
M21083,28358,2328.951780324637,345590562
M21084,6589,2285.406466138153,333179329
M21085,70739,2439.251511197144,386106311
M21086,13257,2232.9327912245003,320135189
M21087,12556,2469.472641286067,388773527
M21088,4942,2285.3620167276104,333174387
M21089,13489,2269.7361992459923,330901002
M21090,14483,2383.333661912736,374183428
M21091,9301,2262.4377641901933,329484066
M21092,5239,2449.1963073128054,386868298
M21093,9207,2368.8273906144145,371879353
M21094,25719,2347.413523508742,354570369
M21095,722,2423.253665740212,384557939
M21096,2396,2385.5809846963525,374267593
M21097,2044,2408.3912047379795,380297465
M21098,6229,2426.721995456534,384758228
M21099,17779,2429.8615635657206,385137567
M21100,9613,2259.8057229248193,328795880
M21101,3617,2292.9915684490034,335049067
M21102,10644,2389.485255259488,374951095
M21103,5375,2444.490665812017,386699244
M21104,19033,2374.153979534963,372627436
M21105,4945,2337.5238330719703,349234044
M21106,23619,2398.294365968238,378159310
M21107,12609,2277.0753903491764,332021595
M21108,13769,2357.729150917194,363612605
M21109,18326,2254.629708838148,328390755
M21110,35812,2418.073102820555,383911847
M21111,19401,2228.3560712798476,318527043
M21112,9680,2499.4617016258976,390180959
M21113,5948,2484.845221452129,389520382
M21114,1346916,2391.158868367849,375212902
M21115,38649,2403.946630111277,379456789
M21116,19235,2375.090023687755,372731003
M21117,14766,2373.2684932686575,372597501
M21118,20849,2404.2516770512466,379538315
M21119,56066,2390.059185751772,375047398
M21120,4495,2457.42982899322,387555430
M21121,1116,2416.636096837689,383628564
M21122,8632,2369.1515167821453,371917377
M21123,4425,2276.8252616762784,332007971
M21124,13554,2476.57982571314,389185973
M21125,6934,2392.5597908936556,377629309
M21126,5267,2393.6018435662113,377659520
M21127,4317,2483.9670405916063,389438863
M21128,6744,2371.4209176986265,372212880
M21129,11697,2480.8563968891062,389369867
M21130,3708,2390.0088326039686,375043690
M21131,815,2425.157921103775,384691449
M21132,121071,2363.5007480964045,369667490
M21133,951,2434.295127699555,385485719
M21134,16361,2358.825838301054,363993940
M21135,727,2509.5524374919246,390503543
M21136,9350,2376.900448464817,373629864
M21137,8334,2381.757645581046,374028818
M21138,10009,2386.8091867137196,374631245
M21139,3441,2493.8869165217184,389983723
M21140,99794,2388.6730070662697,374755274
M21141,3711,2494.8774655760067,390043722
M21142,23342,2384.2270857599524,374220470
M21143,22649,2364.8153539849686,370141213
M21144,10631,2407.1609342384127,380168691
M21145,13219,2471.623086242763,388984527
M21146,887,2439.4319468908957,386177050
M21147,6112,2461.8202746661727,388331292
M21148,8815,2396.0041486676837,377888800
M21149,14249,2450.175297621627,387153977
M21150,6734,2425.329341788859,384692264
M21151,7082,2409.9183264634,382735796
M21152,11068,2385.442703728586,374256525
M21153,16844,2408.381597080576,380280621
M21154,59177,2411.502397228755,382938496
M21155,6830,2494.343835529927,390036892
M21156,226258,2460.585476042488,388078118
M21157,12650,2470.236779866785,388786083
M21158,7060,2271.0396760537096,331267080
M21159,4840,2427.5450735164823,384791560
M21160,3549,2452.9723351292073,387280855
M21161,16717,2449.272033976852,386873537
M21162,4003,2286.623073249817,333346982
M21163,14055,2388.3495908999967,374741219
M21164,62651,2401.2571168301774,378556644
M21165,1272,2423.8019554601397,384577119
M21166,8671,2426.085383920216,384749557
M21167,9457,2290.3643343278377,334622375
M21168,6392,2434.1060318593936,385433753
M21169,18145,2444.2852949913927,386659393
M21170,15268,2345.6332931131756,353737476
M21171,2864,2418.3946468458057,383952255
M21172,25859,2307.5014488503357,337403999
M21173,5556,2305.1896120041088,337133269
M21174,81156,2310.5370442898284,337874719
M21175,9640,2397.533905835776,377986936
M21176,8331,2440.028263591065,386234970
M21177,42295,2434.278393131823,385443424
M21178,17764,2249.4035932585293,327862897
M21179,25674,2388.030411338544,374715545
M21180,31665,2357.8926858302534,363664705
M21181,5370,2376.502242059795,373618208
M21182,4198,2412.7072364993146,383292900
M21183,18233,2271.142697670511,331274140
M21184,6502,2273.1180564130286,331512023
M21185,8686,2428.4476107055734,384819660
M21186,47106,2305.733471672945,337154491
M21187,6271,2238.700188925231,323769260
M21188,17171,2406.5295507231303,380079767
M21189,17259,2415.723455714393,383611305
M21190,1161,2484.235370822608,389443180
M21191,11025,2501.247263680908,390320488
M21192,6176,2281.3801477515613,332365015
M21193,6185,2414.5168753766584,383355787
M21194,25115,2231.9275820893704,319999420
M21195,21164,2453.7547598180427,387312321
M21196,1701,2482.0929505821478,389388792
M21197,70164,2255.902477768374,328472092
M21198,1433,2499.448042389989,390179526
M21199,30426,2313.2306839143052,338154680
M21200,4306,2307.9775113919345,337697877
M21201,3279,2434.275039190419,385440145
M21202,11760,2291.8800683991312,334797109
M21203,5101,2431.187968102931,385204894
M21204,6649,2303.8003176118777,336689238
M21205,19368,2421.8853652486796,384442970
M21206,4407,2442.163906197869,386405866
M21207,49242,2302.9566807581673,336139962
M21208,69698,2293.7213630629176,335058793
M21209,8900,2474.797515453879,389163432
M21210,5267,2287.49845276839,333621423
M21211,13810,2314.1577781081623,338417203
M21212,19447,2319.6341240774673,339492609
M21213,13535,2258.872410151779,328775332
M21214,13641,2476.0578595389356,389172332
M21215,4392,2290.0124347679102,334474572
M21216,2949,2287.4314524665324,333560085
M21217,19715,2477.7821095821587,389267004
M22001,54591,2262.414695233862,329429475
M22002,27290,2155.920521821304,305418261
M22003,12667,2110.047767941903,283955774
M22004,51790,2205.1906646548737,313876923
M22005,46878,2195.339214876441,313660716
M22006,74558,2224.4192600401743,317487611
M22007,27598,2208.6108179201497,314160622
M22008,29140,2241.774777158391,325413059
M22009,22839,2146.6537026422693,299724034
M22010,19493,2150.522952251362,301623631
M22011,71397,2216.2226511501035,315418575
M22012,49554,2227.2187202623945,317999214
M22013,16557,2165.3116093013878,306373540
M22014,641386,2218.59639985883,315650006
M22015,7665,2180.2184250031796,310309282
M22016,179668,2239.532504034758,324252329
M22017,49969,2224.5537907481817,317562169
M22018,21266,2181.4699343708894,310997226
M23001,60091,2518.689063495806,390919208
M23002,60365,2567.5263517822377,394506499
M23003,11313,2453.0182635572296,387284404
M23004,208164,2668.424534695854,399728323
M23005,419815,2458.9406806584902,387582327
M23006,31052,2553.8108028919364,393680810
M23007,20411,2435.9127435325922,385616991
M23008,63752,2501.917535644177,390331513
M24001,19192,2021.867330826591,260008650
M24002,8781,2045.2035789501065,265705493
M24003,42782,2101.975253697429,281751010
M24004,4889,2035.6650283875547,263837623
M24005,18824,2060.0113876575283,271305501
M24006,9889,1876.7239532442711,216923759
M24007,16153,1861.0768941498536,213702653
M24008,20703,2013.066845574039,258057027
M24009,3404,2039.6424117209278,264567627
M24010,30603,2015.3002207927198,258512485
M24011,39944,2066.730396434739,271953699
M24012,19904,2104.9118349686205,282233388
M24013,146604,2061.8655599381786,271358621
M24014,17352,2111.1826780010824,283982730
M24015,21070,1940.4593130918568,234344402
M24016,39687,2038.039584191989,264494747
M24017,25359,1992.9564158389178,253437677
M24018,14289,2110.410150638427,283968441
M24019,6538,2105.206365580473,282266646
M24020,78187,1880.0546727977753,217313620
M24021,48392,2036.1976572004628,263943077
M24022,19904,1982.6302380045424,251844654
M24023,15790,2077.03625179639,274736771
M24024,88991,2067.837146133834,272610599
M24025,26405,2001.5049486934383,255339880
M24026,9363,2102.3837043522667,281823275
M24027,10493,2098.5321041075886,281409996
M24028,670532,2048.0504761554635,266056125
M24029,22373,2130.7271712517527,290317312
M24030,6793,2034.8234690150778,263653399
M24031,10830,2097.7846632666087,281296840
M24032,39066,2085.8146748630547,275547081
M24033,12755,1924.6549651061014,230740967
M24034,14107,2092.366301670455,279732519
M24035,180296,2043.8117092300631,265208418
M24036,27390,2068.385944403667,272699590
M24037,89074,2142.489137870396,294618224
M24038,16008,2127.0649982801383,287783410
M24039,13722,2109.3737398211874,283936226
M24040,35087,2059.9958298352813,271270414
M24041,18137,2097.2585941445723,280279755
M24042,13354,2104.9380275562344,282253292
M24043,9582,2099.4498829579225,281464860
M24044,7533,1855.8141867045456,213341218
M24045,14205,1962.0983299376587,247026246
M24046,14623,2077.98791126096,274757940
M24047,10378,1911.0734580363212,227417960
M24048,5135,1877.0724177259222,216933648
M24049,34432,1981.4355724658544,251691718
M24050,40602,2086.305799275573,275783054
M24051,14989,2013.0812810876575,258108404
M24052,10956,2025.1101810183634,260607662
M24053,31405,2122.675875594487,287292878
M24054,49578,2128.1617168056714,288707006
M24055,21962,2059.137566492748,270993779
M24056,13747,1992.7607628105116,253423930
M24057,28319,2134.0624750459388,292034816
M24058,18898,2001.6052306737465,255366285
M25001,359146,1862.266599990097,213996208
M25002,43827,1870.4434810310438,215972154
M25003,37757,1846.6073193194245,212441827
M25004,27815,2015.2162249880103,258484670
M25005,17269,1915.2574387977004,228197737
M25006,745537,1899.0118499165267,223639086
M25007,29355,1741.6284407610551,181970657
M25008,49471,1973.9752285890688,250744548
M25009,50438,2055.6551947479084,269516341
M25010,89515,1783.5821212398519,189383903
M25011,277402,1861.9070499422942,213718806
M25012,380509,2031.0501106003637,261606808
M25013,50082,1848.922633943827,212587520
M25014,47934,2041.0641976609254,264620436
M25015,73303,1857.1390354819607,213435305
M25016,26762,1956.562803702865,241977782
M25017,85100,1826.239441000978,210277268
M25018,145622,1914.2543365029765,227768132
M26001,2420,1540.8002805151802,139968033
M26002,61944,1369.0748499127828,109965172
M26003,25152,1737.6034699966433,181203200
M26004,7253,1562.8541032273308,142461714
M26005,1484,1566.4710477920826,143197774
M26006,3396,1492.123256200579,132512459
M26007,718,1535.991862059044,138630519
M26008,1348,1481.915215868235,129292296
M26009,943,1572.658526774777,144240542
M26010,1366,1420.1562087984598,119768617
M26011,1496,1454.4870954718187,126056041
M26012,21322,1742.8586082327674,182000012
M26013,1484,1523.9125285319863,137640639
M26014,3724,1547.3047281846832,140934639
M26015,1377,1409.4025077554086,118205574
M26016,5732,1563.3366913673885,142658534
M26017,69516,1583.7003146689303,145452087
M26018,356290,1741.1829359418762,181510050
M26019,32061,1444.0164036920544,124242280
M26020,4984,1595.8733501822949,147187443
M26021,2306,1652.9355031457862,162894502
M26022,937,1524.619484688401,137720846
M26023,6202,1500.3191699991871,133090563
M26024,825,1517.4529971919046,135738215
M26025,49987,1743.2063062668335,182021334
M26026,56129,1781.4468714294123,189285391
M26027,7801,1407.0791759898623,114772522
M26028,1235,1486.1281969314682,131169239
M26029,130329,1751.8481832125058,183103969
M26030,609829,1647.6719603923616,159687343
M26031,1147,1435.0802601768594,121370536
M26032,966,1481.5124607893,129206745
M26033,76296,1790.3570856520662,190995292
M26034,1142,1532.366866777363,138560052
M26035,9988,1495.55004699779,132660934
M26036,24447,1515.237853853566,135600336
M26037,1584,1610.1514813961392,150642890
M26038,4187,1511.900431819303,134866812
M26039,5370,1393.0378470038202,113618983
M26040,2236,1484.4527712644422,129685757
M26041,14365,1460.7448559886243,127426217
M26042,140650,1756.2362749347558,186532425
M26043,159787,1456.0233476772516,126835150
M26044,479,1628.108478783707,154121265
M26045,2831,1555.2161208599643,142099094
M26046,402,1554.0024711268466,142007464
M26047,9236,1580.0832495124973,145329796
M26048,31157,1629.626472403074,154211308
M26049,3335,1704.2611443310477,174988795
M26050,1591,1570.9150925287925,143802895
M26051,5432,1679.0265737764448,168417293
M26052,6400,1556.8303802938076,142152306
M26053,416,1538.4855555160443,139690789
M26054,279,1626.580263710535,154090642
M26055,145006,1634.9359556167435,154546574
M26056,5626,1599.7089419632982,147473106
M26057,1703,1562.200145666882,142460011
M26058,13526,1531.9384361984633,138546526
M26059,1628,1440.929128478222,123518544
M26060,2257,1501.4221557325252,133850253
M26061,1649,1605.230496033128,149725312
M26062,1175,1653.0924460579388,163885756
M26063,1539,1528.192286453124,138035702
M26064,1756,1569.58806441137,143581832
M26065,1798,1525.025070402822,137740135
M26066,9565,1585.7146025742388,145543788
M26067,1986,1459.0730568682598,127033951
M26068,1590,1590.3633683004957,145975074
M26069,6069,1606.225144895138,149747670
M26070,11278,1541.0153723952446,139970453
M26071,21813,1771.001007520787,188040929
M26072,13692,1764.385973593887,187546483
M27001,54265,2636.1830409366808,398537656
M27002,217261,2570.1955240379534,394617426
M27003,88218,2528.9272960480544,391369102
M27004,520308,2581.19258614541,395059067
M27005,164637,2543.9899142861495,392410910
M27006,104360,2567.3325685215887,394400595
M27007,26951,2637.135247469593,398626310
M27008,158573,2588.4562726286063,395714221
M27009,32840,2613.3405760176615,396425913
M27010,68746,2558.03469940902,393986617
M27011,27807,2589.8565573576434,395913157
M27012,133985,2614.0158897768492,396475116
M27013,80272,2560.0980535483027,394057489
M27014,70764,2530.746345238939,391493691
M27015,41296,2626.7680392819398,397461037
M27016,45834,2628.6903639932766,397580159
M27017,55712,2675.2891202891715,400181464
M28001,13306,1833.3211387012143,211005134
M28002,27997,1961.2424408197783,246219370
M28003,127664,2020.223013964682,259803914
M28004,8915,1998.6047571491833,254946372
M28005,5183,1732.8462460229816,180496272
M28006,7520,1900.1635414944953,225053509
M28007,16787,1580.4030003921666,145373299
M28008,4537,1868.4854038890599,215742956
M28009,182325,2034.1806150722323,263324637
M28010,2333,1754.8647097454975,186370379
M28011,8570,1961.1933688190907,246210800
M28012,41455,1969.547726163704,250038193
M28013,14499,1846.497535159048,212427328
M28014,4366,1551.738369643944,141754465
M28015,16246,1590.5443730253817,145976664
M28016,24281,1809.6050331280642,207839092
M28017,13184,1903.2174129914938,226182706
M28018,8510,1815.2577188885011,208654062
M28019,17620,1913.2830659974843,227703778
M28020,2830,1774.98079963189,188417757
M28021,112602,1977.2627324067957,251032184
M28022,418141,1637.4729446960023,155172354
M28023,5337,1714.4643575376174,177139141
M28024,6788,1566.9084525686674,143212327
M28025,25704,1570.726387713587,143777191
M28026,3176,1884.4649253377586,218022554
M28027,310915,1449.3214477678382,125618823
M28028,3067,2000.2764421586587,255089085
M28029,13303,1965.6068887366594,249530054
M28030,13677,1832.300068152356,210720342
M28031,1821,1914.7254273708731,228173657
M28032,420463,1607.7437380741876,149988728
M28033,104229,1621.2267948845765,152519143
M28034,9577,1772.8661038318266,188218523
M28035,57412,1746.6617087254829,182577197
M28036,1055,1760.8332958024155,186919453
M28037,24231,1866.291681447057,214652209
M28038,295442,2036.271627770526,263991469
M28039,27049,1948.1907019002235,239581479
M28040,58573,1657.4847015558175,165571272
M28041,263063,1866.578276833001,214703584
M28042,7005,1784.4072961504553,189473418
M28043,22464,1949.2373328997926,239640806
M29001,7679,2357.344384840524,363570310
M29002,11795,2359.1890678402287,364664104
M29003,5449,2336.9378026804497,349009441
M29004,13122,2350.256531845614,358021853
M29005,67675,2350.070723304453,357954178
M29006,37169,2329.181491834722,345618920
M29007,12412,2363.0033362751215,367262615
M29008,10964,2365.541168129014,371089888
M29009,4255,2357.1084505971526,362943872
M29010,57512,2361.1168267082,366070899
M29011,4080,2343.1729294775014,352073295
M29012,7215,2343.747821723667,352077375
M29013,66561,2362.790114531487,367146411
M29014,12664,2343.1482585238405,352060631
M29015,30301,2358.8693358684422,364010301
M29016,5840,2369.7142911208493,372005469
M29017,8357,2376.1635734348215,373591139
M29018,28842,2359.0733335694244,364635262
M29019,14313,2365.5486700078973,371100852
M29020,6937,2340.108134496217,351060877
M29021,14605,2339.8865533469016,350991907
M29022,4357,2371.1102721583607,372144480
M29023,21020,2369.5272440523295,371980033
M29024,23391,2360.7786864695045,365378541
M29025,54387,2382.8894792379265,374129041
M29026,12824,2356.78066968416,362925953
M29027,10142,2379.6274969113415,373842770
M29028,17067,2368.9641311089063,371891794
M29029,9006,2368.5763395374934,371868500
M29030,11226,2344.4305671791603,352600845
M29031,21753,2347.4750671286506,354596088
M29032,10803,2369.9172070583672,372041231
M29033,73230,2360.596691889186,365305311
M29034,33893,2328.142102823752,344374030
M29035,4735,2353.5634530224456,361533075
M29036,16682,2359.5232785542935,364946185
M29037,7959,2374.820654891049,372701467
M29038,9294,2354.7908878766934,362529128
M29039,16857,2351.8612424946414,358253768
M29040,7418,2348.8770198315824,356159459
M29041,22288,2377.2066649302255,373660644
M29042,10226,2376.4861602025026,373607982
M29043,21555,2351.0437151114174,358078222
M29044,31915,2371.7967571155787,372219624
M29045,4729,2329.8052361214936,345720999
M29046,3391,2335.372429747878,348915765
M29047,2347,2337.3465848494156,349027595
M29048,13697,2365.3395288888883,370853669
M29049,4360,2364.750404357963,370136853
M29050,9081,2367.3363575532017,371805343
M29051,3234,2368.9225059839587,371888560
M29052,4587,2359.3087384131177,364675899
M29053,5547,2369.919607260357,372052034
M29054,4368,2370.8614972313508,372126418
M29055,2939,2341.971534428513,352014026
M29056,5851,2362.1621860388295,366741288
M29057,3676,2368.985502232414,371908861
M29058,6997,2373.8595123718783,372620439
M29059,4883,2372.2818260633044,372377120
M29060,3184,2366.2727567949782,371750477
M30001,7514,2339.0681712042124,349291410
M30002,2658,2328.4636388849212,344407923
M30003,78243,2546.820249982014,392936222
M30004,39354,2352.1996891622803,358276836
M30005,5011,2472.6466425019953,389158421
M30006,17785,2432.730191129646,385278867
M30007,5613,2405.423505432927,379798505
M30008,8573,2390.1869923174822,375134745
M30009,27188,2337.825644137972,349238989
M30010,53241,2317.468922201188,339243851
M30011,49499,2443.6795254211747,386590249
M30012,7228,2481.0586617118192,389381564
M30013,26377,2138.0269078884944,292236549
M30014,36823,2422.2392995642617,384465138
M30015,32119,2467.509339302216,388713694
M30016,23389,2369.7516921403685,372011309
M30017,3611,2371.4163392731944,372209269
M30018,1776,2424.3280844182063,384591557
M30019,5381,2451.4306639748,387254446
M30020,8054,2437.0670790925674,385778007
M30021,22619,2415.6623004723524,383588686
M30022,16998,2413.7208313445544,383309111
M30023,48179,2314.7259216538596,338800084
M30024,13339,2370.3274106378108,372084853
M30025,20230,2364.1042585316795,369898651
M30026,16433,2339.2913870757434,349298924
M30027,16237,2186.368471174604,312766707
M30028,135804,2402.672995710944,379200181
M30029,11072,2389.9712131524434,375032618
M30030,39308,2424.4013377434535,384593333
M30031,14628,2430.5634695565523,385176549
M30032,45383,2491.8233297157585,389919015
M30033,23839,2212.6858166244137,314684104
M30034,24729,2155.3523386510387,305393532
M30035,11268,2139.160543002593,292882381
M30036,7301,2332.4179576051733,346556102
M30037,6876,2257.1053327096797,328614243
M30038,73536,2353.9475812995656,361815169
M30039,267212,2534.195604183199,391653397
M30040,39189,2236.056887036149,321946794
M30041,1834,2428.7012924550586,384911906
M30042,6196,2304.8814733810605,336857442
M30043,17094,2387.0849189072637,374641254
M30044,177288,2416.8786658747076,383643153
M30045,54185,2487.9217685086724,389727598
M30046,15303,2367.5153130605427,371814424
M30047,42003,2395.824220948698,377846797
M30048,97437,2546.2775806697123,392759219
M30049,18920,2428.694636712377,384892986
M30050,14423,2268.7186152109016,330641371
M30051,21105,2260.6910588325227,328937124
M30052,10849,2430.698626555294,385191177
M30053,23260,2427.7625873861903,384796400
M30054,11731,2494.019765844479,389989125
M30055,12902,2149.645009037865,301167003
M30056,6646,2147.1214946311447,299754244
M30057,12981,2323.807014822625,341640506
M30058,58735,2177.2968547844266,309970589
M30059,14105,2542.5005272995727,392321631
M30060,14035,2136.8544365186026,292222514
M30061,73077,2565.47696434115,394259179
M30062,15130,2402.681467214161,379335985
M30063,15072,2142.6585919765466,294707298
M30064,3438,2265.7309542456796,330010999
M30065,44580,2353.061445605261,358828855
M30066,23876,2261.368537029834,329271633
M30067,10824,2265.7243203626513,330000175
M30068,46053,2415.6239157302357,383542633
M30069,26413,2242.852402745098,325791436
M30070,18205,2570.704870159888,394834687
M30071,46477,2387.961170634568,374669068
M30072,18093,2224.3605672732433,317469518
M30073,39795,2520.766900488526,390995744
M30074,5733,2423.2471881240294,384552206
M30075,17753,2445.6964910118104,386705929
M30076,12956,2197.106816219479,313735927
M30077,38847,2528.7964874034856,391330255
M30078,12863,2148.4504523755113,301119846
M30079,9517,2363.7334524808616,369868150
M30080,19945,2398.6958387954924,378196780
M30081,11914,2414.5661176232643,383515301
M30082,13294,2547.843048699398,393029785
M30083,49216,2209.3597978607368,314233637
M30084,6047,2478.2859734692925,389302385
M30085,56896,2420.206932096966,384219673
M30086,33399,2312.163735420765,338083288
M30087,390590,2345.0385528897687,353121429
M30088,4416,2369.7122405704295,372001053
M30089,37764,2548.3694935588746,393196080
M30090,9969,2407.800240669022,380202561
M30091,25424,2601.872217032775,396275787
M30092,28762,2357.4170182013086,363577989
M30093,13025,2336.921326524636,348996416
M30094,33495,2534.5011102158855,391930464
M30095,18971,2314.2269558719036,338431013
M30096,1432,2324.2728475795625,342301989
M30097,20161,2462.723383404946,388387588
M30098,2327,2430.53833973742,385174222
M30099,14709,2422.717845098081,384532906
M30100,20580,2400.912998523451,378521356
M30101,28622,2412.5451763612914,383264278
M30102,119166,2286.1796987506955,333213864
M30103,10345,2264.3869214898555,329831810
M30104,15210,2518.382060907537,390903134
M30105,35171,2406.7167928889185,380096938
M30106,3807,2327.259114651374,344327478
M30107,2582,2326.3126141827165,344320015
M30108,153001,2548.335774945945,393043079
M30109,60771,2302.8765615707216,336079191
M30110,8368,2449.145182318187,386859930
M30111,16755,2552.3827859570797,393495872
M30112,18097,2333.010121635693,346643943
M30113,4038,2425.4829725290406,384712743
M30114,9798,2272.722434818175,331436687
M30115,30945,2422.4897273679217,384501961
M30116,13282,2549.3448563062675,393341191
M30117,22085,2434.3357671283206,385486670
M30118,118593,2419.9165554879737,384072426
M30119,5236,2505.705763995274,390452994
M30120,12137,2544.596063238787,392587343
M30121,24394,2102.341738161455,281798881
M30122,14071,2516.199984161948,390809085
M30123,90657,2056.629238899917,270384742
M30124,170304,2240.9181710167354,324672142
M30125,26567,2410.208813082577,382766993
M30126,30791,2378.692401404301,373751643
M30127,17980,2410.9694409273675,382824089
M30128,54365,2339.9905453408915,351006512
M30129,17509,2142.720711637943,294722370
M30130,49388,2546.7246616587736,392863948
M30131,152838,2230.1587532169774,319606673
M30132,14161,2332.9268392673716,346629782
M30133,50329,2044.476640536328,265499301
M30134,18999,2373.232378202781,372578502
M30135,14730,2424.648699612766,384632641
M30136,5342,2338.838073204769,349286068
M30137,4195,2440.472132019078,386258167
M30138,39327,2421.1990408550614,384279643
M30139,5684,2466.792342766904,388618190
M30140,2214,2426.8013112662743,384764457
M30141,142343,2486.956064117662,389562397
M30142,32645,2550.239880031576,393355243
M30143,54539,2484.308012353687,389444341
M30144,27958,2553.401993266839,393622060
M30145,11467,2545.7205391387115,392744399
M30146,3105,2383.486636547345,374211482
M30147,16392,2430.0006916064303,385155346
M30148,27198,2405.1353163236004,379654196
M30149,27486,2516.2576426116934,390823156
M30150,11589,2138.42181872284,292355666
M30151,26306,2147.8243104183202,299760890
M30152,12643,2052.7778374995073,267951338
M30153,6254,2144.6431787825177,297371322
M30154,13455,2139.178404455206,292893649
M30155,94829,2135.2847137845406,292084857
M30156,4881,2326.317158240605,344322597
M30157,19551,2205.1501497768763,313857372
M30158,25681,2240.1678741553856,324499040
M30159,17640,2457.162717469449,387537790
M30160,102946,2186.1629950650613,312663761
M30161,36359,2115.0011007857515,284696283
M30162,5900,2377.427933997929,373733800
M30163,5603,2315.396637311331,338943452
M30164,14900,2361.7584133797523,366567022
M30165,7844,2398.236132920927,378151466
M30166,8455,2331.6246847461475,346509254
M30167,13754,2157.8370797002162,305752137
M30168,11958,2433.539902101761,385421795
M30169,24506,2521.2057838666205,391035539
M30170,9051,2219.222558690267,316291392
M30171,4642,2445.792535697613,386723682
M30172,19066,2554.3573458407704,393904809
M30173,51006,2451.0958476317765,387203440
M30174,89382,2471.837166857817,388997746
M30175,81088,2209.5663618865174,314424480
M30176,4642,2500.639750211371,390273710
M30177,8899,2330.3047966875242,345890417
M30178,14946,2462.537237445395,388362489
M30179,3624,2384.9802692951635,374252901
M30180,11067,2215.9028581430175,315407508
M30181,36610,2436.3295407829473,385692054
M30182,11484,2341.7135181317285,352002542
M30183,51877,2295.6989465281686,335165766
M30184,6263,2446.3478095024743,386739985
M30185,3955,2424.8768468640665,384663760
M30186,6092,2400.5478895986316,378515264
M30187,4839,2329.330158774461,345656089
M30188,14952,2381.3525912490054,373988418
M30189,126616,2183.5615707856246,311943821
M30190,2210,2500.7968066093595,390285579
M30191,27684,2365.958034890791,371670938
M30192,18771,2294.0395923009664,335128491
M30193,457377,2391.432213832262,376559818
M30194,7991,2330.2332574019,345882426
M30195,4401,2441.852691600263,386401465
M30196,16389,2424.7467412033348,384647371
M30197,12500,2310.562797020536,337955875
M30198,6993,2236.2070147895515,321985983
M30199,8945,2550.4295585644454,393387888
M30200,12339,2392.754256907305,377636243
M30201,39814,2441.3496393108394,386361651
M30202,12339,2199.5561846220867,313753231
M30203,12607,2273.0870870302074,331499416
M30204,44100,2539.6117916636126,392212293
M30205,18446,2087.3134312695147,275823656
M30206,27218,2541.9831831171036,392288007
M30207,44215,2497.3691674478655,390127892
M30208,22858,2487.6171856181195,389704740
M30209,12488,2516.767847018498,390886124
M30210,23461,2628.5103126610397,397528337
M31001,5230,2394.445835409419,377695719
M31002,13166,2385.8224711141374,374319451
M31003,9413,2446.304398460126,386730572
M31004,5095,2356.8597754805846,362938777
M31005,1974,2375.8628468981333,373589165
M31006,7959,2370.9172359285485,372136521
M31007,6286,2376.5051108363273,373623578
M31008,3916,2414.7126604022146,383527215
M31009,4743,2363.297200459747,368039729
M31010,2085,2435.4021613058294,385548483
M31011,6065,2346.718272158139,353953728
M31012,3445,2402.7672608182197,379351115
M31013,7620,2355.965867088452,362657329
M31014,1313,2448.3710588473677,386851498
M31015,4387,2398.1013070609356,378141800
M31016,2369,2468.3873589474215,388749006
M31017,4016,2447.1391949280446,386746248
M31018,2800,2422.170219568251,384462338
M31019,25085,2461.8449233508645,388337404
M31020,3503,2349.5829687140485,357845117
M31021,6561,2452.6742840767206,387274294
M31022,3511,2472.3388014914776,389102939
M31023,4057,2378.14743481704,373739700
M31024,2868,2431.1243406387885,385202026
M31025,4316,2429.2608663060255,385099621
M31026,3150,2349.8237843687843,357848620
M31027,7877,2356.4686686961386,362891023
M31028,2414,2347.393263956682,354567955
M31029,5854,2357.4445599435594,363606751
M31030,3413,2418.7747519177374,383955119
M31031,2723,2374.6225154696585,372698744
M31032,12666,2410.0508501532763,382742878
M31033,16864,2397.885564095263,378124936
M31034,5312,2393.0903346613864,377654208
M31035,5477,2389.6737549367144,375004135
M31036,6112,2399.5431067842765,378350764
M31037,4227,2405.6182723979077,379804118
M31038,25979,2348.955745213513,356166877
M31039,3226,2349.2390899552865,357430570
M31040,23006,2389.8587301362313,375009612
M31041,39191,2369.298003200091,371940842
M31042,5130,2403.1911804507067,379354560
M31043,2248,2445.8165311446737,386728324
M31044,5534,2356.6818923712217,362917358
M31045,2184,2386.431188905515,374621759
M31046,2720,2423.6644073540324,384574399
M31047,4664,2432.1660686541054,385252859
M31048,18804,2389.565960747922,374985331
M31049,2484,2430.272669046215,385171738
M31050,705055,2363.16518614057,367334674
M31051,2684,2355.237032873261,362603799
M31052,29485,2362.729816397621,366747139
M31053,11449,2410.120656658442,382755544
M31054,2537,2366.436017079022,371753661
M31055,5279,2398.16425241174,378146187
M31056,25483,2439.8282164031043,386209487
M31057,7802,2382.5440434012353,374102271
M31058,21284,2476.85030552465,389199527
M31059,48797,2328.734896867914,345541765
M31060,993,2411.557395796629,382997673
M31061,3061,2356.683197082466,362922892
M31062,3909,2413.529228281773,383305202
M31063,4354,2361.910614587917,366703772
M31064,1452,2398.9035717457987,378216725
M31065,1838,2356.654588279733,362915520
M31066,3489,2429.342537625836,385103937
M31067,8275,2386.1209220941855,374379346
M31068,3039,2353.080564150923,358873435
M31069,7633,2424.9551955747484,384683816
M31070,3874,2395.2265072585687,377802819
M31071,1527,2397.365042548445,377985409
M31072,1847,2368.821320627894,371877506
M31073,3193,2468.086873758362,388745813
M31074,3505,2386.600782909986,374627740
M31075,4866,2434.7179946296624,385538772
M31076,14380,2392.092929799127,377592102
M31077,2310,2384.2319875261232,374243812
M31078,3889,2378.2843295182774,373743757
M31079,34802,2455.1324784029784,387336145
M31080,8464,2419.20579023995,383994581
M31081,2660,2453.7825921427047,387333485
M31082,3302,2352.0646892168625,358273534
M31083,1594,2338.1358622472962,349266177
M31084,6396,2370.428348989955,372098192
M31085,12274,2435.5512205914847,385550568
M31086,2126,2376.9493543559465,373639214
M31087,4201,2352.33936028167,358316190
M31088,1926,2375.579606495002,373587239
M31089,32776,2425.9576112571035,384716781
M31090,5883,2383.508728688017,374214587
M31091,9533,2431.6941005793183,385243326
M31092,5289,2460.148984131627,388046721
M31093,15281,2368.1254414080763,371839932
M31094,4012,2458.392449944429,387570628
M31095,4840,2369.018795168204,371912537
M31096,64104,2403.238884038278,379359690
M31097,3528,2403.29662792125,379423794
M31098,12577,2477.627470403364,389254427
M31099,2976,2439.7946388028695,386206511
M31100,2909,2351.9901749611854,358270625
M31101,49145,2367.2316310502238,371756198
M31102,56776,2447.216462608014,386750264
M31103,2824,2393.6034235834018,377664787
M31104,13243,2436.8145230317054,385728664
M31105,2371,2360.9701980680275,366068528
M31106,2067,2354.963188457955,362601732
M32001,7371,2146.815752542335,299746873
M32002,4976,2150.195251926454,301618655
M32003,3199,2116.1226629695316,284820623
M32004,4368,2150.684175270531,301643124
M32005,31897,1978.284440614237,251248479
M32006,8522,1906.4161256511497,226587652
M32007,11728,1778.6148869407739,189049508
M32008,10824,2028.5890325015862,261584566
M32009,11927,1941.2283673758013,235234393
M32010,183236,1955.8437677480122,241093726
M32011,3547,2181.3841302001706,310993679
M32012,7974,2025.6549467439597,261077232
M32013,5486,1973.8488376304413,250619840
M32014,23112,1868.4383121350074,215719844
M32015,2018,2095.756683257128,279788863
M32016,21689,2001.723895564148,255407784
M32017,109066,1998.0002371492171,254794931
M32018,5254,2111.7130680648797,284000082
M32019,23470,2127.4042831755564,287799418
M32020,54757,2015.686576306841,258543088
M32021,5235,1963.4983381509876,247517443
M32022,19387,1842.760502046002,212141297
M32023,12669,2153.825057214954,305025624
M32024,39921,2043.6003365368108,265168497
M32025,11418,2029.089600627397,261595390
M32026,17860,1777.357192162256,188545331
M32027,2720,1756.971987399792,186684869
M32028,3004,2178.982108983608,310183968
M32029,21671,1843.3207141291673,212167562
M32030,2916,2100.703501075278,281525733
M32031,9702,2063.0977075265723,271586435
M32032,9755,1986.4127639597098,252807945
M32033,5704,2170.6707461722012,307907617
M32034,29282,2155.2725339179888,305364250
M32035,13814,2024.0281994838965,260424334
M32036,38219,2013.9432571643656,258246528
M32037,13985,1983.9571722351448,252745858
M32038,64415,2036.5753566840135,264286911
M32039,59330,1887.5245724577073,219502163
M32040,20775,1917.6904219899534,228459603
M32041,3101,1784.4880660945532,189480423
M32042,61652,1918.962997175117,229137249
M32043,1346,2021.664715854084,260007304
M32044,15681,2100.799217669821,281528649
M32045,8972,2128.4335498528753,288756584
M32046,8446,2038.7912405987242,264534434
M32047,9174,2153.5594043461347,304996088
M32048,23456,2115.960397595976,284797167
M32049,35048,2012.1319649236673,257959599
M32050,7228,1989.0643670377012,252923486
M32051,32125,1935.6078983225932,233208401
M32052,14443,2055.2287286929163,269501898
M32053,11870,2016.2699348746733,258597845
M32054,15746,2031.4270128433902,262748980
M32055,32140,2046.4834539995427,265800539
M32056,123899,1995.9837950459828,253962960
M32057,13080,1997.574046159312,254336509
U01001,43671,1442.7702862337212,123584667
U01003,140415,1518.6648200403247,136738275
U01005,29038,1579.176505683531,145300758
U01007,20826,1373.674710368968,110303779
U01009,51024,1347.4356696366492,104053422
U01011,11714,1540.1119811316169,139956319
U01013,21399,1499.5284605688448,132981626
U01015,112249,1416.4682375479422,119037979
U01017,36583,1505.613277163398,134535469
U01019,23988,1410.047316413515,118217595
U01021,39593,1413.74069624649,118858263
U01023,15922,1376.553387646682,110521126
U01025,27867,1429.1758933504098,120710289
U01027,14254,1447.1213785976547,125208985
U01029,14123,1445.9409578007228,124302582
U01031,43615,1573.7748537890952,144471001
U01033,54984,1208.2825021237984,81384494
U01035,14089,1504.0926054663755,134444118
U01037,12202,1442.7182630320865,123572465
U01039,37631,1554.9376457617525,142007866
U01041,13665,1525.7651139022207,137937354
U01043,77483,1314.8278712292386,99461512
U01045,49129,1597.7718891091208,147342413
U01047,46365,1425.3717179571522,120050318
U01049,64452,1374.3129146782055,110339759
U01051,65874,1473.8315864205008,128324168
U01053,38440,1517.1470566011828,135699775
U01055,103459,1382.705527783541,111152178
U01057,18495,1277.9013021688886,94279187
U01059,31223,1222.4484327959105,83685019
U01061,25764,1609.1321102427491,150482131
U01063,9974,1328.4015454828796,101369281
U01065,17185,1358.6809046454343,106985715
U01067,16310,1617.0736816755561,151300944
U01069,88787,1640.2128538763723,157573867
U01071,53926,1342.7130262951189,103800390
U01073,662047,1351.9580379801923,104525381
U01075,15904,1250.162776451939,90520037
U01077,87966,1206.632038357085,80642206
U01079,34803,1255.1889816107991,90744056
U01081,115092,1530.2291939162167,138100492
U01083,65676,1263.0448088694218,91450199
U01085,13473,1471.369542045094,128126372
U01087,24105,1521.1232598992478,137323550
U01089,276700,1298.63009788469,97014557
U01091,22539,1386.2143555728542,111320379
U01093,31214,1240.2347960652967,89401577
U01095,82231,1344.337559724761,103905415
U01097,399843,1488.7169808501787,131183052
U01099,24324,1466.1095073735987,127802812
U01101,223510,1498.299955244373,132701432
U01103,111064,1295.60565529849,96772198
U01105,11861,1389.9285816042864,111685587
U01107,20949,1285.262067482964,94996811
U01109,29605,1546.8504406617137,140899161
U01111,22380,1474.6004951988748,128583901
U01113,49756,1564.4705994877847,142727151
U01115,64742,1383.633220596344,111255637
U01117,143293,1388.0229646710034,111452907
U01119,14798,1331.543110112082,102077718
U01121,80321,1417.1663727456983,119163527
U01123,41475,1479.6065139117527,129097926
U01125,164875,1325.8373677208326,100878776
U01127,70713,1306.1531535742738,97720846
U01129,18097,1427.4314840458362,120590352
U01131,13183,1439.080176401405,121702987
U01133,24843,1276.728401596852,94215487
U02013,2697,4762.069246864372,407682317
U02016,5465,6108.152864077529,407701238
U02020,260283,4043.1921317636484,407252062
U02050,16006,4622.07298224535,407659103
U02060,1258,4441.229022716886,407645538
U02068,1893,4141.583828623467,407571667
U02070,4922,4535.018518803393,407654181
U02090,82840,4013.6577193038297,407169222
U02100,2392,3251.9708536570542,406581705
U02110,30711,3145.6240608066632,406409826
U02122,49691,4192.012763222842,407573560
U02130,14070,2846.433437122434,404379891
U02150,13913,4240.358023679539,407623251
U02164,1823,4424.041691832397,407643715
U02170,59322,4073.1234810743513,407512345
U02180,9196,4835.028535847206,407692042
U02185,7385,4460.213736734897,407646796
U02188,7208,4665.73567020431,407675109
U02201,6146,2901.7014796765097,405187840
U02220,8835,3157.8010959323765,406440537
U02232,3436,3254.266519345161,406584097
U02240,6174,3828.843361983498,407163048
U02261,10195,3826.773753871103,407152853
U02270,7028,4783.238324538668,407685014
U02280,6684,3024.3583043817184,406328655
U02282,808,3533.051320476017,406748785
U02290,6551,4259.276797702823,407637164
U04001,69423,1051.7451160550781,62213204
U04003,117755,1334.1554501235817,102158722
U04005,116320,1199.006799909967,79719866
U04007,51335,1256.0860419370981,90818359
U04009,33489,1256.5956812696572,90879731
U04011,8547,1190.6521007631156,79170244
U04012,19715,1498.5232346436972,132924942
U04013,3072149,1408.3526279280068,115011411
U04015,155032,1361.8284084397171,109249725
U04017,97470,1112.9088827173166,69212500
U04019,843746,1446.8139409208013,124346095
U04021,179727,1358.4821418836075,106805988
U04023,38381,1432.5201328036053,121168856
U04025,167517,1330.6415009158702,101887551
U04027,160026,1551.5259121355082,141594439
U05001,20749,990.6910419915449,49004269
U05003,24209,1060.0419465085436,64456753
U05005,38386,775.745304250472,26075843
U05007,153406,645.8555748572682,17154779
U05009,33948,723.2698384754633,22903204
U05011,12600,1013.5701812402414,55826947
U05013,5744,985.76349685205,48732946
U05015,25357,690.4902465066774,19604912
U05017,14117,1080.9327110725858,66317308
U05019,23546,905.4432330892953,41051536
U05021,17609,908.2115778829348,41100824
U05023,24046,846.399768211912,32220026
U05025,8571,974.7706776434221,47906274
U05027,25603,980.1796869987028,48477366
U05029,20336,829.4299716855176,30386343
U05031,82148,927.0814131036103,42503769
U05033,53247,711.1993058741203,21855227
U05035,50866,991.7990754782338,49094209
U05037,19526,954.0855212152342,44851607
U05039,9210,941.7391125225164,44315021
U05041,15341,1036.6931531195426,60773568
U05043,18723,1028.3496708043463,60038246
U05045,86014,861.8974926691914,33307440
U05047,17771,737.356821318248,24003246
U05049,11642,804.5989435836825,28852980
U05051,88068,860.2521777834959,33160220
U05053,16464,927.035093042378,42487305
U05055,37331,912.7868639622774,41319485
U05057,23587,910.1416992525486,41199141
U05059,30353,894.826546203787,40580064
U05061,14300,860.7649329018598,33283757
U05063,34233,867.6838386556619,33531041
U05065,13249,817.77990310584,29969665
U05067,18418,901.0685365438603,40680219
U05069,84278,957.3583682470431,45003676
U05071,22781,756.6276714916305,25205456
U05073,8559,959.0251944038112,46045311
U05075,17774,878.9646143725906,34695594
U05077,12580,991.307945204679,49025018
U05079,14492,996.484530238325,54821068
U05081,13628,886.0469132631997,36994875
U05083,22486,771.9749188063665,25894935
U05085,52828,920.4813699177948,41798646
U05087,14243,704.8498013158526,21790419
U05089,16140,752.9084782575919,25154552
U05091,40443,939.2030246130702,44039731
U05093,51979,973.1845964755979,47712788
U05095,10254,970.8606151713125,47627522
U05097,9245,834.8102544384719,30764518
U05099,9955,934.0741981411037,43344194
U05101,8608,744.8121360229258,24428641
U05103,28790,963.2900134872133,46716408
U05105,10209,841.3805912798149,31751720
U05107,26445,1013.8335088552819,55839547
U05109,11303,870.4867758683538,33714145
U05111,25614,941.0962567246521,44203510
U05113,20229,810.6684108820933,29064091
U05115,54469,792.8210961200642,26958840
U05117,9539,936.2177897780982,43755216
U05119,361474,892.6400043473357,37648324
U05121,18195,864.6204427426484,33433805
U05123,29329,976.3674651548874,47968546
U05125,83529,881.5515818434533,35324224
U05127,10996,785.251706589742,26513013
U05129,8261,778.1253114490341,26219366
U05131,115071,743.4491583070244,24313570
U05133,15757,857.0428030653657,32897015
U05135,17119,843.5835855238457,31793298
U05137,11499,819.3287000345078,29982914
U05139,45629,1016.784211456169,56350556
U05141,16192,815.2227104640514,29820117
U05143,157715,678.7113281395451,18967479
U05145,67165,890.3857669157741,37357256
U05147,8741,929.3173271065789,42707516
U05149,21139,808.920373633996,29005088
U06001,1443741,1963.7315985933622,247522678
U06003,1208,1757.2670931402126,186691073
U06005,35100,1834.1196995524597,211018440
U06007,203171,1886.048392085067,219203854
U06009,40554,1832.8149292443215,210859934
U06011,18804,1949.92651785807,239785683
U06013,948816,1958.667514561122,242807868
U06015,27507,2056.3129824324706,270343512
U06017,156299,1815.2279951286987,208497763
U06019,799407,1803.7295010426872,195663723
U06021,26453,1954.7273892877297,240577617
U06023,126518,2063.7245758109816,271596137
U06025,142361,1642.5406116529882,158499799
U06027,17945,1623.1164780661047,152877965
U06029,661645,1785.6767228419208,189866140
U06031,129461,1844.187582355824,212189233
U06033,58309,1994.8150223700661,253818700
U06035,33828,1787.6505145296849,190617220
U06037,9519338,1804.5111401091406,197673950
U06039,123109,1795.5812461080636,195287284
U06041,247289,2021.9562993657041,260027842
U06043,17130,1797.2910055099546,195424592
U06045,86265,2046.0292877895051,265714274
U06047,210554,1878.0771008253787,216945805
U06049,9449,1787.0136923597418,190581704
U06051,12853,1698.8767606274928,174679829
U06053,401762,1963.0746363610615,247115681
U06055,124279,1973.8100190607727,250495561
U06057,92033,1823.6881073298755,209813573
U06059,2846289,1793.9931765655106,192421545
U06061,248399,1824.5749299989359,209905606
U06063,20824,1814.9744941874285,208476939
U06065,1545387,1650.3589639153947,160651609
U06067,1223499,1891.9981940244736,220096885
U06069,53234,1929.5221973323432,231007734
U06071,1709434,1601.7665874608676,147694889
U06073,2813833,1753.2775238076154,183385402
U06075,776733,2055.855588136117,269566779
U06077,563598,1900.7816669123793,225184368
U06079,246681,1926.2722743713925,230761053
U06081,707161,2009.8995863316004,256945615
U06083,399347,1932.0883115727731,231560964
U06085,1682585,1958.828886446741,243791134
U06087,255602,1992.68437822612,253168328
U06089,163256,1905.5425481914424,226394047
U06091,3555,1796.685825061459,195421037
U06093,44301,1937.709555321851,233656893
U06095,394542,1947.649620993929,238902103
U06097,458614,2025.4928224272105,260618618
U06099,446997,1889.5210241019463,219594835
U06101,78930,1908.012538012798,226788118
U06103,56039,1930.798145629736,231194956
U06105,13022,1996.6981633005626,254096791
U06107,368021,1751.3163397862163,182735948
U06109,54501,1787.7217868858022,190651048
U06111,753197,1866.868508871024,214966647
U06113,168660,1933.6101415080932,232163666
U06115,60219,1872.4494249189545,216089088
U08001,363857,424.4582464763077,4861239
U08003,14966,641.1845244987218,17015135
U08005,487967,430.1639661581484,5445269
U08007,9898,757.3870185263282,25228237
U08009,4517,448.3533679015206,6776479
U08011,5998,427.3580434629063,5393335
U08013,291288,510.3097215231519,10907291
U08015,16242,623.9745355296866,15937346
U08017,2231,331.4998397254914,2471268
U08019,9322,540.7058197658649,12192565
U08021,8400,691.5905939852432,19669241
U08023,3663,633.4568396650353,16531674
U08025,5518,448.56329474934984,6780996
U08027,3503,579.326174005061,14555418
U08029,27834,746.660120770384,24503361
U08031,554636,472.8957228076638,7852369
U08033,1844,844.7815438811741,32073049
U08035,175766,489.00302985331246,9402924
U08037,41659,627.7624516238468,16011660
U08039,19872,423.6565116962584,4818022
U08041,516929,476.8821478980462,8443550
U08043,46145,564.7639993814911,12686023
U08045,43791,730.7709925412155,23432531
U08047,4757,525.188503808389,11836213
U08049,12442,568.8408383565367,12939844
U08051,13956,688.6077610175873,19537608
U08053,790,750.4600738965638,25037151
U08055,7862,573.1915022756458,13159714
U08057,1577,584.8043915812533,14704317
U08059,527056,507.69032744613787,10236070
U08061,1622,372.4842478181642,3613718
U08063,8011,304.1407865078787,2116910
U08065,7812,610.3260966242009,15437434
U08067,43941,813.064675441709,29590503
U08069,251494,513.3337608878979,11228144
U08071,15207,536.1118053327377,12002218
U08073,6087,389.3863923175915,3877071
U08075,20504,311.8820283496873,2220295
U08077,116255,791.4949160576854,26842585
U08079,831,723.348868625917,22937152
U08081,13184,743.3416937279897,24300386
U08083,23830,869.6149804595842,33681256
U08085,33432,795.2524213334434,27061383
U08087,27171,373.83611524757174,3619971
U08089,20311,473.2224137424658,8407005
U08091,3742,765.5174103884839,25474639
U08093,14523,560.9875392032706,12597357
U08095,4480,248.47302055406615,1065259
U08097,14872,656.9424374942522,17857841
U08099,14483,383.5194381821879,3794174
U08101,141472,509.0653186746905,10765819
U08103,5986,748.7609634878727,24800330
U08105,12413,695.8494201562384,21338498
U08107,19690,640.8203920731858,16993297
U08109,5917,650.223740785027,17419742
U08111,558,774.6263084590289,26014978
U08113,6594,824.913040456174,30262988
U08115,2747,251.79235309932847,1070486
U08117,23548,581.3901188597629,14576101
U08119,20555,526.9756987906302,11866867
U08121,4926,328.6328875252895,2454166
U08123,180936,420.69410280146883,4633229
U08125,9841,262.34401269984403,1134809
U09001,882567,2183.4054146737412,311061254
U09003,857183,2229.2979549383886,318645510
U09005,182193,2187.9413392949996,312818918
U09007,155071,2250.7494065726373,328006250
U09009,824008,2220.620615885942,316365890
U09011,259088,2285.0548817329013,332915299
U09013,136364,2261.106944500672,329086313
U09015,109091,2290.3529063213664,334513284
U10001,126697,2042.3273512728774,264716425
U10003,500265,2019.943222144447,259217580
U10005,156638,2066.733641190282,271993643
U11001,572059,1918.9993449452688,229198901
U12001,217955,1959.0080061159563,245473719
U12003,22259,1914.908007437318,228175478
U12005,148217,1689.6368411245326,171392242
U12007,26088,1952.413704080261,239932405
U12009,476230,2181.382993391652,310517449
U12011,1623018,2363.3579845395675,368044472
U12013,13017,1706.6461364667034,175662736
U12015,141627,2209.4949162673747,314282853
U12017,118085,2011.0729504169387,257815921
U12019,140814,1971.7643759322061,250354747
U12021,251377,2307.503723078337,337429858
U12023,56513,1899.3130572240943,224876059
U12027,32209,2192.160146176346,313192509
U12029,13827,1907.1794614987882,226774291
U12031,778879,1961.8868383453141,246247367
U12033,294410,1548.2067322098883,141100817
U12035,49832,2050.8602899615057,266938501
U12037,11057,1779.453695279248,189077471
U12039,45087,1731.8852463390044,180451185
U12041,14437,1924.3016611057471,230704623
U12043,10576,2252.9921851257723,328316207
U12045,13332,1741.122080101926,181496718
U12047,13327,1855.8566159862862,213348751
U12049,26938,2166.6417392258554,306390097
U12051,36210,2289.4522843006584,333676485
U12053,130802,2036.8689801917885,264351326
U12055,87366,2211.514814145724,314546672
U12057,998948,2097.453345920147,280297892
U12059,18564,1627.473564765398,154094278
U12061,112947,2236.394243452781,321992976
U12063,46755,1674.6078354013664,167010044
U12065,12902,1794.0245499206212,195267834
U12067,7022,1877.0780439314715,216938783
U12069,210528,2074.0251110026884,274356124
U12071,440888,2238.9374619413707,323775531
U12073,239452,1764.3349785879366,187307031
U12075,34450,1958.8133664434588,243756684
U12077,7021,1739.1403749071628,181236835
U12079,18733,1822.0085472571616,209794840
U12081,264002,2130.8440978811236,290339685
U12083,258916,2017.0965466343596,258609715
U12085,126731,2297.497837363459,335380397
U12086,2253362,2409.764696704276,380482434
U12087,79589,2363.609727993844,369788561
U12089,57663,1934.0061391958243,232332326
U12091,170498,1591.6089809023056,146123462
U12093,35910,2239.329222322621,324216419
U12095,896344,2120.6643902114583,285705907
U12097,172493,2168.8570436502587,307657346
U12099,1131184,2328.6592469029742,344410581
U12101,344765,2058.5668336581957,270586235
U12103,921482,2071.430354020078,272921506
U12105,483924,2138.679040071993,292367255
U12107,70423,2008.3396405056012,256643223
U12109,123135,2013.3099191849487,258123393
U12111,192695,2270.6205801830893,330988677
U12113,117743,1561.3020553327585,142338021
U12115,325957,2155.2122190745504,305038293
U12117,365196,2120.7906497580498,286602251
U12119,53345,2052.457322135124,267897993
U12121,34844,1875.2514391427148,216737379
U12123,19256,1844.3110776630692,212318694
U12125,13442,1930.0731232310475,231181514
U12127,443343,2090.9059472169656,277302211
U12129,22863,1782.2175855957025,189361040
U12131,40601,1621.8539637039582,152814135
U12133,20973,1658.4284277211998,165695477
U13001,17419,1816.461575232405,208744540
U13003,7609,1802.4994795016382,195599159
U13005,10103,1821.0871611473394,209005070
U13007,4074,1687.2631046091444,171215793
U13009,44700,1656.8477920868268,165526572
U13011,14422,1560.2411902285005,142221159
U13013,46144,1564.3402343606992,142681007
U13015,76019,1462.0046754885504,127523560
U13017,17484,1752.339680583304,183244229
U13019,16235,1778.8105509611914,189061236
U13021,153887,1639.5420462577001,155952910
U13023,11666,1691.502279572217,171566636
U13025,14629,1876.4646288489846,216909130
U13027,16450,1784.8713330121675,189483524
U13029,23417,1862.842942721325,214524953
U13031,55983,1815.3002316895793,208662572
U13033,22243,1753.419708688234,186199235
U13035,19522,1588.4430924704136,145614672
U13037,6320,1660.2334386689638,165731033
U13039,43664,1921.752449483274,229924014
U13043,9577,1789.4213083571476,190887377
U13045,87268,1484.5596422368903,129687993
U13047,53282,1400.16206517108,114448563
U13049,10282,1894.0514778076652,221653867
U13051,232048,1892.2866434931957,221320384
U13053,14882,1589.39431057106,145789176
U13055,25470,1408.8007505558091,118083560
U13057,141903,1489.9546060850892,131844211
U13059,101489,1593.6773875610509,146947899
U13061,3357,1626.9250422399175,154090921
U13063,236517,1537.1529176940774,138770514
U13065,6878,1842.9298939849773,212160684
U13067,607751,1500.6653473662107,133096765
U13069,37413,1788.0100448878839,190705549
U13071,42053,1745.8514802653121,182295544
U13073,89288,1704.8768103130662,175247392
U13075,15771,1773.1095893407473,188228100
U13077,89215,1523.4273280916343,137551424
U13079,12495,1624.617102088435,152905068
U13081,21996,1695.4811725499096,174237843
U13083,15154,1374.0249667532469,110324605
U13085,15999,1501.9181392671794,133861285
U13087,28240,1711.5513712547345,176708627
U13089,665865,1537.8492215044807,139009874
U13091,19171,1723.002848259012,177601764
U13093,11525,1675.1040515349248,167109336
U13095,96065,1688.7871081717078,171224958
U13097,92174,1500.9552462131749,133704516
U13099,12354,1654.9189323212993,165400221
U13101,3754,1848.2717754355378,212568130
U13103,37535,1848.2526261739986,212530595
U13105,20511,1625.5805887279678,152980419
U13107,21837,1759.9297467152244,186814234
U13109,10495,1819.758629647449,208902012
U13111,19798,1466.6326841707785,127827136
U13113,91263,1539.8645178472782,139865056
U13115,90565,1431.6643133865075,121078291
U13117,98407,1518.1871562099946,136626097
U13119,20285,1580.3659742523855,145353014
U13121,816006,1518.0554369984345,135810091
U13123,23456,1465.705908151821,127779356
U13125,2556,1696.471193238701,174259839
U13127,67568,1911.871715610518,227428338
U13129,44104,1443.2583632512785,123660979
U13131,23659,1735.1109404911308,180659179
U13133,14406,1631.6741462651823,154293386
U13135,588448,1542.1240913796446,139981731
U13137,35902,1542.1582875121512,140570179
U13139,139277,1536.9919500272242,138631237
U13141,10076,1663.3859102454405,166311209
U13143,25690,1460.3537837734964,127367325
U13145,23695,1553.6776551918415,141983769
U13147,22997,1602.7916343643576,149404323
U13149,11012,1499.1420728963603,132944657
U13151,119341,1563.170696249489,142539193
U13153,110765,1665.0818961336317,166457169
U13155,9931,1752.2273894411126,183234298
U13157,41589,1567.5094082351839,143219115
U13159,11426,1607.5778041584674,149974838
U13161,12684,1785.5589705167436,189532779
U13163,17266,1721.8471110191917,177584498
U13165,8575,1772.4876531769692,188209948
U13167,8560,1725.8834089070651,178177199
U13169,23639,1635.880198311506,155121116
U13171,15912,1587.9966225692897,145598760
U13173,7241,1807.9856980178347,207729603
U13175,44874,1724.9172477064733,178129712
U13177,24757,1673.4289069354725,166896944
U13179,61610,1875.0723808156413,216675769
U13181,8348,1675.2404737088254,167120861
U13183,10304,1857.1739942202694,213508608
U13185,92115,1807.864095798946,207637488
U13187,21016,1508.4996063431706,134616079
U13189,21231,1691.4993780144466,171540459
U13191,10847,1903.2019256484564,226171859
U13193,14074,1642.2784209452411,157995457
U13195,25730,1596.2662593577265,147192427
U13197,7144,1607.4836817000835,149943712
U13199,22534,1552.0445985085896,141758831
U13201,6383,1679.3920171739298,168505337
U13205,23932,1712.6589728864012,176795021
U13207,21757,1608.6471359775787,150460374
U13209,8270,1769.2604443664936,187954864
U13211,15457,1605.3985724410418,149732213
U13213,36506,1437.3282755111384,121624218
U13215,186291,1571.6897347620295,143831815
U13217,62001,1580.425126515471,145390086
U13219,26225,1595.1505208081073,147161218
U13221,12635,1621.6602813404154,152801500
U13223,81678,1479.3581914380438,129016248
U13225,23668,1644.8578790787476,159030069
U13227,22983,1476.2903527892643,128777366
U13229,15636,1848.6969360833632,212571884
U13231,13688,1568.8246860467564,143568144
U13233,38127,1450.232697716739,125944919
U13235,9588,1693.398915649037,174189166
U13237,18812,1631.4959339349446,154274574
U13239,2598,1608.0531536625977,150409191
U13241,15050,1538.3826375619913,139675739
U13243,7791,1633.6327639942078,154520866
U13245,199775,1729.9245770970488,180009471
U13247,70111,1560.5558683807094,142267910
U13249,3766,1629.3570236161215,154207542
U13251,15374,1803.0701943072058,195624848
U13253,9369,1687.0766596047283,170795850
U13255,58417,1565.2828265182754,142786078
U13257,25435,1565.4706548348265,142844495
U13259,5252,1605.3569895646913,149726961
U13261,33200,1653.4569255004799,164997928
U13263,6498,1583.811685309404,145521603
U13265,2077,1655.4754734072349,165524495
U13267,22305,1813.716276714485,208415864
U13269,8815,1614.6658928018248,151061026
U13271,11794,1756.6035533322522,186673075
U13273,10970,1655.1221803528704,165479072
U13275,42737,1758.9814733685562,186771497
U13277,38407,1744.346990663117,182119207
U13279,26067,1787.5183524572149,190591153
U13281,9319,1511.1643256874165,134853746
U13283,6854,1750.8516864875153,182729094
U13285,58779,1524.5358872793306,137662067
U13287,9504,1718.3882437642865,177394238
U13289,10590,1669.198823610707,166680572
U13291,17289,1494.4285809561984,132642519
U13293,27597,1589.682566937697,145804058
U13295,61053,1396.4395871273287,113799166
U13297,60687,1575.17073559124,145222297
U13299,35483,1854.1279268838787,212885230
U13301,6336,1678.5103306414992,168370342
U13303,21176,1697.5227469610968,174468288
U13305,26565,1857.8466124678157,213518912
U13307,2390,1627.6782132947696,154118875
U13309,6179,1757.8925370869679,186699703
U13311,19944,1524.4372597319243,137642123
U13313,83525,1418.9689522654273,119622319
U13315,8577,1715.4600344991206,177259763
U13317,10687,1652.421055647537,162867158
U13319,10220,1679.228414312732,168422725
U13321,21967,1713.980302986054,177092579
U16001,300904,1427.184242251014,120289448
U16003,3476,1470.722527940548,128082878
U16005,75565,1092.4207973079285,67141021
U16007,6411,1012.9767024129121,55820536
U16009,9171,1564.914354006141,142776907
U16011,41735,1116.0164566762796,69375082
U16013,18991,1243.466949110313,89814623
U16015,6670,1394.4467552574874,113770402
U16017,36835,1612.2320964747414,150687169
U16019,82522,1058.7762522235346,64317251
U16021,9871,1630.751436872583,154261518
U16023,2899,1188.2468788008175,78459266
U16025,991,1312.375530520299,98720804
U16027,131441,1466.8366322037925,127846934
U16029,7304,1038.8610710371365,60988319
U16031,21416,1199.4568427162637,79838487
U16033,1022,1142.0950262105537,72414733
U16035,8930,1473.1727865908886,128315238
U16037,4342,1286.9133509688074,95874104
U16039,29130,1364.453047739569,109443300
U16041,11329,1052.1009023935646,62282627
U16043,11819,1073.2480169262706,65618864
U16045,15181,1449.7266415212373,125929738
U16047,14155,1306.1401099502175,97706691
U16049,15511,1427.9353297455098,120664718
U16051,19155,1124.029515712111,69841704
U16053,18342,1257.352879151637,90955557
U16055,108685,1589.049752874119,145678792
U16057,34935,1555.6359059979825,142101925
U16059,7806,1278.7627799860222,94578822
U16061,3747,1511.7111768315826,134863065
U16063,4044,1252.4382808341388,90576216
U16065,27467,1072.4839731325221,65560282
U16067,20174,1209.040496767013,81517928
U16069,37410,1539.7319883226526,139827646
U16071,4125,1109.432835485827,68694564
U16073,10644,1409.651259156266,118206951
U16075,20578,1476.2330843136617,128756788
U16077,7538,1142.25045104522,72415755
U16079,13771,1518.5907369143813,136724504
U16081,5999,1037.26737628914,60835568
U16083,64284,1286.9275643609094,95878446
U16085,7651,1406.8863317604582,114764871
U16087,9977,1488.7947120507297,131585679
U17001,68277,699.3392718717247,21519534
U17003,9590,946.0415774604135,44418113
U17005,17633,871.7654288225931,33732770
U17007,41786,904.5216898310773,40986656
U17009,6950,737.2679619371489,23996296
U17011,35503,835.1065879997915,31032704
U17013,5084,761.1284388526598,25401560
U17015,16674,810.2395596052874,29047417
U17017,13695,779.8135449716725,26260380
U17019,179669,950.8030416159638,44550669
U17021,35372,868.7410015871648,33565274
U17023,17008,998.7316352784208,54891323
U17025,14560,955.4882662139042,44932429
U17027,35535,881.5254055209338,35288689
U17029,53196,958.7427040684679,45992115
U17031,5376741,995.2593680754252,49248491
U17033,20452,1009.419258929721,55305429
U17035,11253,962.1966011562632,46705155
U17037,88969,902.6816792323912,40803775
U17039,16798,890.7346955929465,37439569
U17041,19922,953.9628437821145,44831685
U17043,904161,958.5038858466659,45087954
U17045,19704,995.6750236940186,54625232
U17047,6971,1002.128593050151,54978849
U17049,34264,938.0396808851955,44005467
U17051,21802,903.589887458258,40964854
U17053,14241,944.3860944669638,44364854
U17055,39018,944.660324616015,44379095
U17057,38250,777.8887137598715,26181116
U17059,6445,1010.7747386217308,55346914
U17061,14761,779.5874228818587,26245619
U17063,37535,928.5950680096063,42647610
U17065,8621,972.9683817903792,47704167
U17067,20121,697.0782764250984,21389268
U17069,4800,1018.0267905294922,57279265
U17071,8213,714.9511738147352,22028532
U17073,51020,784.566932839512,26461993
U17075,31334,976.5388060896771,47997875
U17077,59612,915.8876707248625,41597336
U17079,10117,976.290999789785,47958429
U17081,40045,933.3089403651662,43289778
U17083,21668,788.937048089798,26677949
U17085,22289,793.2876660357311,27013309
U17087,12878,970.4598301002658,47604024
U17089,404119,931.2801855853893,42799458
U17091,103833,973.477234070266,47764767
U17093,54544,927.7010879240838,42593066
U17095,55836,775.9386113418972,26114229
U17097,644356,1017.6055621501583,56626490
U17099,111509,888.32764125613,37047094
U17101,15452,1019.4243932241332,57401012
U17103,36062,857.2375437777969,32912772
U17105,39678,915.5649099219544,41557658
U17107,31183,852.158765852076,32318085
U17109,32913,738.179529087054,24057821
U17111,260077,934.8389798335605,43454717
U17113,150433,892.7360905780807,38009798
U17115,114706,890.0065012892737,37242550
U17117,49019,820.519528203037,29996106
U17119,258941,834.8414922864587,30773763
U17121,41691,922.0393322641586,41869353
U17123,13180,849.2022335892979,32270337
U17125,16038,804.6014025742728,28864622
U17127,15161,995.9614625695151,54644936
U17129,12486,817.2500013413619,29894970
U17131,16957,732.6474348005003,23744549
U17133,27619,830.8296985494376,30421980
U17135,30652,859.1101565105815,33068534
U17137,36616,787.5978345235073,26632121
U17139,14287,922.1892605753487,41911044
U17141,51032,859.4779413792531,33099186
U17143,183433,813.5842205594173,29634444
U17145,23094,904.7622178981915,41028442
U17147,16365,919.0528026212539,41782281
U17149,17384,731.4563863620928,23501510
U17151,4413,999.9623836667865,54928543
U17153,7348,962.1672985966064,46697807
U17155,6086,853.2698658847356,32853942
U17157,33893,868.8448963089206,33600646
U17159,16149,989.8554473783471,48904201
U17161,149374,748.8798169467019,24806316
U17163,256082,844.3095873565376,31816967
U17165,26733,985.4912769795444,48706213
U17167,188951,832.4901174318215,30449599
U17169,7189,746.2880786112579,24451128
U17171,5537,765.8705848281501,25478381
U17173,22893,912.6435333032559,41296592
U17175,6332,811.174921551189,29084320
U17177,48979,836.9673168425766,31196692
U17179,128485,835.9287362602222,31068207
U17181,18293,939.9768458613479,44082151
U17183,83919,990.0130949528562,48920350
U17185,12937,1018.6044712974754,57388075
U17187,18735,741.7353396992906,24192508
U17189,15148,890.6956839131124,37424421
U17191,17151,969.6532705929671,47586873
U17193,15371,1002.661094079079,55106943
U17195,60653,806.8227092851921,28880660
U17197,502266,964.4697403917478,46745198
U17199,61296,954.9448177248377,44871133
U17201,278418,877.5445353342768,34417176
U17203,35469,860.4828011226558,33248288
U18001,33625,1220.4009823361685,83584827
U18003,331849,1207.2206606845139,80983147
U18005,71435,1161.3722673543698,74679054
U18007,9421,1020.9593509533983,57483331
U18009,14048,1189.967358884167,79098023
U18011,46107,1098.015511433169,67391935
U18013,14957,1132.8385534275433,71413608
U18015,20165,1084.3745939638452,66421740
U18017,40930,1100.9603128848744,67630049
U18019,96472,1195.9189303387805,79431169
U18021,26556,1054.4826395141438,63105905
U18023,33866,1094.2492433484128,67238231
U18025,10743,1140.42288995875,72056662
U18027,29820,1074.8738311790353,65738725
U18029,46109,1240.678157184254,89466817
U18031,24555,1192.8471678263998,79271313
U18033,40285,1212.7050077509016,82637993
U18035,118769,1186.217973101875,78265006
U18037,39674,1101.590139280696,67755870
U18039,182791,1141.0319673335996,72220360
U18041,25588,1212.9904993090045,82711492
U18043,70823,1183.8641228246686,78144539
U18045,17954,1032.3782890306786,60334857
U18047,22151,1227.302332443858,84120305
U18049,20511,1107.3482752725336,68532124
U18051,32500,1044.3397375420811,61836920
U18053,73403,1161.6556618110974,74750489
U18055,33157,1071.6153219906253,65479122
U18057,182740,1135.9300364898854,71510802
U18059,55391,1160.2040066017607,74556825
U18061,34325,1171.9351806970442,76624764
U18063,104093,1098.720596087052,67438042
U18065,48508,1190.317530977893,79115118
U18067,84964,1123.217656450859,69688885
U18069,38075,1174.2818866059104,77117221
U18071,41335,1156.1464988432867,74184664
U18073,30043,1035.7948743510467,60718165
U18075,21806,1217.3381159496673,83211705
U18077,31705,1210.2181598320333,82231706
U18079,27554,1189.0176214375388,78681415
U18081,115209,1138.7388614305116,71895689
U18083,39256,1046.2893490862266,61911121
U18085,74057,1140.8254017595937,72139723
U18087,34909,1177.5369575058119,77292777
U18089,484564,1014.898272857587,55865992
U18091,110106,1067.6062274797869,64720062
U18093,45922,1120.4932773264445,69580650
U18095,133358,1159.6221695429929,74396894
U18097,860454,1130.1543469878739,70290742
U18099,45128,1106.7677254149423,68474056
U18101,10369,1097.7305772938646,67381566
U18103,36082,1127.0112487792312,70112162
U18105,120563,1109.5971150139023,69024919
U18107,37629,1062.3393307522301,64538027
U18109,66689,1109.1689449430971,68627875
U18111,14566,1012.1162417837087,55805970
U18113,46275,1177.8632179609167,77351429
U18115,5623,1246.3918551088327,89914841
U18117,19306,1128.4895310489517,70148244
U18119,21786,1079.4906125041543,66236952
U18121,17241,1040.5717736167508,61548608
U18123,18899,1131.772063481944,71211721
U18125,12837,1070.7909994635822,65400759
U18127,146798,1040.2757956164132,61366176
U18129,27061,1030.4823873344685,60192484
U18131,13755,1071.505689056098,65465367
U18133,36019,1071.4721274421718,65429348
U18135,27401,1220.2489009827834,83557426
U18137,26523,1217.59898813721,83313868
U18139,18261,1189.4972904084693,78769589
U18141,265559,1105.8293910832292,68049121
U18143,22960,1186.7395561319681,78436306
U18145,43445,1163.7670174730567,74881273
U18147,20391,1102.2879875124213,67795544
U18149,23556,1075.1063459720249,65768545
U18151,33214,1212.757198652323,82678278
U18153,21751,1036.0292354594596,60748208
U18155,9065,1243.7332094277672,89866951
U18157,148955,1058.27104120395,64168296
U18159,16577,1129.7854184310956,70253184
U18161,7349,1235.2547077039198,85827863
U18163,171922,1054.150199838809,62915407
U18165,16788,1016.8771638763051,56609702
U18167,105848,1030.5693779159133,60219545
U18169,34960,1147.5763750872202,72460018
U18171,8419,1017.9279149922602,57270846
U18173,52383,1077.4745949705248,65813736
U18175,27223,1159.250702122,74369671
U18177,71097,1224.3478007616893,83918321
U18179,27600,1197.179420716435,79648428
U18181,25267,1058.1291950556165,64143029
U18183,30707,1171.0984914895428,76531796
U19001,8243,423.87747060417297,4837894
U19003,4482,400.65364702506236,4137495
U19005,14675,731.3510371320343,23476322
U19007,13721,552.2178978081413,12448449
U19009,6830,398.87792865504656,4081716
U19011,25308,638.358711113211,16901673
U19013,128012,630.077122418311,16359400
U19015,26224,487.2796573254049,9340448
U19017,23325,639.7461372468318,16926981
U19019,21093,666.6356738200412,18302111
U19021,20411,432.3469370387914,6413377
U19023,15305,603.4549076956611,15179387
U19025,11115,448.15019657014415,6737013
U19027,21421,415.4519118924263,4501270
U19029,14684,386.730993902762,3816494
U19031,18187,706.7199932655309,21829965
U19033,46447,584.193177045628,14657870
U19035,13035,399.5966417807177,4088546
U19037,13095,652.1745398164966,17579893
U19039,9133,476.9476242896622,8960479
U19041,17372,453.654436014085,6901361
U19043,18678,719.1961485538637,22639120
U19045,50149,757.823257094275,25301290
U19047,16942,376.2563574551401,3650281
U19049,40750,468.0799133618053,7775100
U19051,8541,590.9829220071751,14817206
U19053,8689,475.1595301647669,8434861
U19055,18404,704.5412031119714,21768773
U19057,42351,694.1408301418571,19690863
U19059,16424,472.5820677620245,7835945
U19061,89143,742.4179798159563,24211243
U19063,11027,504.7276095080052,9763255
U19065,22008,680.3180138386195,19134820
U19067,16900,616.9783229131502,15601977
U19069,10704,566.5366107279965,12770802
U19071,8010,322.3460725678032,2340359
U19073,10366,452.3971480184063,6890995
U19075,12369,589.9018537750907,14790206
U19077,11353,431.09234749845626,5944833
U19079,16438,518.5695270500553,11585845
U19081,12100,548.9367677623951,12360281
U19083,18812,554.4651461519259,12470186
U19085,15666,327.08952558447254,2438500
U19087,20336,664.3241151971453,18120697
U19089,9932,666.0070917907266,18292179
U19091,10381,500.4403298430288,9705722
U19093,7837,386.175802490484,3808657
U19095,15671,629.1863561465619,16200466
U19097,20296,759.6143422989949,25364623
U19099,37213,548.0502384470702,12317094
U19101,16181,628.947657827008,16174232
U19103,111006,667.51684745702,18363970
U19105,20221,714.9076717386113,22008311
U19107,11400,614.9054267759074,15545009
U19109,17163,524.1883736682101,11739069
U19111,38052,669.7789073122701,18668147
U19113,191701,675.0068392841614,18775778
U19115,12183,689.6740107664444,19592729
U19117,9422,514.8323867271905,11479638
U19119,11763,414.36779055668035,4477978
U19121,14019,461.99180041592444,7054437
U19123,22335,576.0008669069578,13748211
U19125,32052,538.109603420912,12107612
U19127,39311,563.0661091031157,12611880
U19129,14547,324.14843186223686,2402890
U19131,10874,631.7791711696765,16495374
U19133,10020,334.9688585534186,2505891
U19135,8016,553.454411930262,12462170
U19137,11771,362.26536778172283,3468166
U19139,41722,703.7237568646074,21727051
U19141,15102,423.9881703624349,4846137
U19143,7003,445.73419964067,6725567
U19145,16976,360.63300987128923,3403097
U19147,10147,485.15407532542264,9314020
U19149,24849,362.4609621823294,3488786
U19151,8662,463.9974938562604,7093647
U19153,374601,506.07650455871067,9856422
U19155,87704,337.1814809453552,2533065
U19157,18815,591.2486570703259,14825747
U19159,5469,436.42264904253847,6471266
U19161,11529,414.54010830963495,4489741
U19163,158668,746.7378698390122,24531195
U19165,13173,366.9650462926839,3554598
U19167,31589,391.3056706473903,3888990
U19169,79981,524.4756273780382,11756232
U19171,18103,600.0896283487175,15058775
U19173,6958,398.28722826530014,4074758
U19175,12309,438.430509078118,6512229
U19177,7809,629.5255728227086,16216137
U19179,36051,592.0050076426581,14857650
U19181,40671,499.28129550539035,9665051
U19183,20670,651.6661686505302,17535659
U19185,6730,513.2548717855952,11221414
U19187,40235,484.95247083203543,9273785
U19189,11723,566.192708770355,12759079
U19191,21310,697.2181515033612,21414569
U19193,103877,348.84347364422564,2655801
U19195,7909,600.2126713347039,15076878
U19197,14334,531.991368371512,11954540
U20001,14385,459.2118523914665,7040052
U20003,8110,436.6278084821111,6479996
U20005,16774,365.37528166973766,3516693
U20007,5307,371.62149937097877,3589985
U20009,28205,232.91784117039987,940400
U20011,15379,491.63802794825375,9587855
U20013,10724,334.98482310323766,2515911
U20015,59482,376.9654507687262,3667223
U20017,3030,345.3277948509876,2641428
U20019,4359,463.4628672400319,7089288
U20021,22605,542.7325974509582,12201887
U20023,3165,213.2202394207624,567276
U20025,2390,366.8212046665327,3552208
U20027,8822,231.08178543962487,655248
U20029,10268,189.00034889098345,432099
U20031,8865,405.256472315429,4304804
U20033,1967,370.3305013859492,3579769
U20035,36291,427.45571614691806,5399333
U20037,38242,516.5677162264604,11489060
U20039,3472,121.084640234358,236833
U20041,19344,265.8259387570493,1156394
U20043,8249,371.0185949377381,3581736
U20045,99962,395.56978472116543,3970673
U20047,3449,292.9775293079611,2018016
U20049,3261,436.526221699032,6476735
U20051,27507,178.33166932720655,393370
U20053,6525,226.66293571318934,634828
U20055,40523,297.38439104891677,2043663
U20057,32458,317.25183136561685,2286517
U20059,24784,415.64322615190883,4522691
U20061,27947,281.5266897611572,1362111
U20063,3068,200.4749674879951,534019
U20065,2946,135.9646251814372,303520
U20067,7909,368.4828792210639,3567771
U20069,5904,321.22642571892936,2334455
U20071,1534,306.0735070500234,2131260
U20073,7673,400.5438899390673,4103876
U20075,2670,347.692027946519,2653131
U20077,6536,387.95112222332307,3833584
U20079,32869,322.4962118266852,2348369
U20081,4307,352.6516927365069,2933123
U20083,2085,273.46072293554505,1285919
U20085,12657,331.54538449710503,2473499
U20087,18426,372.2152411605286,3595292
U20089,3791,129.99009134256832,294044
U20091,451086,432.2328549533252,5962291
U20093,4531,324.79854530694286,2433969
U20095,8673,347.1757793712968,2644458
U20097,3278,328.8700186764299,2459092
U20099,22835,513.1597006697546,11198579
U20101,2155,243.94415548404905,981820
U20103,68691,401.03379728344316,4141977
U20105,3578,192.5800717633108,467590
U20107,9570,468.21391815483565,7815850
U20109,3046,232.87476913407596,937354
U20111,35935,360.71298120700897,3420073
U20113,29554,280.09194834066295,1330026
U20115,13361,310.97092579637314,2206934
U20117,10965,258.5200728371894,1075331
U20119,4631,373.2380402600117,3615340
U20121,28351,448.16457427110527,6748128
U20123,6932,161.453874788372,363541
U20125,36252,487.42335914120315,9366672
U20127,6104,312.04709550362685,2240799
U20129,3496,424.93595830918616,5225096
U20131,10717,300.17627325796025,2084186
U20133,16997,482.313153674253,9256788
U20135,3454,230.52657654381537,651794
U20137,5953,91.60902586447129,189497
U20139,16712,377.56177390704113,3730600
U20141,4452,140.85364138341896,318452
U20143,6163,214.23272202862827,570441
U20145,7233,259.9877472365582,1122456
U20147,6001,81.59359000742944,119484
U20149,18209,290.5307137841754,1999807
U20151,9647,324.2404816281668,2417437
U20153,2966,163.5724499161272,370473
U20155,64790,307.7210170342068,2142144
U20157,5835,167.6677740619589,374022
U20159,10761,262.5501989467977,1144650
U20161,62843,266.11930484946646,1180226
U20163,5685,130.37157300774905,297835
U20165,3551,221.81625349216196,619282
U20167,7370,186.18243374453075,424729
U20169,53597,244.2386973185322,983975
U20171,5120,260.33644449273834,1129689
U20173,452869,357.0700092879767,2937430
U20175,22510,391.6552075232357,3920579
U20177,169871,352.5197866154733,2763252
U20179,2813,156.85407594646693,338173
U20181,6760,236.03527063797466,968605
U20183,4536,97.02050950521424,195450
U20185,4789,282.19975299699786,1390058
U20187,2406,387.36284384106125,3831178
U20189,5463,403.97856988625625,4296666
U20191,25946,400.63105726407275,4111549
U20193,8180,192.50644155737214,459410
U20195,3319,181.71225129561856,420877
U20197,6885,324.5007061993175,2427084
U20199,1749,268.6657920710033,1268442
U20201,6483,213.01164237463638,560793
U20203,2531,280.9771077517443,1359580
U20205,10332,456.3231423116833,7000763
U20207,3788,429.2998650789479,5435624
U20209,157882,426.1617670641056,5235453
U21001,17244,1280.026692438908,94586628
U21003,17800,1220.6539912501069,83641649
U21005,19111,1271.3412134626594,93198497
U21007,8286,979.6350390580452,48469080
U21009,38033,1233.0730917822,84367452
U21011,11085,1371.4976720190864,110244085
U21013,30060,1427.991994693476,120680229
U21015,85991,1265.230227933259,91736942
U21017,19360,1330.248420120511,101868191
U21019,49752,1454.350272451472,126006289
U21021,27697,1294.166971132494,96602984
U21023,8279,1325.9427467475134,101043651
U21025,16100,1427.1216859126428,120142757
U21027,18648,1158.618027659386,74310288
U21029,61236,1212.616290126977,82576757
U21031,13010,1160.616016034657,74640488
U21033,13060,1066.4258908313839,64701834
U21035,34177,1059.6489129009615,64422576
U21037,88616,1295.6019470010544,96683582
U21039,5351,992.0086659308081,49145075
U21041,10155,1239.9083555062841,85990844
U21043,26889,1424.814105313363,120023429
U21045,15447,1300.639904644036,97356211
U21047,72265,1108.6616382709467,68555610
U21049,33144,1343.010215123263,103854316
U21051,24556,1407.8408908471727,114898890
U21053,9634,1306.478203425737,98013312
U21055,9384,1038.052457330365,60857204
U21057,7147,1284.4028541415455,94964195
U21059,91545,1106.1711471899669,68382511
U21061,11644,1197.8748139002698,79676028
U21063,6748,1426.4441634202572,120096683
U21065,15307,1367.4703836557971,109874281
U21067,260512,1314.4616419658278,99201000
U21069,13792,1367.7248356684734,109889588
U21071,42441,1474.5822987079002,128541460
U21073,47687,1273.903219033467,93322497
U21075,7752,991.5620525441545,49078262
U21077,7870,1259.557377452332,91283192
U21079,14792,1321.01689130912,100235084
U21081,22384,1282.4070555231347,94724430
U21083,37028,1024.6613470491386,58674961
U21085,24053,1178.147539004007,77440135
U21087,11518,1250.2778099111858,90535941
U21089,36891,1427.4411772410365,120608449
U21091,8392,1126.3565414579766,70103770
U21093,94174,1200.6307260961858,79865873
U21095,33202,1460.4845302123867,127393015
U21097,17983,1312.7993481283893,98899772
U21099,17445,1222.0341515367081,83667574
U21101,44829,1063.7624449821835,64575656
U21103,15060,1246.3125337025208,89899781
U21105,5262,1001.7729126659686,54973587
U21107,46519,1085.9032955024988,66441905
U21109,13495,1373.0469214042103,110269157
U21111,693604,1209.172194470797,81538102
U21113,39041,1309.4187080071551,98247919
U21115,23445,1457.2791262512146,126994937
U21117,151464,1283.0050373542213,94801718
U21119,17649,1464.2911713610329,127634736
U21121,31795,1406.7649356390043,114733076
U21123,13373,1228.313367083064,84177062
U21125,52715,1375.8742275103696,110468411
U21127,15569,1457.9597824158766,127018382
U21129,7916,1391.0268718710224,112485597
U21131,12401,1437.6020139605341,121660724
U21133,25277,1480.3700896868477,129171448
U21135,14092,1391.205064191465,112524827
U21137,23361,1317.9566395662996,99670058
U21139,9804,1023.8206155477511,58661191
U21141,26573,1159.7282048473767,74530252
U21143,8080,1055.01380978227,63143370
U21145,65514,1003.1682422984328,55122314
U21147,17080,1360.8050375176506,109178255
U21149,9938,1099.5936432581263,67620111
U21151,70872,1340.2088493286592,103157463
U21153,13332,1442.1655700902813,123559133
U21155,18212,1263.604083552976,91531680
U21157,30125,1041.862352419442,61711932
U21159,12578,1486.211873422345,131170474
U21161,16800,1351.1613036837734,104507730
U21163,26349,1171.1531267243938,76562503
U21165,6556,1389.6046785843987,111679031
U21167,20817,1286.7715582510825,95853287
U21169,10037,1256.1579249407805,90869694
U21171,11756,1261.3400225730638,91300924
U21173,22554,1360.364891651835,109125218
U21175,13948,1418.9206805562094,119608371
U21177,31839,1123.398673901425,69773849
U21179,37477,1238.1441453052494,85886225
U21181,6813,1341.7355995197904,103748286
U21183,22916,1136.0936048051024,71693542
U21185,46178,1219.5877364803391,83463175
U21187,10547,1268.376598343325,92465740
U21189,4858,1399.7621632574333,114443705
U21191,14390,1304.2265008432955,97627156
U21193,29390,1446.0119787071808,124316705
U21195,68736,1505.50748139334,134466733
U21197,13237,1374.9308569947084,110435417
U21199,56217,1337.8873223200562,102464094
U21201,2266,1333.4837603238332,102154748
U21203,16582,1350.1492463658576,104230500
U21205,22094,1396.0908996733647,113777072
U21207,16315,1303.1624029829939,97610841
U21209,33061,1296.5464237887115,96927296
U21211,33337,1243.5819778764478,89833614
U21213,16405,1189.5176093403788,78787850
U21215,11766,1242.581961482611,89694459
U21217,22927,1265.9350200901438,91859828
U21219,11971,1136.1716029189438,71716458
U21221,12597,1083.4048678674212,66385958
U21223,8125,1221.8141817428811,83659449
U21225,15637,1037.9036569474022,60841567
U21227,92522,1190.8988075977018,79178791
U21229,10916,1264.1031545030537,91708314
U21231,19923,1329.8599553314093,101821820
U21233,14120,1065.3956379267076,64645205
U21235,35865,1388.2324811883725,111596200
U21237,7065,1404.9855983558305,114712764
U21239,23208,1290.0862305940998,96171909
U22001,58861,1301.1069234263077,97371658
U22003,25440,1247.5530054106114,90141675
U22005,76627,1380.4492897855007,110695051
U22007,23388,1402.3936875567993,114600611
U22009,41481,1242.9371266267765,89726615
U22011,32986,1226.6856227131407,84087319
U22013,15752,1071.0439372705418,65413596
U22015,98310,1011.229789950157,55605520
U22017,252161,1011.1373078957921,55353359
U22019,183577,1268.0745499699738,92282163
U22021,10560,1140.686134527033,72067405
U22023,9991,1311.9520087306714,98710813
U22025,10920,1195.0291736523982,79397479
U22027,16851,1028.3779266979475,60056969
U22029,20247,1224.7071106201374,84067072
U22031,25494,1068.4781531736435,65068142
U22033,412852,1338.9273421823139,102520311
U22035,9421,1131.288987091448,71151196
U22037,21360,1313.6436937754302,99179640
U22039,35434,1259.1337226834785,91162792
U22041,21263,1160.308234001218,74619225
U22043,18698,1166.5323636443957,76199926
U22045,73266,1393.9880385366002,113697136
U22047,33320,1349.8987346518272,104197180
U22049,15397,1099.2935564079887,67604714
U22051,455466,1491.0572936310457,132056993
U22053,31435,1285.9346971847613,95127767
U22055,190503,1324.9364177238344,100558681
U22057,89974,1473.8384803930944,128390042
U22059,14282,1177.8960377654973,77397704
U22061,42509,1066.0982033469872,64659325
U22063,91814,1367.3590956165767,109681879
U22065,13728,1163.2368304926904,74823892
U22067,31021,1091.458262969854,67106262
U22069,39080,1129.0480283570685,70185479
U22071,484674,1443.4680853686637,123705083
U22073,147250,1103.6165715382974,67855713
U22075,26757,1539.479959583466,139800889
U22077,22763,1297.9112964928556,96960357
U22079,126337,1206.949938190992,80856810
U22081,9622,1081.4142401933525,66360900
U22083,20981,1130.1015828384127,70269761
U22085,23459,1125.819954943752,70080311
U22087,67229,1494.139031856688,132560393
U22089,48072,1435.7828968287308,121442233
U22091,10525,1332.8126449131903,102101934
U22093,21216,1403.1723551813677,114663853
U22095,43044,1409.1488627702738,118162530
U22097,87700,1291.5816041565154,96348781
U22099,48583,1354.1336760054246,106406083
U22101,53500,1408.9269088367266,118109030
U22103,191268,1411.3727195952397,118281721
U22105,100588,1367.3796655610306,109773693
U22107,6618,1190.5068779029095,79163626
U22109,104503,1466.9296500592618,127978375
U22111,22803,1059.615110644234,64399773
U22113,53807,1356.447783447266,106628330
U22115,52531,1186.5511666857233,78383775
U22117,43926,1365.9477258605507,109511500
U22119,41831,1020.6269474896593,57441500
U22121,21601,1335.701807244802,102442493
U22123,12314,1113.3853688918837,69309970
U22125,15111,1291.343771465094,96333670
U22127,16894,1129.7303279677676,70236290
U23001,103793,2421.524958445726,384329821
U23003,73938,2552.938263449686,393548122
U23005,265612,2412.3592585846236,382998666
U23007,29467,2403.5597482195903,379427322
U23009,51791,2567.0244806296114,394348804
U23011,117114,2456.488998030025,387420676
U23013,39618,2515.1365229108155,390726186
U23015,33616,2477.259410000712,389220811
U23017,54755,2379.593627561412,373788015
U23019,144919,2544.828519109649,392599480
U23021,17235,2512.2561619439266,390535427
U23023,35214,2451.060443286813,387168226
U23025,50888,2442.4477308187434,386410273
U23027,36280,2506.132208040716,390464797
U23029,33941,2626.646109655666,397427096
U23031,186742,2386.2896762430305,374426196
U24001,74930,1761.235447586471,186920508
U24003,489656,1955.4527350889296,240604070
U24005,754292,1940.6966379898004,234365472
U24009,74563,1970.1685992027838,250079648
U24011,29772,2019.95997888166,259717845
U24013,150897,1904.587598493996,226243150
U24015,85951,1995.1482288338248,253877009
U24017,120546,1930.06435551144,231060968
U24019,30674,2013.0794415416754,258077730
U24021,195277,1874.2346594808746,216446771
U24023,29846,1715.0208186204507,177180586
U24025,218590,1965.4641392490812,249311464
U24027,247842,1918.8150745020819,228889407
U24029,19197,1986.6562631868137,252817700
U24031,873341,1897.8399156509172,221795996
U24033,801515,1935.2499323628779,232406886
U24035,40563,1994.7236508209767,253778137
U24037,86211,1977.5831436931971,251144786
U24039,24747,2039.3865553989656,264542880
U24041,33812,1993.621529117158,253531030
U24043,131923,1836.371679146499,211289655
U24045,84644,2049.857486830725,266809378
U24047,46543,2081.1307661828246,274803054
U24510,651154,1944.2661813861946,235379717
U25001,222230,2437.3800549108555,385786061
U25003,134953,2184.90237286387,312345661
U25005,534678,2365.76994926074,371115165
U25007,14987,2402.4366018506976,379185194
U25009,723419,2375.155073431819,372819751
U25011,71535,2234.513283302432,321768969
U25013,456228,2234.2212816568185,321230826
U25015,152251,2230.2870110098515,319759511
U25017,1465396,2333.0204398017936,346662040
U25019,9520,2449.856088532848,387144457
U25021,650308,2353.5415527924665,360882767
U25023,472822,2391.452146617492,377017195
U25025,689807,2365.1026469585445,370163862
U25027,750963,2289.8455228465714,333723609
U26001,11719,1430.7852162218037,120751276
U26003,9862,1260.7760498741131,91291062
U26005,105665,1086.7865392639064,66488424
U26007,31314,1391.1102853198333,112493513
U26009,23110,1262.6446573438063,91427089
U26011,17269,1345.02916142034,104025905
U26013,8746,1122.7617692736471,69680139
U26015,56755,1193.8754904625337,79340724
U26017,110157,1319.2049934696101,99846722
U26019,15998,1151.3834802910771,73249774
U26021,162453,1069.1219870735742,65093636
U26023,45787,1208.4600863227427,81439478
U26025,137985,1215.0878408879294,82775094
U26027,51104,1131.3327389611513,71160617
U26029,26090,1261.4681840546314,91312680
U26031,26448,1329.932078366915,101841743
U26033,38543,1361.9636261721262,109404757
U26035,31252,1258.1293099570437,91038652
U26037,64753,1257.372513998107,90973899
U26039,14273,1294.614629697137,96630681
U26041,38520,1170.85985637703,76493276
U26043,27472,1115.202824970584,69322284
U26045,103655,1232.0648487196138,84242857
U26047,31437,1298.2520903894672,96983120
U26049,436141,1329.8252255696464,101385679
U26051,26023,1293.1355115684014,96457260
U26053,17370,1020.1469797350003,57423637
U26055,77654,1224.4486538045878,83989418
U26057,42285,1261.7862994197071,91338770
U26059,46527,1243.3040833484315,89768096
U26061,36016,1123.509283400826,69805688
U26063,36079,1411.9003072008024,118499496
U26065,279320,1270.7335054937764,92919177
U26067,61518,1218.386151127386,83340391
U26069,27339,1421.2018748587614,119809069
U26071,13138,1079.217973201344,66223814
U26073,63351,1250.0391415882423,90456686
U26075,158422,1263.7158293481277,91549892
U26077,238603,1172.391860103493,76659089
U26079,16571,1258.2748455712049,91069904
U26081,574335,1181.708590190196,77556664
U26083,2301,1199.4252687582825,79836186
U26085,11333,1182.5582170163675,78133206
U26087,87904,1369.6138868344356,110027116
U26089,21119,1202.9784045073925,80549599
U26091,98890,1291.0522783424146,96224327
U26093,156951,1308.3998764655369,98090968
U26095,7024,1318.1590158895171,99693419
U26097,11943,1299.8787990263734,97306703
U26099,788149,1390.6450252737527,111697448
U26101,24527,1132.7592322675714,71389081
U26103,64634,1170.0346975459338,76343974
U26105,28274,1110.0642193693643,69145482
U26107,40553,1210.8985094981788,82390548
U26109,25326,1115.6525524260098,69349756
U26111,82874,1286.483960309976,95193928
U26113,14478,1247.884182710241,90323366
U26115,145945,1339.0920436005533,102933163
U26117,61266,1218.669204438992,83401909
U26119,10315,1341.7011496508312,103737971
U26121,170200,1090.8411270816005,66697748
U26123,47874,1173.0863789212688,76990289
U26125,1194156,1351.9589350138913,105187428
U26127,26873,1095.526288639628,67334506
U26129,21645,1321.9681948673745,100397762
U26131,7818,1087.657503773801,66689930
U26133,23197,1220.59459715854,83618452
U26135,9418,1331.8293511582683,102092516
U26137,23301,1308.045567481876,98067667
U26139,238314,1091.1440513471857,66867948
U26141,14411,1412.6881968089708,118679617
U26143,25469,1284.800219837056,94971342
U26145,210039,1306.3311065655946,97791559
U26147,164235,1412.7226639894025,118694028
U26149,62422,1170.6904866802167,76430854
U26151,44547,1421.2702076403348,119836408
U26153,8903,1230.225332815525,84190435
U26155,71687,1293.3575967754193,96531297
U26157,58266,1358.427013506543,106747722
U26159,76263,1109.4381064098086,68698689
U26161,322895,1311.1024682043544,98340621
U26163,2061162,1359.180444009887,107002900
U26165,30484,1210.8731095181538,82360064
U27001,15301,830.7848148021238,30406679
U27003,298084,729.1773795259554,23134447
U27005,30000,772.3615793587129,25917421
U27007,39650,891.1637969505467,37456367
U27009,34226,724.361000549859,22937983
U27011,5820,597.6076276320831,15048379
U27013,55941,588.6388583993398,14726342
U27015,26911,565.097831894239,12732168
U27017,31671,867.193056112709,33489696
U27019,70205,662.6279084551365,18032761
U27021,27150,823.3051081548351,30188063
U27023,13088,591.7148845092031,14844562
U27025,41101,766.0923710594992,25483918
U27027,51229,747.3330237446758,24689863
U27029,8423,848.6187156856339,32261914
U27031,5168,1067.03854241415,64714894
U27033,12167,521.3253545482049,11609967
U27035,55099,791.3588670424215,26787486
U27037,355904,694.8795982308478,19866394
U27039,17731,664.0798320864913,18102966
U27041,32821,682.2252619589389,19265375
U27043,16181,571.2565023985663,13005653
U27045,21122,698.1114520473259,21435879
U27047,32584,610.663972343872,15472238
U27049,44127,698.6079679715322,21475407
U27051,6289,661.9862463812932,18024164
U27053,1116200,695.333314645038,20222298
U27055,19718,740.182582270363,24163248
U27057,18376,815.5149448368597,29846653
U27059,31287,749.0579691523908,24955690
U27061,43992,903.0841705126176,40920862
U27063,11268,496.57927088866853,9606991
U27065,14996,780.5651714053897,26417729
U27067,41203,628.1396816459512,16118840
U27069,5285,941.7708005828375,44324231
U27071,14355,968.3570919731346,47450854
U27073,8067,564.0394975057172,12657835
U27075,11058,1006.5122157093642,55289809
U27077,4522,984.1092162985293,48683613
U27079,25426,633.0572593586348,16506248
U27081,6429,503.4395261918143,9742268
U27083,25425,522.166149711011,11671130
U27085,34898,636.6230236055811,16622018
U27087,5190,810.1140827122028,29042227
U27089,10155,905.5063468059917,41075082
U27091,21802,533.7874893491124,11968874
U27093,22644,648.606045712679,17308995
U27095,22330,762.080500465222,25406644
U27097,31712,739.9837430839216,24131536
U27099,38603,650.6614118163016,17425659
U27101,9165,491.3217875480656,9578690
U27103,29771,601.5418274499508,15109450
U27105,20832,462.5784720204219,7068456
U27107,7442,793.4874912593864,27035598
U27109,124277,694.2228065815924,19733214
U27111,57159,719.4832134815057,22697623
U27113,13584,881.6414078899115,35407753
U27115,26530,820.9683058832578,30063068
U27117,9895,467.5511651376509,7765205
U27119,31369,842.0281724034867,31761929
U27121,11236,649.4227256002732,17401090
U27123,511035,717.6355927497033,22104273
U27125,4299,859.0188416023544,33064235
U27127,16815,550.3307344014684,12383461
U27129,17154,592.8613479121018,14893701
U27131,56665,657.9630817170492,17872713
U27133,9721,436.1893257887104,6461545
U27135,16338,959.6588769252926,46068443
U27137,200528,961.4538180164249,46445548
U27139,89498,665.1367155711392,18197980
U27141,64417,713.9833667224714,21916759
U27143,15356,619.2642052301422,15826893
U27145,133166,682.4723261381116,19301978
U27147,33680,640.5883889565193,16959617
U27149,10053,629.0683811642053,16190413
U27151,11956,609.6803799859694,15367987
U27153,24426,716.7931347764448,22066763
U27155,4134,630.797349310992,16487412
U27157,21610,722.932237729355,22812178
U27159,13713,763.0859829063108,25460926
U27161,19526,616.9620621760417,15582451
U27163,201130,731.6555899741279,23518894
U27165,11876,551.1724836456148,12412817
U27167,7138,691.823161641742,19677641
U27169,49985,736.6029099517592,23946311
U27171,89986,681.832183216579,19175389
U27173,11080,549.6997609272387,12372381
U28001,34340,1237.3829530046676,85851885
U28003,34558,1138.747050239561,72010898
U28005,13599,1292.9476081773412,96436481
U28007,19661,1201.3669392508568,80529938
U28009,8026,1098.9813134581593,67554505
U28011,40633,1061.4975328060332,64497394
U28013,15069,1152.3201649116952,73326819
U28015,10769,1151.9976851595243,73316050
U28017,19440,1180.3097311097083,77505222
U28019,9758,1203.2246366041074,80570718
U28021,11831,1216.5969551638557,83199874
U28023,17955,1343.8027077644226,103887460
U28025,21979,1210.7776092497434,82263411
U28027,30622,1045.2645949675177,61869420
U28029,28757,1252.416676305006,90547459
U28031,19407,1325.482089520932,100788074
U28033,107199,1038.332321065387,60866588
U28035,72604,1381.252179593101,111079574
U28037,8448,1262.4590507353332,91418641
U28039,19144,1447.0014963452113,125189841
U28041,13299,1416.8311262450825,119150228
U28043,23263,1133.708374976943,71428565
U28045,42967,1439.2006022703865,121716170
U28047,189601,1459.4932162710857,127143646
U28049,250800,1216.2386680902966,82949074
U28051,21609,1166.463052121673,76178317
U28053,11206,1138.938995984284,72045456
U28055,2274,1143.3116717701512,72439763
U28057,22770,1195.6648244743112,79408399
U28059,131420,1482.8347527028711,129433986
U28061,18149,1319.0928375855456,99828573
U28063,9740,1231.1116704915771,84233117
U28065,13962,1315.0295090504162,99538995
U28067,64958,1349.5477455773312,104132222
U28069,10453,1291.3157435809624,96323217
U28071,38744,1111.5663240976126,69173756
U28073,39070,1365.4662927770219,109472430
U28075,78161,1316.5715992177952,99552957
U28077,13258,1300.028989277632,97318646
U28079,20940,1232.9060931989172,84346512
U28081,75755,1172.414403830788,76897692
U28083,37947,1119.08432506632,69520706
U28085,33166,1281.6817363300165,94642495
U28087,61586,1248.6017764722083,90337844
U28089,74674,1210.7988197376492,82285390
U28091,25595,1344.7783786929467,104000310
U28093,34993,1080.4100412018136,66282315
U28095,38014,1214.7380540640063,82737080
U28097,12189,1165.481591541949,76166128
U28099,28684,1258.827309994438,91105685
U28101,21838,1287.3143911236612,95942730
U28103,12548,1267.614634568234,92269615
U28105,42902,1222.4859468990235,83716242
U28107,34274,1077.6132317221497,65866119
U28109,48621,1398.8206603809554,114382946
U28111,12138,1399.0719189678744,114431567
U28113,38940,1317.0286939847904,99631118
U28115,26726,1151.6905346299611,73289324
U28117,25556,1160.8486927039817,74653498
U28119,10117,1064.081462264707,64620485
U28121,115327,1247.6420462730362,90167115
U28123,28423,1259.1274826957858,91134369
U28125,6580,1140.9350899220478,72213780
U28127,27639,1280.2649461915562,94603872
U28129,16182,1295.744155522211,96883262
U28131,13622,1424.7638457598846,120009807
U28133,34369,1095.5142656361184,67300137
U28135,14903,1094.808529166923,67272097
U28137,25370,1058.0192548821956,64117659
U28139,20826,1122.444952946503,69659313
U28141,19163,1173.9166807826218,77095896
U28143,9227,1028.4162040576184,60073820
U28145,25362,1135.4876667715685,71474971
U28147,15156,1334.6053487335448,102276477
U28149,49644,1186.0545623008652,78215362
U28151,62977,1101.5173388054438,67692893
U28153,21216,1377.4705046835672,110565448
U28155,10294,1180.5160702312087,77524662
U28157,10312,1269.1184475533341,92809094
U28159,20160,1238.280250610988,85923702
U28161,13051,1120.343964190698,69567599
U28163,28149,1178.1402335638672,77411986
U29001,24977,577.6433830866791,13837913
U29003,16492,395.0856352832695,3954181
U29005,6430,335.93033862931617,2526635
U29007,25853,661.5144118850732,17998311
U29009,34010,643.8268882950126,17075905
U29011,12541,551.1683652146817,12400276
U29013,16653,502.78901630313175,9725615
U29015,17180,580.5365714258804,14558921
U29017,12029,885.835194409414,36982846
U29019,135454,629.9007250716668,16223946
U29021,85998,402.67172850106414,4210668
U29023,40867,888.7667044766054,37158603
U29025,8969,471.5180729307783,7825420
U29027,40766,667.0406559300562,18323204
U29029,37051,634.9015863557647,16553183
U29031,68693,909.6212668138575,41130448
U29033,10285,517.7273542528983,11527302
U29035,5941,834.2176617766438,30758577
U29037,82092,480.3373810126475,9093529
U29039,13733,570.5167815353153,12952286
U29041,8438,560.0009229849868,12541669
U29043,54285,668.0836779016098,18489130
U29045,7416,649.6051003334657,17412326
U29047,184006,445.69212776199754,6541561
U29049,18979,438.281153929969,6493250
U29051,71397,651.5804286232583,17464262
U29053,16670,594.1301115375562,14970133
U29055,22804,752.2604199586059,25037941
U29057,7923,589.8346468859395,14782283
U29059,15661,633.7046725006212,16535337
U29061,8016,465.6101159433955,7757189
U29063,11597,430.22985677116856,5933236
U29065,14927,755.7839448206964,25179523
U29067,13084,717.3892570608973,22091189
U29069,33155,948.0204733960215,44427703
U29071,93807,752.6851175590702,25060745
U29073,15342,716.1997519472037,22051421
U29075,6861,425.2890890699475,5228592
U29077,240391,637.843306429609,16656916
U29079,10432,497.3770458351981,9638477
U29081,8850,458.70713610685664,7031202
U29083,21997,537.0847689564753,12017425
U29085,8940,597.398091407474,15039439
U29087,5351,358.2337782881678,3390299
U29089,10212,593.0446395842126,14949224
U29091,37238,774.114451240763,25977740
U29093,10697,817.258620024109,29909306
U29095,654880,464.310115894463,7102309
U29097,104686,573.1112565956483,13055028
U29099,198099,801.8976653222816,28500316
U29101,48258,518.4967584719972,11537587
U29103,4361,616.8874650517131,15578090
U29105,32513,668.1620798543915,18543415
U29107,32960,505.18121668625037,9774282
U29109,35204,613.9626999384249,15504822
U29111,10494,652.8743583633735,17626686
U29113,38944,739.7931483484653,24092592
U29115,13754,539.9563395513798,12173588
U29117,14558,504.71221407671004,9748697
U29119,21681,616.7677208188167,15556409
U29121,15762,586.3709683951934,14708798
U29123,11800,852.775939490059,32842142
U29125,8903,694.6368395553733,19857491
U29127,28289,665.0543611308525,18169691
U29129,3757,494.1132031330578,9603234
U29131,23564,651.948341439395,17556329
U29133,13427,968.4257667659317,47465209
U29135,14827,621.1446017330645,15893882
U29137,9311,640.357985337554,16950306
U29139,12136,701.4727897606289,21689422
U29141,19309,607.1695956110007,15198055
U29143,19760,952.9780073534454,44811925
U29145,52636,595.5098878132652,14986803
U29147,21912,383.2809801811774,3772262
U29149,10344,815.3848043273198,29836309
U29151,13062,686.5966368128579,19489403
U29153,9542,741.198069638221,24182966
U29155,20047,965.3436277853712,47257406
U29157,18132,885.0871337300458,36956229
U29159,39403,560.7884229278119,12557954
U29161,39825,719.379135356456,22657798
U29163,18351,714.1619400130544,21981176
U29165,73781,415.76051940964646,4547475
U29167,26992,610.5433590315589,15445246
U29169,41165,688.958467839262,19551564
U29171,5223,540.5608632776772,12187342
U29173,9626,679.4908130206866,19125194
U29175,24663,601.1269377425554,15084787
U29177,23354,480.70114001239574,9175621
U29179,6689,809.4683541406581,29026227
U29181,13509,857.5326316128643,32948834
U29183,283883,771.9527831787566,25611052
U29185,9652,557.6893877498063,12503948
U29186,17842,846.6031391871709,32244072
U29187,55641,826.5802831172631,30326987
U29189,1016315,795.6167465053319,27094815
U29195,23756,551.4968051565803,12424693
U29197,4170,582.4890560819431,14633901
U29199,4983,614.409119756582,15540026
U29201,40422,935.5346116725448,43714794
U29203,8324,787.8903940245166,26668737
U29205,6799,627.03151833826,16004861
U29207,29705,916.447663496653,41656948
U29209,28658,664.5342697449903,18141033
U29211,7219,534.6438316996308,11990676
U29213,39703,700.4840680018004,21649719
U29215,23003,735.6240958905639,23914770
U29217,20454,527.7263484975401,11887422
U29219,24525,732.566670165948,23720024
U29221,23344,786.6845781534306,26580721
U29223,13259,862.1652665821136,33393454
U29225,31045,669.8655471828946,18706199
U29227,2382,421.8143258779452,4814165
U29229,17955,699.7994880986548,21587811
U29510,348189,812.4376677810417,29206510
U30001,9202,1212.1503516657353,82437106
U30003,12671,854.8040055643885,32884344
U30005,7009,1160.2348944896605,74612216
U30007,4385,1169.5700862169413,76242000
U30009,9552,942.1177336269378,44329516
U30011,1360,693.9158744907343,19689503
U30013,80357,1217.4916459920437,83233511
U30015,5970,1200.1421696260206,79859903
U30017,11696,808.7734239916787,28993392
U30019,2017,1040.0558108337975,61364159
U30021,9059,870.4805247941102,33705086
U30023,9417,1270.6947419028593,92909760
U30025,2837,760.9361187326859,25398723
U30027,11893,1082.924521720881,66374065
U30029,74471,1447.4015958866778,125223239
U30031,67831,1106.1375707749592,68314680
U30033,1279,965.897396847599,47277453
U30035,13247,1405.8032126145301,114719829
U30037,1042,1022.215798425836,57547861
U30039,2830,1304.491938626809,97641546
U30041,16673,1235.7878651738388,85835212
U30043,10049,1196.7571667285843,79620734
U30045,2329,1134.6059328647357,71472642
U30047,26507,1411.8462128628132,118472989
U30049,55716,1271.8797488746618,93223540
U30051,2158,1282.0885308102406,94722272
U30053,18837,1546.1817356672982,140880324
U30055,1977,939.2352332018266,44080174
U30057,6851,1148.8374435028845,72520556
U30059,1932,1145.9096702283389,72458086
U30061,3884,1453.3245714258578,125993538
U30063,95802,1367.2239643516489,109586077
U30065,4497,985.982998641411,48738690
U30067,15694,1055.8131686589477,63151450
U30069,493,1020.4958737692714,57441007
U30071,4601,1093.5391335530048,67233630
U30073,6424,1328.8490118402854,101379255
U30075,1858,738.9015560649452,24090734
U30077,7180,1293.0098319787191,96450080
U30079,1199,852.1931818789709,32349268
U30081,36070,1339.266088413124,103079108
U30083,9667,906.7468046397091,41085237
U30085,10620,970.6865837586234,47616902
U30087,9383,861.017095738444,33298057
U30089,10227,1490.3369596263735,132023694
U30091,4105,996.6780530604162,54835560
U30093,34606,1227.6638346397467,84142456
U30095,8195,991.5908808824383,49086014
U30097,3609,1036.6856141509957,60769959
U30099,6445,1306.666883887871,98022946
U30101,5267,1327.8372862126498,101332069
U30103,861,897.1675492613532,40669900
U30105,7675,1046.1229850198085,61900042
U30107,2259,1072.3752475562662,65558023
U30109,1068,816.4162434973432,29865029
U30111,129352,937.2578656595142,43764755
U31001,31151,76.66000846942482,88333
U31003,7452,216.90890443946114,611830
U31005,444,225.10174317184664,634384
U31007,819,379.8717609817944,3771443
U31009,583,164.14506703423558,373439
U31011,6259,173.4822989900828,385496
U31013,12158,360.72445188403697,3456008
U31015,2438,269.6843389067537,1280394
U31017,3525,208.38474447600422,554729
U31019,42259,46.92954496162481,12811
U31021,7791,296.8530356175986,2035872
U31023,8767,206.95397889476322,545962
U31025,24334,278.7976234488029,1305692
U31027,9615,293.16318407657235,2021465
U31029,4068,193.4181530887583,471168
U31031,6148,266.9343514029422,1243069
U31033,9830,313.01704003794543,2246903
U31035,7039,114.62388797186517,229794
U31037,10441,227.23008021826615,641353
U31039,10203,268.7127547128319,1270191
U31041,11793,101.2446330062609,211434
U31043,20253,315.6724970888349,2256733
U31045,9060,394.5515972842705,3945121
U31047,24365,52.074445801451034,55070
U31049,2098,255.08376333730158,1073233
U31051,6339,305.112266543994,2124921
U31053,36160,259.8838517692921,1086296
U31055,463585,286.85773912219116,1517442
U31057,2292,196.39802612168424,500065
U31059,6634,153.03408975245765,326789
U31061,3574,52.85192270014647,79435
U31063,3099,84.57338482758915,125485
U31065,5324,55.86151765439747,83009
U31067,22993,232.5234069851178,914361
U31069,2292,275.93840765392656,1288004
U31071,1902,159.7304633408236,361639
U31073,2143,35.31278056857575,0
U31075,747,250.787995038225,1069739
U31077,2714,138.10014237972152,314670
U31079,53534,85.93095215812797,132645
U31081,9403,123.47181039534013,250009
U31083,3786,37.552171499837684,2143
U31085,1068,139.43252469545445,317384
U31087,3111,143.86589796599185,323678
U31089,11551,222.2300917092741,622833
U31091,783,211.65940778408998,560010
U31093,6567,108.44362479523866,223227
U31095,8333,195.58539206872715,491732
U31097,4488,265.9118233704697,1175738
U31099,6882,38.7557055522548,5929
U31101,8875,202.80871049150556,537087
U31103,983,263.6764220347282,1155411
U31105,4089,369.96097217076834,3575680
U31107,9374,267.1920448994562,1249217
U31109,250291,231.27130451574195,664070
U31111,34632,127.36911939487064,259412
U31113,774,143.49485217366723,322904
U31115,712,153.8842463584824,333423
U31117,533,183.48620692238657,424196
U31119,35226,216.09485331663285,576604
U31121,8204,136.66602076885542,306466
U31123,5440,329.30436645733045,2462370
U31125,4038,154.40787913131777,334135
U31127,7576,301.26891295613495,2102074
U31129,5057,121.3144405805774,240305
U31131,15396,277.0448578594479,1290296
U31133,3087,271.3485242515525,1282832
U31135,3200,191.82374056142373,442367
U31139,7857,246.06608928887007,1057402
U31141,31662,197.8140529185586,502357
U31143,5639,171.56774251564747,379857
U31145,11448,97.95722079421299,199986
U31147,9531,315.77666928438464,2276986
U31149,1756,211.03619953242975,558254
U31151,13843,192.34924914873469,445567
U31153,122595,285.4413496355234,1394847
U31155,19830,245.53975507907518,1037572
U31157,36951,389.28034692577387,3840120
U31159,16496,195.16057415903404,475236
U31161,6198,332.77229082815654,2486156
U31163,3318,86.21837061490965,186179
U31165,1475,422.2490819306206,4816547
U31167,6455,242.32356057621828,975365
U31169,6055,158.1249723803468,355584
U31171,729,174.4714015257812,391755
U31173,7171,301.2088307472023,2094903
U31175,4647,121.82104416144578,245362
U31177,18780,289.9900684916234,1981027
U31179,9851,267.85492794423743,1258591
U31181,4061,85.55480834604805,128584
U31183,886,174.56071246996467,392484
U31185,14598,157.70467735888286,340986
U32001,23982,1607.5323692828986,149950856
U32003,1375765,1440.3962932525858,122141169
U32005,41259,1734.0870048795193,180501455
U32007,45291,1341.897565924463,103755099
U32009,971,1598.342080702012,147391542
U32011,1651,1430.9235016432215,120762995
U32013,16106,1572.5143821750476,144224436
U32015,5794,1497.574665782956,132682670
U32017,4165,1370.6271241778838,110239920
U32019,34501,1696.5464405465812,174305734
U32021,5071,1642.9982050296335,158642160
U32023,32485,1493.6314747159538,132515855
U32027,6693,1604.6879714574334,149709276
U32029,3399,1715.218725110487,177256364
U32031,339486,1710.7664305523354,176342447
U32033,9181,1324.7762430042176,100549500
U32510,52457,1739.744670074172,181386331
U33001,56325,2325.059954238081,342324590
U33003,43666,2342.348881874672,352016965
U33005,73825,2260.646269020381,328863299
U33007,33111,2335.9686651912307,348950252
U33009,81743,2290.964488575537,334651598
U33011,380841,2303.444492641545,336249292
U33013,136225,2305.1789718816585,336997044
U33015,277359,2353.71739557302,361537810
U33017,112233,2357.3219103742026,363458077
U33019,40458,2261.153686929443,329222677
U34001,252552,2107.3036310190196,282273184
U34003,884118,2128.0438180848055,287822888
U34005,423394,2096.5644541444735,279805227
U34007,508932,2072.900489437333,273847192
U34009,102326,2097.8919875025267,281307670
U34011,146438,2069.2612657325944,272747046
U34013,793633,2116.142139123929,284823822
U34015,254673,2059.155676793781,271015741
U34017,608975,2130.9499591507897,290603687
U34019,121989,2063.768209518675,271722655
U34021,350761,2085.778174959214,275196320
U34023,750162,2107.979956998172,282546720
U34025,615301,2131.91981906978,291239992
U34027,470212,2089.976706902409,276188580
U34029,510916,2130.381225339814,289743093
U34031,489049,2108.227628262715,283398982
U34033,64285,2044.1425780601962,265435016
U34035,297490,2088.2106474678562,275868751
U34037,144166,2074.3022395282233,274566652
U34039,522541,2112.7954884977585,284005336
U34041,102437,2051.466313171899,267608749
U35001,556678,880.7186340123768,34713368
U35003,3543,1082.8356103134436,66370522
U35005,61382,913.895233274609,41356816
U35006,25595,977.6406175128523,48221372
U35007,14189,628.8022241231612,16160043
U35009,45044,746.6068556546652,24458317
U35011,2240,815.039223360739,29817877
U35013,174682,1124.4110144497483,69905629
U35015,51658,997.2786756250055,54839665
U35017,31002,1178.340976350812,77464188
U35019,4680,786.1279371807134,26529111
U35021,810,645.8758722479565,17308185
U35023,5932,1271.6636352356227,93217608
U35025,55511,929.9362493150195,42724842
U35027,19411,924.1786467028196,42274356
U35028,18343,793.9451661175027,27043040
U35029,25016,1189.186185472155,78708969
U35031,74798,949.496767371777,44475871
U35033,5180,697.1185722203913,21409389
U35035,62298,1049.0328980746474,61954373
U35037,10155,702.9770475617261,21716896
U35039,41190,774.7272268019892,26015536
U35041,18018,807.2655048616338,28975374
U35043,89908,846.1867403440924,32074893
U35045,113801,894.2382793341442,40413795
U35047,30126,733.1603094252712,23761506
U35049,129292,799.5979997233675,28371024
U35051,13270,1074.7059482538625,65722520
U35053,18078,984.8303818855449,48688135
U35055,29979,696.7506369149633,21359289
U35057,16911,865.6975495930694,33472785
U35059,4174,571.0101696721085,13001479
U35061,66152,916.5140122328593,41686653
U36001,294565,2121.423330216635,286967447
U36003,49927,1789.965999270398,190945365
U36005,1332650,2148.073065292393,299787196
U36007,200536,1971.100236261298,250154211
U36009,83955,1736.0608753341694,180813178
U36011,81963,1908.4450960978431,226867048
U36013,139750,1676.2294453258723,167893811
U36015,91070,1895.5938347170945,221683428
U36017,51401,1988.2439797075515,252872085
U36019,79894,2145.634520995519,297377576
U36021,63094,2151.8715730012927,301742471
U36023,48599,1949.3371329514787,239663270
U36025,48055,2042.0255140788518,264668370
U36027,280150,2146.5984540965796,299443884
U36029,950265,1728.4088640457483,178321488
U36031,38851,2136.4998415381965,292183663
U36033,51134,2096.747015238279,280228621
U36035,55073,2083.2334455451773,275082435
U36037,60370,1776.828282099518,188484961
U36039,48195,2108.664566553393,283888031
U36041,5379,2077.1215345690302,274752561
U36043,64427,2045.160804804307,265641066
U36045,111738,1954.182237481618,240465879
U36047,2465326,2143.0920675493253,294739879
U36049,26944,2001.9853538186694,255502616
U36051,64328,1810.734435999611,207921735
U36053,69441,1982.5860850138818,251726150
U36055,735343,1821.6659764349226,209015173
U36057,49708,2082.655260815643,274950206
U36059,1334544,2171.8295714500855,307959460
U36061,1537195,2139.333221158659,292907104
U36063,219846,1730.749807710732,180220545
U36065,235469,2001.2514291468096,255092152
U36067,458336,1939.2292178483997,233823571
U36069,100224,1848.9388107481802,212637602
U36071,341367,2103.296944554754,281892021
U36073,44171,1776.3721912440599,188440790
U36075,122377,1939.053084507006,233701194
U36077,61676,2034.9644742081025,263660192
U36079,95745,2149.6884511156322,301179905
U36081,2229379,2152.163779983283,301805565
U36083,152538,2158.4806412422904,305894885
U36085,443728,2128.6277483041363,288765556
U36087,286753,2129.615669638055,289456340
U36089,111931,2035.5537113006637,263725692
U36091,200635,2129.3902617942754,289255705
U36093,146555,2114.8255092015993,284527877
U36095,31582,2083.4267766117014,275137508
U36097,19224,1879.0198403655452,217252772
U36099,33342,1887.7497173971876,219561493
U36101,98726,1842.6565006885555,212042571
U36103,1419369,2243.43809165738,325817849
U36105,73966,2062.1556483105987,271505225
U36107,51784,1932.5518432825659,231960311
U36109,96501,1917.0959270559592,228363102
U36111,177749,2101.5205063088,281544330
U36113,63303,2130.4921112472252,290254009
U36115,61042,2162.782666568947,306299941
U36117,93765,1870.14682414901,215811773
U36119,923459,2152.8458509749494,304034944
U36121,43424,1773.2116806600354,188243871
U36123,24621,1865.1365314154316,214627588
U37001,130800,1811.881758788559,208015012
U37003,33603,1669.3774792246531,166691162
U37005,10677,1649.1187068766822,160303409
U37007,25275,1801.0695507950268,195540217
U37009,24384,1620.7815840118744,152096119
U37011,17167,1601.2899485674445,147677722
U37013,44958,2049.1045480538955,266764420
U37015,19773,2015.0740693064615,258464897
U37017,32278,1948.7803689839714,239608528
U37019,73143,2001.9383829929675,255429473
U37021,206330,1572.377301993533,144018106
U37023,89148,1633.5932265590118,154431718
U37025,131063,1745.0793470513313,182164481
U37027,77415,1638.5995614817698,155846521
U37029,6885,2071.3565434319753,272914621
U37031,59383,2102.962746819558,281832638
U37033,23501,1803.256168172959,195640222
U37035,141685,1677.9042709551825,168182205
U37037,49329,1838.5739664338398,211911817
U37039,24298,1472.3845229471542,128139845
U37041,14526,2042.7136386132918,264843122
U37043,8775,1501.5125498251887,133852510
U37045,96287,1665.1209058303173,166567934
U37047,54749,1957.2101546234844,242004544
U37049,91436,2044.9646353406788,265549630
U37051,302963,1903.1049627831228,225868896
U37053,18190,2088.8539079430047,276166241
U37055,29967,2133.872684732842,291945712
U37057,147246,1755.333225173329,186372712
U37059,34835,1721.6142775180501,177549663
U37061,49063,1982.6075588347155,251795591
U37063,223314,1855.673317104168,213095083
U37065,55606,1967.2332160580634,249877172
U37067,306067,1736.7000655589522,180897133
U37069,47260,1903.2951336402891,226195890
U37071,190365,1698.212735029969,174489464
U37073,10516,2022.1285835152314,260275131
U37075,7993,1479.7941784816894,129139401
U37077,48498,1863.449550308713,214553463
U37079,18974,1978.996598695646,251280376
U37081,421048,1777.9238904934386,188563191
U37083,57370,1950.2767337824807,239804487
U37085,91025,1884.990135286797,218934389
U37087,54033,1538.813957882522,139713735
U37089,89173,1589.7473305595825,145835735
U37091,22601,2001.6357792889255,255385183
U37093,33646,1870.5078149171839,216015981
U37095,5826,2109.853865001164,283949948
U37097,122660,1699.5068590465023,174706306
U37099,33121,1539.4309626865554,139767768
U37101,121965,1920.4917999736574,229777516
U37103,10381,2026.042432628258,261085206
U37105,49040,1855.235109155972,213004670
U37107,59648,1993.2719515322908,253471382
U37109,63780,1685.094798558549,170238783
U37111,42151,1608.4545988656844,150418223
U37113,29811,1522.7733416111055,137449011
U37115,19635,1545.4971241286632,140835154
U37117,25593,2011.376998347454,257934006
U37119,695454,1728.6071261491736,179279949
U37121,15687,1583.8687510855673,145528101
U37123,26822,1800.8880443601397,195513395
U37125,74769,1837.1733499353516,211644159
U37127,87420,1933.0139805837812,232076246
U37129,160307,2024.180882485536,260447355
U37131,22086,1964.365579357431,248966419
U37133,150355,2026.2281919511165,261167145
U37135,118227,1834.4373132496828,211089163
U37137,12934,2078.456229409722,274772563
U37139,34897,2066.0674170984785,271918802
U37141,41082,2006.3423959399545,256602141
U37143,11368,2057.3385623411136,270541411
U37145,35623,1834.244907521172,211053540
U37147,133798,2000.1276781445856,254955287
U37149,18324,1617.9666358507357,151322303
U37151,130454,1792.278205172846,191211889
U37153,46564,1829.5471912287314,210486076
U37155,123339,1900.2851665404878,225061029
U37157,91928,1766.0761252561317,187726887
U37159,130340,1735.8558256346812,180682838
U37161,62899,1632.1945633354808,154312221
U37163,60161,1943.7191918600456,235319556
U37165,35998,1859.5789997211946,213570378
U37167,58100,1773.2734391399338,188287295
U37169,44711,1727.0224866375381,178196754
U37171,71219,1689.2646755668052,171321023
U37173,12968,1498.202349881128,132688464
U37175,29334,1568.6916529777209,143538810
U37177,4149,2089.6578312839247,276184431
U37179,123677,1765.8126451690962,187603210
U37181,42954,1882.0023402575935,217714772
U37183,627846,1884.9761299759248,218306543
U37185,19972,1906.3646384180643,226567680
U37187,13723,2056.5509303690246,270371019
U37189,42695,1611.673072168837,150644474
U37191,113329,1957.2932319471458,242059293
U37193,65632,1657.9447241920702,165629845
U37195,73814,1949.666388421347,239711869
U37197,36348,1701.6309408956954,174903100
U37199,17774,1577.8823125636782,145282984
U38001,2593,670.1707762880632,18737244
U38003,11775,722.7794161313208,22800403
U38005,6964,840.3822185482836,31744756
U38007,888,788.835463187303,26677061
U38009,7149,927.5882659445429,42585917
U38011,3242,704.6739693492852,21787177
U38013,2242,952.0803785950549,44774392
U38015,69416,723.0043266050401,22833788
U38017,123138,733.6952028740457,23791632
U38019,4831,920.8757087473081,41851474
U38021,5757,626.264465220555,15999104
U38023,2283,978.0884780518913,48466797
U38025,3600,802.5971662673383,28698415
U38027,2757,802.6462626395328,28702015
U38029,4331,645.0587933039861,17150448
U38031,3759,773.9879695105604,25973981
U38033,1924,798.1532585037309,28369100
U38035,66109,838.7047704508178,31678647
U38037,2841,674.2131200276125,18767047
U38039,2754,778.3906143892578,26227627
U38041,2715,702.7434400377998,21714181
U38043,2753,714.4932336679151,21999527
U38045,4701,665.3647671255474,18287478
U38047,2308,662.1871370153075,18030453
U38049,5987,863.8953398762466,33418779
U38051,3390,622.9607484580089,15911915
U38053,5737,864.4656324884922,33424766
U38055,9311,809.898431460639,29032916
U38057,8644,779.1922693817563,26236975
U38059,25303,705.5867841632977,21804662
U38061,6631,887.3483343378452,37008503
U38063,3715,828.8857265148607,30382628
U38065,2065,750.3126710860286,25035086
U38067,8585,929.3680827648428,42716257
U38069,4675,860.1181886491217,33155545
U38071,12066,863.572614764694,33406713
U38073,5890,674.9624460549556,18769888
U38075,2610,928.8361302904551,42685145
U38077,17998,669.7530547105681,18650149
U38079,13674,918.495227073843,41768607
U38081,4366,638.3310456597433,16897307
U38083,1710,789.3680030319049,26777299
U38085,4044,636.0736940021662,16617974
U38087,767,736.0400079172588,23945544
U38089,22636,747.9849301330207,24741092
U38091,2258,783.8157984277055,26459735
U38093,21908,718.8576281462474,22617212
U38095,2876,908.366630196189,41118433
U38097,8477,791.3132279221231,26779009
U38099,12389,884.4426362533759,36943840
U38101,58795,873.0515955182186,33838898
U38103,5102,786.0671111218413,26524009
U38105,19761,928.8838250176078,42687755
U39001,27330,1374.6431396172727,110404211
U39003,108473,1289.9737435421048,96063436
U39005,52523,1443.6611070684844,124189757
U39007,102728,1565.997352231727,142869930
U39009,62223,1484.2796231786099,129623534
U39011,46611,1281.8152459152948,94675661
U39013,70226,1563.093710524183,142468967
U39015,42285,1339.2913666848413,103115178
U39017,332807,1269.116812021997,92476287
U39019,28836,1545.2500860384785,140806318
U39021,38890,1325.153086719513,100749184
U39023,144742,1326.8826834248525,101051930
U39025,177977,1312.5529530139577,98721795
U39027,40543,1333.121312942572,102112459
U39029,112075,1569.6126004906175,143583588
U39031,36655,1477.9927505567125,128844643
U39033,46966,1388.6688947113664,111632065
U39035,1393978,1485.0572860596533,129775261
U39037,53309,1253.1430765145358,90690747
U39039,39500,1255.6712805615157,90778859
U39041,109989,1387.3951675775365,111342918
U39043,79551,1418.7347522772666,119528820
U39045,122759,1427.1733455691008,120166689
U39047,28433,1360.4711956056171,109147772
U39049,1068978,1391.5891085716985,112538919
U39051,42084,1285.7103716197812,95037773
U39053,31069,1474.3227952643738,128486802
U39055,90895,1531.468490273604,138367645
U39057,147886,1321.2357676949139,100249876
U39059,40792,1517.77278743003,135739040
U39061,845303,1275.9508791409082,93370184
U39063,71295,1325.4913844725957,100807481
U39065,31945,1328.0596837786863,101337336
U39067,15856,1548.69372201817,141395227
U39069,29210,1290.7652693345462,96195117
U39071,40875,1355.72329234644,106533827
U39073,28241,1444.1851334731568,124274341
U39075,38943,1474.8542808554544,128606281
U39077,59487,1414.4487780763145,118897856
U39079,32641,1443.2268078832642,123628338
U39081,73894,1575.1043621546446,145148403
U39083,54500,1435.2046769224553,121371683
U39085,227511,1512.4352098251536,134870999
U39087,62319,1461.5443460140925,127461241
U39089,145491,1434.2584144524876,121225045
U39091,46005,1322.1396957577012,100419407
U39093,284664,1447.859027288262,125297710
U39095,455054,1340.235552770385,103228335
U39097,40213,1359.542514192294,109064062
U39099,257555,1568.0174297237998,143260704
U39101,66217,1370.0476292422215,110173703
U39103,151095,1472.7643085768193,128164143
U39105,23072,1491.0104457065806,132033921
U39107,40924,1247.6784064889573,90282442
U39109,98868,1287.317363559948,95964568
U39111,15180,1557.544065154042,142158706
U39113,559062,1286.6367125534143,95294225
U39115,14897,1494.2171421364267,132627622
U39117,31628,1402.2567162330033,114568983
U39119,84585,1481.5495511480947,129207711
U39121,14058,1526.2578416167764,137993644
U39123,40985,1378.514224416438,110586664
U39125,20293,1248.6131170019303,90399430
U39127,34078,1460.3200948787398,127333247
U39129,52727,1393.1068981279736,113624353
U39131,27695,1404.8050748367416,114685069
U39133,152061,1531.2024095263819,138215584
U39135,42337,1256.9211414118229,90913220
U39137,34726,1286.47398784516,95159202
U39139,128852,1421.347637241343,119880955
U39141,73345,1398.777072979987,114309601
U39143,61792,1367.7896650501427,109903380
U39145,79195,1415.4484148943102,118957343
U39147,58683,1369.9876261309103,110115020
U39149,47910,1285.7915392078246,95079857
U39151,378098,1519.8024480981135,136882543
U39153,542899,1503.2383821051787,133877284
U39155,225116,1566.1995538291046,142972658
U39157,90914,1514.7767994884548,135509422
U39159,40909,1356.8701028778296,106694504
U39161,29659,1249.136864164236,90427027
U39163,12806,1448.7790310089188,125582374
U39165,158383,1302.8380760814007,97452458
U39167,63251,1528.8793352546425,138037241
U39169,111564,1475.9066226478064,128645224
U39171,39188,1247.4152441752422,90102487
U39173,121065,1327.7130889864961,101211004
U39175,22908,1356.1220741527386,106605422
U40001,21038,660.5740588591545,17977273
U40003,6105,431.5732316993706,5956186
U40005,13879,745.0420105094822,24437249
U40007,5857,429.42473644586124,5439412
U40009,19799,583.5852300110766,14638071
U40011,11976,522.9702692916134,11696555
U40013,36534,779.9862415199491,26274075
U40015,30150,601.6811980599962,15139221
U40017,87697,567.0709238463286,12781506
U40019,45621,721.4644753705961,22754782
U40021,42521,641.4384117328248,17030101
U40023,15342,798.0207559370722,28353758
U40025,3148,497.569048726491,9648909
U40027,208016,618.4819228075204,15618877
U40029,6031,714.8538731164705,22002280
U40031,114996,656.2440229799257,17742845
U40033,6614,698.4590397804702,21468793
U40035,14950,554.5424242450174,12488998
U40037,67367,576.7554264636855,13770546
U40039,26142,542.9595373822978,12224492
U40041,37077,608.6968749266509,15217364
U40043,4743,505.9223680391834,9851679
U40045,4075,478.3471531302761,8972669
U40047,57813,481.3740644206212,9198975
U40049,27210,671.6829366589253,18739837
U40051,45516,625.6450917801996,15953588
U40053,5144,437.83402145782844,6488106
U40055,6061,620.9181254922198,15887821
U40057,3283,642.9944257038601,17072622
U40059,3562,413.9169342859166,4474416
U40061,11792,698.1968061615116,21457001
U40063,14154,667.8879658955688,18474976
U40065,28439,658.7588719223529,17929378
U40067,6818,726.452601648756,22982901
U40069,10513,731.4280561455541,23490997
U40071,48080,456.1795588582101,6952683
U40073,13926,523.9901288465057,11725143
U40075,10227,623.4397364878511,15927119
U40077,10692,725.1303560318295,22972209
U40079,48109,749.1220870663985,24986977
U40081,32080,579.1303615688138,14523338
U40083,33924,539.6405232726702,12139664
U40085,8831,754.1316687964985,25170692
U40087,27740,635.4485181337291,16590234
U40089,34402,821.3685588157593,30089598
U40091,19456,659.4736967424813,17957817
U40093,7545,473.5578287380127,8427316
U40095,13184,758.4833883841105,25351439
U40097,38369,592.8900429660501,14910855
U40099,12623,701.636970867053,21701558
U40101,69451,648.6655391940334,17331639
U40103,11411,496.8672122980572,9618259
U40105,10569,529.4151926317043,11917199
U40107,11814,623.0318092802289,15915305
U40109,660448,578.9240028618161,13862890
U40111,39685,619.6908449651551,15848136
U40113,44437,505.2525733283634,9807242
U40115,33194,572.0454366736215,13021834
U40117,16612,523.6655267234197,11708531
U40119,68190,537.184766716064,12039422
U40121,43953,700.0680267699624,21605766
U40123,35143,687.4257661213455,19502465
U40125,65521,627.9829203303739,16053319
U40127,11667,768.4548118912056,25533365
U40129,3436,535.5724916248247,11998782
U40131,70641,567.1076726618757,12869203
U40133,24894,644.7550223042831,17125554
U40135,38972,690.7886984158155,19630269
U40137,43182,685.0481760610786,19446221
U40139,20107,457.1000438559506,7011095
U40141,9287,684.8226718119681,19435144
U40143,563299,574.8154931852422,13172860
U40145,57491,609.8431222492131,15379943
U40147,48996,521.7606594196366,11622134
U40149,11508,582.4448798189354,14622393
U40151,9089,419.85967845949,4624140
U40153,18486,455.16598460417674,6926186
U41001,16741,1563.742453715016,142664266
U41003,78153,2010.8341318700868,257737768
U41005,338391,1921.8620746349293,229967678
U41007,35630,2051.7493110630003,267711186
U41009,43560,2002.6889957796511,255529560
U41011,62779,2059.0897910708004,270931000
U41013,19182,1765.499351137543,187560175
U41015,21137,2070.5724209140194,272893484
U41017,115367,1831.0227307056746,210552759
U41019,100399,1983.1219516545711,251871387
U41021,1915,1772.3359040130533,188192948
U41023,7935,1663.0515050417282,166303274
U41025,7609,1644.3657650920009,159022460
U41027,20411,1885.8441057370392,219035704
U41029,181269,1944.8144727229342,236030871
U41031,19009,1835.5556400906685,211207390
U41033,75726,2020.5541494067909,259931578
U41035,63775,1859.9902112421285,213606376
U41037,7422,1757.4555114516927,186692281
U41039,322959,1964.8045848498664,248988505
U41041,44479,2050.407415149595,266894022
U41043,103069,1941.0841440473253,235131324
U41045,31615,1533.447619967106,138598904
U41047,284834,1948.128566211788,239296645
U41049,10995,1726.492007280291,178185759
U41051,660486,1945.0638601561432,236212140
U41053,62380,2012.5027555496602,257994647
U41055,1934,1808.5557045534388,207736844
U41057,24262,2047.377086642114,266031863
U41059,70548,1664.1687121648938,166386621
U41061,24530,1601.1449829242495,147620111
U41063,7226,1547.3134777150271,140938363
U41065,23791,1841.94224239659,212018780
U41067,445342,1997.61397900867,254349589
U41069,1547,1746.2999445388916,182536131
U41071,84992,2010.24507961785,257652776
U42001,91292,1881.6947938314324,217623480
U42003,1281666,1639.872076856133,156118118
U42005,72392,1679.280128279836,168432945
U42007,181412,1606.2806112493752,149753739
U42009,49984,1772.2972104760318,188142964
U42011,373638,1981.0629127168547,251318080
U42013,129144,1779.8247511392444,189094502
U42015,62761,1917.7920488814204,228480378
U42017,597635,2051.0414407381513,266988333
U42019,174083,1640.156407959289,157399784
U42021,152598,1745.892123552822,182337597
U42023,5974,1779.4591809042217,189088528
U42025,58802,1992.177989188435,253097528
U42027,135758,1813.5619585925879,208237338
U42029,433501,2003.3524251347008,255584687
U42031,41765,1679.4028633183102,168511720
U42033,83382,1760.2617744486101,186836071
U42035,37914,1826.7728642794864,210416829
U42037,64151,1932.6358686971132,232012095
U42039,90366,1619.3862832547977,151506367
U42041,213674,1872.7754525503765,216181687
U42043,251798,1908.4594657484893,226949011
U42045,550864,2033.9177659170477,262764726
U42047,35112,1741.6204174664608,181935545
U42049,280843,1619.4981666811423,151596733
U42051,148644,1676.364960002607,168033561
U42053,4946,1691.5015127422619,171561690
U42055,129313,1837.9868804833443,211718928
U42057,14261,1804.726057406531,207193288
U42059,40672,1628.441870878256,154121744
U42061,45586,1809.5895238173775,207793506
U42063,89605,1712.6674008607215,176818953
U42065,45932,1715.151233422418,177210432
U42067,22821,1855.7617915361668,213318397
U42069,213295,1994.6702711357786,253564842
U42071,470658,1960.0502680618345,245698600
U42073,94643,1604.6662407143879,149614633
U42075,120327,1937.2289616981273,233536566
U42077,312090,2006.2371280792624,256290051
U42079,319250,1966.9336650884088,249543357
U42081,120044,1875.3513968638056,216772223
U42083,45936,1746.2099252518876,182490195
U42085,120293,1609.2139727384413,150507895
U42087,46486,1836.1890966844874,211230697
U42089,138687,2022.2042090447922,260285647
U42091,750097,2031.0886331470556,261987317
U42093,18236,1911.034373133977,227399724
U42095,267066,2027.9581342219005,261317500
U42097,94556,1909.401268930948,227218848
U42099,43602,1868.917810831249,215747493
U42101,1517550,2054.5257103569647,267984348
U42103,46302,2043.8812314304726,265388714
U42105,18080,1802.6994386508545,195606768
U42107,150336,1952.481212779884,239958493
U42109,37546,1880.2227290904045,217391807
U42111,80023,1727.186080179527,178241465
U42113,6556,1919.7307304118863,229770960
U42115,42238,1975.6146349357712,250886967
U42117,41373,1855.4086069581945,213053710
U42119,41624,1879.2035892453541,217271996
U42121,57565,1650.1394319123442,160567877
U42123,43863,1684.7451371081288,170194920
U42125,202897,1620.6902995483929,151893222
U42127,47722,2019.0893500065156,258932308
U42129,369993,1685.2269017183912,170302563
U42131,28080,1960.7398218510339,246182720
U42133,381751,1921.9516597274467,230306069
U44001,50648,2349.9489333416727,357851770
U44003,167090,2326.2313127888197,344029379
U44005,85433,2352.569182525741,358430982
U44007,621602,2323.8742707700144,341653487
U44009,123546,2326.294419970641,344196469
U45001,26167,1650.2939988821302,160625442
U45003,142552,1753.6696484007543,186227827
U45005,11211,1808.6134942946726,207738778
U45007,165740,1619.2968462875133,151340627
U45009,16658,1819.7920855073817,208912507
U45011,23478,1786.3400126323622,190545289
U45013,120937,1899.3310717050622,224932572
U45015,142651,1906.9550231961907,226596174
U45017,15185,1814.4810022369559,208438169
U45019,309969,1931.4224610237427,231250995
U45021,52537,1674.915903005605,167056799
U45023,34068,1729.4098392068595,179975403
U45025,42768,1813.6763165715129,208373096
U45027,32502,1860.1496160501265,213670151
U45029,38264,1872.991909847024,216395361
U45031,67394,1845.2421490105787,212337950
U45033,30722,1890.1929929289684,220066163
U45035,96413,1878.2468870121872,217156359
U45037,24595,1714.1093279606248,177114546
U45039,23454,1747.4282972650815,182641869
U45041,125761,1881.5452206489688,217451730
U45043,55797,1947.620977347294,238846306
U45045,379616,1620.8817307375962,152139527
U45047,66271,1680.02151061624,168600255
U45049,21386,1838.0472428246937,211848241
U45051,196629,1947.4443679385834,238649677
U45053,20678,1868.9264317483069,215791095
U45055,52647,1793.8328770814314,192368898
U45057,61351,1766.7499601803995,187893513
U45059,69567,1671.939377496749,166724765
U45061,20119,1830.8077473489434,210532640
U45063,216014,1762.9318061764116,187008107
U45065,9958,1679.6093948300804,168553485
U45067,35466,1907.1129745226867,226738825
U45069,28818,1854.797634090294,212920713
U45071,36108,1714.951260129821,177144478
U45073,66215,1573.0370537657273,144379078
U45075,91582,1826.168299182736,210185686
U45077,110757,1592.6653977500835,146837142
U45079,320677,1785.585105605424,189545463
U45081,19181,1720.3058685158326,177499986
U45083,253791,1649.6232183955387,160314086
U45085,104646,1833.161742172196,210900488
U45087,29881,1692.4901444379682,171677791
U45089,37217,1902.6219325759753,225755044
U45091,164614,1713.4640702141069,176927965
U46003,3058,363.34796072194587,3513635
U46005,17023,443.7394935605466,6524538
U46007,3574,351.3357490705448,2759678
U46009,7260,302.2880550167119,2109650
U46011,28220,479.7415061844786,9065309
U46013,35460,570.713494506718,12966019
U46015,5364,358.37192109997034,3395650
U46017,2032,392.76138493978505,3943089
U46019,9094,590.9110214807222,14808112
U46021,1782,587.8752418302686,14724560
U46023,9350,306.6407283009396,2132794
U46025,4143,501.77727054405125,9721472
U46027,13537,334.12460943142395,2492354
U46029,25897,526.7398507129096,11840970
U46031,4181,593.9780168983143,14965952
U46033,7275,485.9174626115871,9324167
U46035,18741,366.7437202372507,3533467
U46037,6267,558.8156697349965,12535402
U46039,4498,521.2802621547839,11605469
U46041,5972,528.6853907480358,11911227
U46043,3458,331.3346010437686,2467810
U46045,4367,544.7490880472377,12282648
U46047,7453,453.95782601720657,6918733
U46049,2640,506.41607991101756,10233430
U46051,7847,560.6152593024206,12550107
U46053,4792,296.655213655535,2031080
U46055,2196,455.8734107692382,6950487
U46057,5540,497.7584994740266,9652057
U46059,3741,449.4971662704475,6805647
U46061,3139,376.17405887758196,3647142
U46063,1353,654.4430084285674,17637180
U46065,16481,433.72471842347545,6445064
U46067,8075,342.3491937487257,2620769
U46069,1671,447.2988683558527,6732570
U46071,2930,396.42179247613,4071828
U46073,2295,399.7575508817883,4101581
U46075,1193,396.3882560738172,4070635
U46077,5815,455.5656000930495,6944672
U46079,11276,433.4590316964331,6433788
U46081,21802,558.4350978346422,12513600
U46083,24131,379.2152719463716,3747312
U46085,3895,377.48481604640887,3726705
U46087,5832,390.1119534974738,3883158
U46089,2904,586.1500422983969,14705894
U46091,4576,599.2662817980186,15054199
U46093,24253,529.5165195598472,11927768
U46095,2083,359.14841266382695,3401014
U46097,2884,416.5158518076031,4621256
U46099,148281,411.39506541888824,4326135
U46101,6595,449.07803457842675,6799052
U46103,88565,478.93606167411275,8976744
U46105,3363,605.8931638070565,15194692
U46107,2693,507.79653725806645,10763126
U46109,10016,602.0848933784013,15169371
U46111,2675,404.53689611231687,4302129
U46113,12466,408.3994732148491,4313669
U46115,7454,498.7021630552057,9657597
U46117,2772,447.4500797410746,6734241
U46119,1556,471.5621656234419,7834389
U46121,9050,318.4726860822521,2325405
U46123,6430,317.5323880312099,2318975
U46125,8849,362.383347431096,3479937
U46127,12584,344.5009499021503,2628844
U46129,5974,548.6020322900412,12354307
U46135,21652,323.6445168486606,2381238
U46137,2519,529.8832365615344,11952021
U47001,71330,1412.529879594963,118608287
U47003,37586,1262.0433632725726,91381055
U47005,16537,1105.1191893756618,68032584
U47007,12367,1356.8382722984354,106682137
U47009,105823,1455.245749631976,126729327
U47011,87965,1407.9102211900215,114923446
U47013,39854,1402.4667791910122,114623999
U47015,12826,1277.3571496914697,94266361
U47017,29475,1081.3901309195428,66331425
U47019,56742,1575.0589433428286,145091661
U47021,35912,1171.555378659506,76588852
U47023,15540,1102.8085781291854,67815935
U47025,29862,1439.0484001245802,121673125
U47027,7976,1282.6485355188463,94752554
U47029,33565,1509.7862592809415,134794198
U47031,48014,1293.2863394111348,96483283
U47033,14532,1038.5837597689444,60973787
U47035,46802,1355.5658520663687,106487025
U47037,569891,1201.1273324014542,79960047
U47039,11731,1129.1435871576593,70224559
U47041,17423,1286.6342593627687,95276802
U47043,43156,1156.4216704760665,74225999
U47045,37279,1004.0057664992338,55187828
U47047,28806,1057.3245289069803,64088853
U47049,16625,1340.384509535399,103683389
U47051,39270,1310.323940298165,98286960
U47053,48152,1043.0379730702734,61766005
U47055,29447,1235.1234589946334,85798416
U47057,20659,1461.3267290558847,127440582
U47059,62909,1520.1345980478409,137260641
U47061,14332,1326.918546742057,101196672
U47063,58128,1483.9635873377906,129565406
U47065,307896,1380.4993772911666,110771678
U47067,6786,1473.937963239644,128480016
U47069,28105,1086.986037647029,66594089
U47071,25578,1147.745924326799,72494978
U47073,53563,1501.3477850388706,133796690
U47075,19797,1041.5595128896034,61565849
U47077,25522,1104.740184867934,68007062
U47079,31115,1073.1721783444643,65587749
U47081,22295,1167.0752115091282,76218624
U47083,8088,1122.0494378327155,69651225
U47085,17929,1128.6071169415188,70167550
U47087,10984,1281.1702456639714,94631511
U47089,44294,1477.3253559165078,128800349
U47091,17499,1589.9710278148273,145957575
U47093,382032,1439.3605991668433,121759137
U47095,7954,980.8903714960287,48511236
U47097,27101,1004.7533987013538,55225107
U47099,39926,1206.3805076772255,80602280
U47101,11367,1180.7255421582222,77534956
U47103,31340,1272.7375258327006,93279256
U47105,39086,1420.9974187588498,119769983
U47107,49015,1412.515818287737,118559272
U47109,24653,1121.1100233606169,69626572
U47111,20386,1246.0110110812018,89879395
U47113,91837,1073.920930263162,65630683
U47115,27776,1349.197773899996,104104446
U47117,26767,1240.5483932182958,89440050
U47119,69498,1207.9102957001946,81314996
U47121,11086,1392.085737114017,113607897
U47123,38961,1440.99173184137,123520172
U47125,134768,1136.78190463695,71760921
U47127,5740,1282.4937410186146,94746814
U47129,19757,1375.357455209242,110448654
U47131,32450,1005.278667968952,55252208
U47133,20118,1313.32535617462,99159522
U47135,7631,1143.4910028890974,72442037
U47137,4945,1320.3702503550692,99979981
U47139,16050,1435.5880673342356,121426183
U47141,62315,1305.7976090791913,97644376
U47143,28400,1376.97822574157,110537048
U47145,51910,1398.7733626559436,114257691
U47147,54433,1176.4117900578724,77176167
U47149,182023,1247.3505818458311,89920464
U47151,21127,1373.081697888428,110282652
U47153,11370,1352.3889114438084,106381584
U47155,71170,1482.8013940208668,129362816
U47157,897472,1023.5361483467452,57763719
U47159,17712,1264.286675950599,91719230
U47161,12370,1098.748864766875,67542135
U47163,153048,1551.2396758360305,141411083
U47165,130449,1212.2663389021382,82446308
U47167,51271,1011.716213549322,55703830
U47169,7259,1240.316173049148,89432791
U47171,17667,1559.010581381453,142202266
U47173,17808,1434.2268372695846,121207237
U47175,5508,1331.1853762376074,102061996
U47177,38276,1306.8718306626192,98029391
U47179,107198,1544.1206695566252,140699120
U47181,16842,1172.825911103548,76973447
U47183,34895,1041.5880876253632,61585646
U47185,23102,1319.71668412932,99956879
U47187,126638,1206.671636634774,80730172
U47189,88809,1241.6601304976655,89540420
U48001,55109,1021.5479644002926,57492752
U48003,13004,957.1435370968634,44990672
U48005,80130,1116.9447186789394,69439141
U48007,22497,1398.3531988036618,114235194
U48009,8854,770.1388854436667,25601842
U48011,2148,640.895632768038,17012987
U48013,38628,1295.1962963734345,96644954
U48015,23590,1215.4127687065347,82925484
U48017,6594,778.4885377590535,26230381
U48019,17645,1196.9839025955243,79630783
U48021,57733,1173.6641048135923,77038163
U48023,4093,767.509944473386,25525019
U48025,32359,1354.4597245933471,106454666
U48027,237974,1067.958239852846,64830168
U48029,1392931,1233.6861830605992,84405485
U48031,8418,1143.8178291355039,72449668
U48033,729,883.1554570580007,36867556
U48035,17204,971.3098731317018,47670097
U48037,89306,902.1541604241377,40714469
U48039,241767,1312.9412587758602,98917755
U48041,152415,1131.8479040736202,71230620
U48043,8866,1240.9022921631981,89512926
U48045,1790,684.9973419191292,19444431
U48047,7976,1503.5297782200573,134420183
U48049,37674,974.2033225045247,47868600
U48051,16470,1142.8194859051432,72423293
U48053,34147,1087.3482940059705,66655783
U48055,32194,1198.3318754796908,79687672
U48057,20647,1367.161067257227,109565430
U48059,12905,914.6703254637129,41418198
U48061,335227,1613.072136097509,150725799
U48063,11549,926.7153144882176,42442755
U48065,6516,593.5713790305821,14959436
U48067,30438,940.6961671022635,44148584
U48069,8285,711.3273014901897,21908474
U48071,26031,1277.04826269435,94240330
U48073,46659,1037.0075931111674,60788909
U48075,7688,669.6796497121766,18642461
U48077,11006,756.0520659904275,25194450
U48079,3730,826.0986114120069,30274464
U48081,3864,967.2241364057211,47290227
U48083,9235,956.8363471646502,44981437
U48085,491675,852.3556640772795,32350467
U48087,3206,622.3230239757056,15908709
U48089,20390,1242.8065396733625,89706225
U48091,78021,1196.2073782832688,79527641
U48093,14026,955.7440249222421,44967411
U48095,3966,1023.8597487339947,58670995
U48097,36363,789.3073300335029,26740936
U48099,74978,1025.2203343546785,58711989
U48101,1904,718.7160030963146,22615308
U48103,3996,1048.6199414813282,61950377
U48105,4099,1104.703604824817,68002963
U48107,7072,786.3789802826119,26533791
U48109,2975,1108.6500671090898,68552635
U48111,6222,546.313859009591,12287015
U48113,2218899,893.1832488274275,38160231
U48115,14985,893.8820004235067,40398810
U48117,18561,680.9791042362937,19156828
U48119,5327,859.5188437513893,33150218
U48121,432976,838.2493455722649,31245671
U48123,20013,1285.3435066913748,95017760
U48125,2762,777.3457755648404,26178354
U48127,10248,1345.4799751053522,104043174
U48129,3828,630.8646665830156,16491546
U48131,13120,1430.0978029263872,120738156
U48133,18297,912.593289765304,41278295
U48135,121123,1002.392398662003,54985820
U48137,2162,1174.140088339602,77115059
U48139,111360,938.0186327376277,43894107
U48141,679622,1149.8230111746507,72570152
U48143,33001,926.8530146200075,42454304
U48145,18576,1054.1699476106364,63087329
U48147,31242,823.9834488006171,30230887
U48149,21804,1204.5366378397548,80580476
U48151,4344,869.4555324248178,33676912
U48153,7771,735.9551846962397,23937773
U48155,1622,727.7369333047825,22989719
U48157,354452,1266.1250388872431,91882755
U48159,9458,897.2520113548194,40670761
U48161,17867,1023.1299713031581,57698480
U48163,16252,1295.7888324411124,96899444
U48165,14467,911.0118472977987,41263828
U48167,250158,1320.7902120962378,99984926
U48169,4872,832.7895099013039,30650011
U48171,20814,1134.2085391401697,71451828
U48173,1406,980.4874868724539,48509830
U48175,6928,1330.958686938575,102055068
U48177,18628,1241.2447004199914,89521792
U48179,22744,582.0008916541807,14599649
U48181,110595,803.8642012759791,28742385
U48183,111379,982.5728343024933,48530050
U48185,23552,1151.3983538500474,73265772
U48187,89023,1223.2652619821058,83759144
U48189,36602,748.3133956759053,24763728
U48191,3782,682.2449058981448,19298196
U48193,8229,986.7163656184097,48743187
U48195,5369,501.6631019275697,9716103
U48197,4724,693.2186247086839,19684779
U48199,48073,1220.2248931402783,83509353
U48201,3400578,1240.0871767281033,86000999
U48203,62110,993.4488280010415,49171166
U48205,5537,590.64311505843,14802575
U48207,6093,816.979407621912,29866097
U48209,97589,1169.5872113325747,76246385
U48211,3351,528.40430604261,11907876
U48213,73277,976.7852276402092,48030602
U48215,569463,1574.6298042291992,144522198
U48217,32321,970.8726078244231,47637776
U48219,22716,811.510719549124,29090652
U48221,41100,910.3536759803934,41222728
U48223,31960,887.7199320630269,37015134
U48225,23185,1083.4176739645159,66398555
U48227,33627,931.3595721504623,43203577
U48229,3344,1141.9033156448932,72411389
U48231,76596,873.7375948454572,33897693
U48233,23857,547.8279249509711,12293237
U48235,1771,1034.4791891066604,60672083
U48237,8763,817.5969301039596,29960902
U48239,14391,1310.7711853229416,98326230
U48241,35604,1189.4482649894187,78733985
U48243,2207,1182.516231450739,78130999
U48245,252051,1277.9896400093542,94297682
U48247,5281,1500.2514197173268,133085282
U48249,39326,1426.941457233221,120103431
U48251,126811,923.2385010332965,41925331
U48253,20785,865.5598295475788,33452000
U48255,15446,1298.8927358935464,97291257
U48257,71313,923.4983281349337,42129022
U48259,23743,1177.5952840454227,77327686
U48261,414,1524.818664003713,137739721
U48263,859,824.4353623474135,30262129
U48265,43653,1163.7526156659926,74837620
U48267,4468,1116.8239542548508,69434673
U48269,356,771.363669726167,25610696
U48271,3379,1245.749391338457,89876016
U48273,31549,1463.4269707090589,127603187
U48275,4253,768.0453188749186,25529112
U48277,48499,834.170445081607,30710078
U48279,14709,762.7944598951461,25428974
U48281,17762,1041.9116072219506,61742057
U48283,5866,1353.440023509655,106392954
U48285,19210,1258.7716758972615,91086475
U48287,15657,1155.0781906851266,74169007
U48289,15335,1069.9041334522867,65297449
U48291,70154,1224.0008517882434,83848167
U48293,22051,1029.0312832199481,60170433
U48295,3057,477.19431613125596,8969612
U48297,12309,1358.1363437033042,106735413
U48299,17044,1092.9702612667415,67216586
U48301,67,1033.7954144460648,60579589
U48303,242628,797.2446753833852,28111130
U48305,6550,843.8643365904998,31810417
U48307,8205,1035.658361873679,60709960
U48309,213517,1016.8147338517194,56396185
U48311,851,1351.4993808376353,104524530
U48313,12940,1107.3139673932906,68519184
U48315,10941,969.1187460798956,47575932
U48317,4746,940.9112219480565,44198764
U48319,3738,1091.6269174771423,67137283
U48321,37957,1341.5144554241658,103700014
U48323,47297,1311.9023490943694,98663516
U48325,39304,1241.915326511416,89629229
U48327,2360,1072.2039532695949,65512279
U48329,116009,989.7903705941667,48788192
U48331,24238,1103.528358826472,67831475
U48333,5151,1006.1021998175858,55284658
U48335,9698,923.4924288493734,42119324
U48337,19117,775.271064683066,26056726
U48339,293768,1189.569997861525,78804255
U48341,20121,564.0508599360842,12665902
U48343,13048,922.0170424353395,41856305
U48345,1426,728.7049124553151,23123005
U48347,59203,1078.543360570231,66139387
U48349,45124,977.6573357051738,48246967
U48351,15072,1196.6343549253322,79605662
U48353,15802,917.0011865460016,41752805
U48355,313645,1431.638059462777,120764646
U48357,9006,487.08489931023075,9331442
U48359,2185,633.8692748291687,16550998
U48361,84966,1259.1995409403705,91198226
U48363,27026,869.0374098547171,33649886
U48365,22756,1034.8917552128821,60677180
U48367,88495,872.5656098540086,33750403
U48369,10016,729.1326538711189,23124431
U48371,16809,1124.3544603923228,69888820
U48373,41133,1158.1106063772102,74269155
U48375,113546,609.5273980417618,15254441
U48377,7304,1248.9102966808775,90419723
U48379,9139,909.1544313856156,41121309
U48381,104312,655.3222287142663,17638533
U48383,3326,1034.4858854614076,60673854
U48385,3047,1189.9734176059528,79112071
U48387,14314,858.8289370229905,33049921
U48389,13137,1094.814581577637,67287000
U48391,7828,1372.8536680022607,110255170
U48393,887,534.7747276380768,11997895
U48395,16000,1087.2637922571482,66639783
U48397,43080,889.3701108496837,37199470
U48399,11495,967.1272055790816,47278732
U48401,47372,1023.3729012743236,57716347
U48403,10469,1135.7399898164485,71500333
U48405,8946,1119.7521911282652,69558653
U48407,22246,1170.253280541896,76408608
U48409,67138,1401.5842150655565,114501845
U48411,6186,1042.5940504728067,61759819
U48413,2935,1074.800693133064,65735790
U48415,16361,874.8254077846699,33974289
U48417,3302,864.561303424148,33430503
U48419,25224,1079.093313868613,66198590
U48421,3186,518.9160425240691,11602283
U48423,174706,977.7594399064532,48292091
U48425,6809,934.565503257674,43447908
U48427,53597,1555.196199604971,142045497
U48429,9674,867.3825664491467,33521367
U48431,1393,976.7614958223951,48029209
U48433,1693,819.5349300678521,29994413
U48435,4077,1116.5432779731195,69430596
U48437,8378,696.642162675119,21350911
U48439,1446219,881.7692951079879,35421337
U48441,126555,915.4194304968714,41431103
U48443,1081,1169.0019711850655,76240919
U48445,12761,857.5487443990562,32962343
U48447,1850,817.2551698483029,29907456
U48449,28118,902.8485297603268,40892744
U48451,104010,1018.2516643503352,57284065
U48453,812280,1153.5634406159916,73356727
U48455,13779,1116.368763772323,69416817
U48457,20871,1174.9610926289524,77155296
U48459,35291,952.4409081913423,44776634
U48461,3404,1046.2771855931287,61907717
U48463,25926,1242.4207688507329,89668533
U48465,44856,1192.9818240753702,79295868
U48467,48140,940.6275964522883,44100444
U48469,84088,1322.35990849262,100465412
U48471,61758,1140.7483301447394,72077965
U48473,32663,1208.6297877441655,81485265
U48475,10909,1054.9858887062621,63132461
U48477,30373,1177.388085049246,77262404
U48479,193117,1417.7321485302175,119283324
U48481,41188,1282.8876692014676,94760530
U48483,5284,574.7256714996133,13167576
U48485,131664,728.3645167612394,22991341
U48487,14676,715.5217585572695,22036745
U48489,20082,1570.1628424524336,143695663
U48491,249967,1109.5063876209726,68774952
U48493,32408,1267.2813156456887,92237207
U48495,7173,1019.8217891771004,57416464
U48497,48793,826.4707663185,30278194
U48499,36752,931.794244317046,43253026
U48501,7322,871.4661065298005,33725448
U48503,17943,820.9393051827348,30045125
U48505,12182,1503.9017241336328,134431936
U48507,11600,1296.415763790823,96915696
U49001,6005,1210.9375810550505,82431101
U49003,42745,1149.3755961554805,72527407
U49005,91391,1041.6716124407171,61620541
U49007,20422,955.6279980051903,44946989
U49009,921,852.1351841875047,32317164
U49011,238994,1078.3508054843646,65900393
U49013,14371,933.4200155796743,43329823
U49015,10860,981.1192598280605,48519190
U49017,4735,1079.6389827443668,66258738
U49019,8485,885.7242701802296,36974361
U49021,33779,1230.6099265838536,84199338
U49023,8238,1141.2409312860214,72403151
U49025,6046,1131.9161064404682,71383035
U49027,12405,1215.390885679105,82913079
U49029,7129,1025.9257076253448,58786967
U49031,1435,1118.6288126258708,69519271
U49033,1961,999.1602504895951,54908331
U49035,898387,1056.5217363592499,63190466
U49037,14413,951.893731149449,44759979
U49039,22763,1044.0446254997773,61814157
U49041,18842,1079.8145577174544,66263473
U49043,29736,975.1593661465904,47914845
U49045,40735,1159.1933530329388,74328936
U49047,25224,858.0990343360694,32975104
U49049,368536,1040.022356432881,60995623
U49051,15215,994.8048234312708,49233276
U49053,90354,1270.0677009788442,92819406
U49055,2509,1026.04725674165,58794096
U49057,196533,1050.8801421489902,62016671
U50001,35974,2187.083690907661,312782944
U50003,36994,2190.000770382318,313031827
U50005,29702,2270.2419672712813,330958975
U50007,146571,2194.1830606723656,313360573
U50009,6459,2301.1669232098225,335874970
U50011,45417,2209.0662864236283,314188220
U50013,6901,2177.8718801276664,310156340
U50015,23233,2229.0607877412886,318622277
U50017,28226,2248.775336459919,327834671
U50019,26277,2260.6984399270746,328958229
U50021,63400,2194.9606456009674,313558969
U50023,58039,2230.148677889473,319548634
U50025,44216,2222.2527028072022,317306240
U50027,57418,2230.946226342742,319931604
U51001,38305,2056.6309996180294,270475399
U51003,79236,1812.5697073159224,208158102
U51005,12926,1696.859441988887,174426013
U51007,11400,1883.1853744831394,217885624
U51009,31894,1774.4689531386075,188385863
U51011,13705,1811.3828162014495,207986063
U51013,189453,1912.5562333374178,227495906
U51015,65615,1758.2753191935744,186705882
U51017,5048,1711.6128191068763,176736867
U51019,60371,1752.9448662574384,183325031
U51021,6871,1625.0557956043397,152919740
U51023,30496,1721.5249473473627,177519167
U51025,18419,1912.6466067705467,227685359
U51027,26978,1543.642539838949,140672142
U51029,15623,1828.4795207311627,210470453
U51031,51078,1792.8714005231918,191342343
U51033,22121,1913.9235173111028,227746011
U51035,29245,1673.2694977322324,166850044
U51036,6926,1959.9256427815708,245691674
U51037,12472,1836.2791724833107,211277183
U51041,259903,1914.4727798401095,227913754
U51043,12652,1831.673175417898,210668126
U51045,5091,1688.2588089824396,171219867
U51047,34262,1850.1416490663821,212750679
U51049,9017,1853.5396004811323,212876213
U51051,16395,1522.4191140170942,137432616
U51053,24533,1920.6107603568612,229899481
U51057,9989,1951.292597526479,239861857
U51059,969749,1898.8151673023483,222669337
U51061,55139,1854.9098168237647,212949531
U51063,13874,1697.3806485417233,174454414
U51065,20047,1841.1078622637003,211998733
U51067,47286,1734.2721444554843,180611893
U51069,59209,1806.7441905972667,207207549
U51071,16657,1652.9215389805402,162877845
U51073,34780,2003.353956479329,256018188
U51075,16863,1875.6503354701135,216892267
U51077,17917,1634.6985196772418,154528657
U51079,15244,1811.7959644532298,207999768
U51081,11560,1941.0396993381921,235119764
U51083,37355,1821.8816911994713,209757485
U51085,86320,1910.3005862021964,227313404
U51087,262300,1936.6375383365737,233274266
U51089,57930,1740.115156123387,181438788
U51091,2536,1717.3739584689467,177287309
U51093,29728,2004.8824228631051,256260323
U51095,48102,1984.4318690100354,252759843
U51097,6630,1962.206779530697,247040451
U51099,16803,1922.9259589660253,230687820
U51101,13146,1945.6975730293852,236899497
U51103,11567,2003.1323369227769,255573120
U51105,23589,1474.4221552882263,128517871
U51107,169599,1862.3011533002411,214355354
U51109,25627,1864.3444997888525,214601961
U51111,13146,1873.9898778766299,216433625
U51113,12520,1825.013566927968,210154005
U51115,9207,2024.1631007482863,260438148
U51117,32380,1872.7679253886963,216149307
U51119,9932,1996.4575249109205,254086859
U51121,83629,1685.4507053950495,170672556
U51125,14445,1792.1022552477841,191197444
U51127,13462,1960.574298238061,246169258
U51131,13093,2057.3203562601834,270528318
U51133,12259,2001.288839256425,255327621
U51135,15725,1883.053523153592,217869899
U51137,25881,1852.0286308853815,212850332
U51139,23177,1801.3914801030073,195575982
U51141,19407,1712.7440201352438,176908558
U51143,61745,1781.2990784755075,189223646
U51145,22377,1881.2914092051083,217429353
U51147,19720,1848.1686466740236,212510875
U51149,33047,1951.6598836345836,239871846
U51153,280813,1884.9318216074737,218025730
U51155,35127,1662.086413119709,166268147
U51157,6983,1827.0487298264254,210454743
U51159,8809,1969.055938295756,249932778
U51161,85778,1696.5742250858966,174340235
U51163,20808,1743.3597804433675,182071321
U51165,67725,1771.6941464878687,188075239
U51167,30308,1551.270847930476,141564131
U51169,23403,1516.8593891098153,135676372
U51171,35075,1788.5440716763155,190742962
U51173,33081,1601.1962730745156,147644641
U51175,17482,1977.9942837249396,251230997
U51177,90395,1883.8496639126056,217932159
U51179,92446,1893.9990136589122,221561421
U51181,6829,1982.7192911920595,251864558
U51183,12504,1957.4439795934234,242172622
U51185,44598,1588.6293486853294,145634194
U51187,31584,1818.3151838516135,208870428
U51191,51103,1570.6411519182357,143726088
U51193,16718,1957.981471571865,242185126
U51195,40123,1505.8454827634164,134572052
U51197,27599,1637.0248332672052,155144755
U51199,56297,2020.2071942583177,259747617
U51510,128283,1915.5990650061112,228234819
U51515,6299,1752.6725936185553,183261713
U51520,17367,1558.6306510052748,142184899
U51530,6349,1753.655457257433,186221478
U51540,45049,1817.928512375492,208825379
U51550,199184,2047.0641760762912,265832679
U51560,4289,1711.4812251381854,176704338
U51570,16897,1934.3111551227018,232389989
U51580,6303,1699.0812107821785,174692682
U51590,48411,1789.5016424925511,190896954
U51595,5665,1942.4948638267076,235268674
U51600,21498,1896.4042184805728,221774498
U51610,10377,1906.1774092649514,226557303
U51620,8346,1993.0041449506725,253463036
U51630,19279,1894.9174068092113,221664149
U51640,6837,1660.294282812642,166114403
U51650,146437,2034.3967438835027,263506962
U51660,40468,1773.8752910498774,188345395
U51670,22354,1941.591339006603,235246320
U51678,6867,1744.6545651005674,182157614
U51680,65269,1778.018923504179,188984239
U51683,35135,1883.305960015339,217897024
U51685,10290,1885.8173102160756,219025414
U51690,15416,1747.4947682594436,182665323
U51700,180150,2014.4762323452878,258284747
U51710,234403,2043.1762866946221,264857648
U51720,3904,1507.1496549937426,134612175
U51730,33740,1936.6074794876863,233240526
U51735,11566,2031.1023091558536,262737414
U51740,100565,2035.998243730679,263842512
U51750,15859,1673.161505023202,166834185
U51760,197790,1918.7625179881595,228691617
U51770,94911,1717.8935973258433,177289845
U51775,24747,1709.5000318388286,176317700
U51790,23853,1765.7532028520095,187579357
U51800,63677,2018.3514474064634,258868631
U51810,425257,2066.881834429256,272150281
U51820,19520,1781.911444923747,189341520
U51830,11998,1992.3093521318535,253156330
U51840,23585,1814.7932316566043,208453354
U53001,16428,1691.6789034445444,171578302
U53003,20551,1568.68847823265,143518259
U53005,142475,1739.7027144160868,181243856
U53007,66616,1870.4130210516607,215905538
U53009,64525,2115.019748047015,284732642
U53011,345238,1954.1680445525187,240120641
U53013,4064,1622.6087236718997,152854736
U53015,92948,1975.094726111669,250794019
U53017,32603,1800.6675902967631,195480792
U53019,7260,1746.9702443732874,182634609
U53021,49347,1703.4180921944699,174939448
U53023,2397,1599.611558875322,147470709
U53025,74698,1766.137269452895,187818815
U53027,67194,2082.9871477260253,275015241
U53029,71558,2026.1191553308397,261095587
U53031,25953,2077.01549383067,274710818
U53033,1737034,1945.8488952941477,236912643
U53035,231969,2009.2959896029836,256713646
U53037,33362,1850.9005363271938,212816970
U53039,19161,1825.9914433522174,210166525
U53041,68600,1962.2802336668235,247047081
U53043,10184,1704.777540113375,175237208
U53045,49405,2039.9037463090046,264571031
U53047,39564,1831.8003625120457,210680778
U53049,20984,2067.267383022614,272575538
U53051,11732,1665.657083770931,166664221
U53053,700820,1956.1891080457008,241276962
U53055,14077,2067.6227690597525,272596522
U53057,102979,1976.7917766284525,250929205
U53059,9872,1918.3480242129172,228543139
U53061,606024,1958.4783221817916,242201844
U53063,417939,1635.5280906368732,154691580
U53065,40066,1700.1067012987237,174863034
U53067,207355,2004.150060821462,256052968
U53069,3824,2035.2120978734395,263721868
U53071,55180,1663.4203289974948,166321285
U53073,166814,1990.713841149042,252930714
U53075,40740,1615.4501091261097,151096403
U53077,222581,1836.978150985643,211421578
U54001,15557,1661.6722895405662,166252590
U54003,75905,1820.9174891449527,208929165
U54005,25535,1545.8817559633492,140854789
U54007,14702,1609.97781831742,150628188
U54009,25447,1592.1583454249703,146811695
U54011,96784,1489.6391564441103,131747427
U54013,7582,1573.9347873584393,144514616
U54015,10330,1586.6294622930316,145553353
U54017,7403,1599.4567222315716,147463306
U54019,47579,1598.5217629474273,147412781
U54021,7160,1594.7161777990082,147049388
U54023,11299,1730.210355047902,180209246
U54025,34453,1655.3595885662282,165490042
U54027,20203,1774.9917029541386,188420587
U54029,32667,1589.7476880026275,145924908
U54031,12669,1762.09518815899,186995438
U54033,68652,1625.7212385530725,153000930
U54035,28000,1526.6470080276454,138007702
U54037,42190,1838.342623415355,211869627
U54039,200073,1552.9620703486416,141781365
U54041,16919,1622.933271394448,152858800
U54043,22108,1510.7202271288302,134827763
U54045,37710,1532.7016018475874,138561194
U54047,27329,1571.435521809003,143804486
U54049,56598,1633.2157658091483,154375120
U54051,35519,1590.7295554198186,145992910
U54053,25957,1499.207439111921,132955669
U54055,62980,1617.0442539860067,151237964
U54057,27078,1743.9314883493491,182092129
U54059,28253,1517.9004227101839,135779832
U54061,81866,1646.3476396403662,159570533
U54063,14583,1659.065770376641,165716450
U54065,14943,1799.9809110679214,195465849
U54067,26562,1615.2998382923324,151069841
U54069,47427,1591.1178483431613,146028429
U54071,8196,1728.4886653559133,179271753
U54073,7514,1558.3871894065715,142173886
U54075,9131,1680.5070151542645,168666526
U54077,29334,1682.478114022891,169452547
U54079,51589,1515.6398638068877,135624783
U54081,79220,1591.8035324530088,146732475
U54083,28262,1680.9751374622172,168675657
U54085,10343,1570.4343807264495,143715745
U54087,15446,1556.2210970915028,142136860
U54089,12999,1629.6326345075709,154242465
U54091,16089,1653.4919165691526,165031128
U54093,7321,1699.2458262564096,174698985
U54095,9592,1580.2411347790498,145343422
U54097,23404,1647.29987683113,159652399
U54099,42903,1482.6518691565284,129319913
U54101,9719,1640.80223625865,157946151
U54103,17693,1598.4448364292373,147395088
U54105,5873,1547.1679163406932,140928766
U54107,87986,1531.6689985019943,138458540
U54109,25708,1573.0771884273804,144445293
U55001,18643,881.2141059249914,35270046
U55003,16866,971.9031898294553,47687301
U55005,44963,822.4115902234582,30124000
U55007,15013,949.1548273717272,44460858
U55009,226778,1032.962608045515,60352811
U55011,13804,760.7734612373005,25384919
U55013,15674,823.8497504333752,30215213
U55015,40631,1001.5178776610102,54932956
U55017,55195,833.5905898665641,30654883
U55019,33557,858.5044873366801,33016364
U55021,52468,894.7470944975361,40527596
U55023,17243,762.8998371357993,25443683
U55025,426526,874.9509512879469,33990650
U55027,85897,941.407142228495,44229124
U55029,27961,1124.1002580085556,69860859
U55031,43287,896.5166244235324,40626613
U55033,39858,786.3851123173798,26540863
U55035,93142,812.3801618122799,29113368
U55037,5088,1070.2891399600185,65312784
U55039,97296,968.6038390612023,47478636
U55041,10024,1035.078978213703,60699936
U55043,49597,768.9842179532394,25545032
U55045,33647,849.3882473657148,32283517
U55047,19105,931.24594224617,42780353
U55049,22780,816.9812857856457,29872190
U55051,6861,980.4386437304429,48502969
U55053,19100,822.8313785524223,30168963
U55055,74021,924.0679330462898,42200335
U55057,24316,853.8563381053684,32860028
U55059,149577,1022.5150720891993,57548903
U55061,20187,1096.0380384453313,67361379
U55063,107120,780.0413368896433,26310609
U55065,16137,807.095343258159,28959237
U55067,20740,992.8921567825641,49150426
U55069,29641,951.4306856725312,44730338
U55071,82887,1070.4937142307808,65317872
U55073,125834,926.136536135483,42316921
U55075,43384,1072.2768479932115,65514639
U55077,15832,901.8539454612669,40698637
U55078,4562,1007.1551269867883,55300867
U55079,940164,1026.6746968570408,58985436
U55081,40899,817.3922404569586,29920003
U55083,35634,1040.3284521283283,61512974
U55085,36776,986.9637992092956,48751416
U55087,160971,996.0484194942671,54660097
U55089,82317,1033.8831831513166,60589766
U55091,7213,770.0163145302549,25594629
U55093,36804,738.1594237800462,24021017
U55095,41319,788.9738027486371,26699617
U55097,67182,923.3977916222942,42052142
U55099,15822,931.5688792430989,43237204
U55101,188831,1026.5240289847698,58796605
U55103,17924,806.9012484548649,28941313
U55105,152307,891.5358643258563,37496017
U55107,15347,869.0209887721071,33634539
U55109,63155,757.6488427853808,25238135
U55111,55225,846.3064479776497,32164801
U55113,16196,894.9928739120588,40610417
U55115,40664,991.378639219176,49037598
U55117,112646,1026.8454796606677,59925600
U55119,19680,893.2537099778841,40379130
U55121,27010,783.1586367575603,26432725
U55123,28056,787.5293927979776,26604065
U55125,21033,1009.7154188458312,55325881
U55127,93759,934.2235663056532,43354149
U55129,16036,858.4912550561497,33000328
U55131,117493,977.1024909909628,48103879
U55133,360767,961.1684846548137,46084781
U55135,51731,961.8877923921502,46646076
U55137,23154,926.0942540467853,42293767
U55139,156763,967.5506570664772,47294091
U55141,75555,884.0297646136844,36868285
U56001,32014,544.4827845338025,12250634
U56003,11461,832.6235371346195,30638550
U56005,33698,652.8421097303835,17592988
U56007,15639,644.2199032529558,17109915
U56009,12052,575.1187537912477,13736159
U56011,5887,619.4523538789988,15842249
U56013,35804,812.9815371647572,29554699
U56015,12538,448.780505069495,6786514
U56017,4882,825.2163922230468,30269582
U56019,7075,709.0044541056725,21848152
U56021,81607,449.96198818996936,6809388
U56023,14573,959.2911531424118,46053870
U56025,66533,668.725839861689,18575928
U56027,2407,506.2204643011209,10231023
U56029,25786,944.2280857756214,44339068
U56031,8807,497.35570260136933,9629670
U56033,26560,773.3943093517123,25947421
U56035,5920,908.0751699054099,41094904
U56037,37613,803.5322189788886,28704772
U56039,18251,999.4646134304342,54910292
U56041,19742,940.8351768261701,44179022
U56043,8289,776.2804414055311,26170065
U56045,6644,563.9763837010564,12651191