uid,population,distance,radiusPopulation
C1001,242875,2536.0034078028284,279842427
C1002,24371,2457.889324370952,269461298
C1003,19370,2335.835417063942,255684366
C1004,22162,2265.6652166229455,253323045
C1005,40466,2377.8411619761414,259252886
C1006,36208,2420.9568627598155,263619186
C1007,37335,2642.5004178716745,316139817
C1008,42188,2571.4481625716226,288773481
C1009,20091,2614.5382192530055,309128215
C1010,27864,2620.126919204474,310038681
C1101,19180,1882.1750154255396,235070335
C1102,71619,1844.8806744170483,234213445
C1103,44495,1822.8714616908421,232039933
C1201,16231,1553.822819574737,220656912
C1202,26843,1527.4204725103032,215816593
C1203,19548,1549.6319075108104,220532327
C1204,11723,1600.637725886576,224651575
C1205,21773,1617.6541850639028,225593492
C1206,47591,1654.1951753032959,226523616
C1207,58866,1670.9846662371474,227260656
C1208,40513,1724.2099763292267,229219464
C1209,359183,1759.7902654008944,230039305
C1210,49307,1781.0182950071708,231181907
C1211,32605,1744.6310646111158,229707026
C1212,46965,1835.367140549305,233659884
C1213,9827,1877.7754021769995,234953896
C1214,19578,1885.6562382516995,235112678
C1215,19937,1980.9405688155266,238536969
C1216,10225,1980.0984620363895,238523991
C1217,109330,2035.6550801614671,241800249
C1218,7962,2042.2371316344427,242056915
C1301,76407,1590.852157966599,224123365
C1302,27366,1509.5453407939344,212869381
C1303,25776,1617.9032227759985,225615265
C1304,11862,1630.4541137081019,226020024
C1305,64208,1632.5180713662353,226064662
C1306,26749,1704.9164973859076,227977767
C1307,124688,1732.9648547340582,229507812
C1308,31383,1716.5046780594623,229050646
C1309,50817,1711.8415085192041,228100963
C1310,87212,1593.0107590631808,224209387
C1311,27184,1578.7076831566028,223124161
C1312,21172,1624.6660996100316,225888822
C1313,35611,1611.664213842574,225272726
C1314,36134,1727.6849754611435,229281153
C1315,82929,1866.785626122024,234568220
C2401,12824,1988.6346574933743,239385466
C2402,19298,1936.2609469530937,236854217
C2403,18545,1936.5503235092174,236873515
C2404,12722,1873.1405877286115,234901022
C2405,18267,1815.345960288462,231609118
C2406,15268,1756.6949668898726,229950126
C2407,19920,1723.4067395500604,229199544
C2408,22507,1769.7766992254612,230524626
C2409,19326,1724.3822533061611,229259977
C2410,52289,1681.8757948272214,227411770
C2411,9848,1633.005386449585,226128870
C2412,31826,1588.1097610634067,223599446
C2413,22420,1600.8735012213322,224663298
C2414,22494,1549.2324841935645,220509833
C2415,16624,1558.299527741278,220785443
C2416,13166,1513.35296957351,212947453
C2417,19368,1486.240013719875,210327821
C2418,23438,1465.7817664141744,209259131
C2419,29570,1436.718378167101,205238176
C2420,6779,1448.1884137077548,206781589
C2421,20984,1471.8147041814555,209446214
C2422,26459,1423.892786420187,204731107
C2423,509950,1418.366235662216,204110250
C2424,51855,1419.426122041051,204620200
C2425,78808,1407.3213576661183,203349795
C2426,25850,1399.2526194645277,202772053
C2427,18771,1389.1152411349763,202439411
C2428,17745,1414.3081998385162,204045846
C2429,47873,1380.5047055082662,202192533
C2430,21830,1330.2520150842963,199047100
C2431,43247,1359.261370061617,200567894
C2432,24021,1345.9334161187312,200027172
C2433,26851,1370.763894622095,201152519
C2434,44955,1379.961847898887,202147578
C2435,12809,1359.4787068730755,200611141
C2436,64841,1331.7734960458313,199110404
C2437,138355,1339.0645562363602,199813610
C2438,19088,1324.4887044288334,198833077
C2439,64089,1305.513712136796,197805526
C2440,14535,1294.8782288362258,197157174
C2441,21394,1298.9789711177173,197309170
C2442,28176,1264.043012661451,194466143
C2443,141212,1254.0619986484135,193845239
C2444,16595,1245.6632684223175,193210806
C2445,41871,1234.014293006995,191899090
C2446,46165,1197.451200573453,188616459
C2447,79175,1224.5238302316313,191214454
C2448,15167,1251.151174181999,193754686
C2449,87808,1276.093410798619,195664916
C2450,23496,1298.4796525041754,197251232
C2451,23401,1300.3515706756907,197416562
C2452,38347,1273.326524403157,195335197
C2453,50066,1264.8327145197957,194494319
C2454,78917,1236.2381912649357,191961701
C2455,29980,1213.355274148227,189439855
C2456,100753,1188.5297465718802,187999176
C2457,119993,1221.875970252188,190553095
C2458,311838,1336.6735029477288,199371028
C2459,100263,1219.0611424146325,190031645
C2460,103977,1232.7305439183046,191628529
C2461,54167,1252.052250235514,193782222
C2462,43177,1304.691775126908,197730914
C2463,38740,1231.2350046465394,191540025
C2464,110087,1219.4442387731222,190131908
C2465,343005,1197.7302429517613,188662624
C2466,1812723,1185.5352347882601,186043853
C2467,138172,1182.5151937136748,185820291
C2468,22820,1162.9790022135824,182557606
C2469,21851,1132.4114399409611,179595282
C2470,59137,1160.248889556726,182388878
C2471,102100,1158.3678082068286,182165779
C2472,81417,1188.0103969381787,187900908
C2473,130514,1201.319459205272,189070041
C2474,27330,1195.394019325483,188534796
C2475,90419,1209.314118282887,189230556
C2476,28931,1185.1445721057448,186014922
C2477,30866,1213.0854125863711,189408989
C2478,38433,1224.5555809260368,191293629
C2479,33456,1282.6976287605405,195999530
C2480,20367,1179.0731932573012,185623505
C2481,226696,1116.8952374088528,177740148
C2482,35188,1131.9992792219102,179560094
C2483,18730,1244.332312016335,192501762
C2484,14565,1111.4045571041054,176937974
C2485,17504,1272.5201819305144,194927713
C2486,39621,1349.8129945355474,200125895
C2487,21984,1408.1100502070487,203428603
C2488,24613,1398.243438404118,202647533
C2489,42375,1386.3912100176065,202366084
C2490,15862,1438.087324626825,206053548
C2491,32839,1509.9959946051315,212896747
C2492,26900,1580.7812661870869,223190113
C2493,51760,1551.2856828228587,220574966
C2494,166780,1614.371390470642,225417863
C2495,12894,1721.6170660254022,229163057
C2496,33620,1771.583941265403,230576352
C2497,38931,2059.6928546162117,242385350
C2498,12321,2157.9801532629713,246407000
C2499,38575,1947.5854980695353,237220742
C3501,109522,1111.215416787232,176805672
C3502,76446,1134.8537138767126,179670289
C3506,774072,1089.4516377248638,172128865
C3507,96606,1025.8415737430657,161617643
C3509,62495,1048.9891112461225,163905138
C3510,138606,998.6624002743041,157274627
C3511,39461,991.3659927840255,156779230
C3512,125915,983.6343439678564,156331019
C3513,24901,919.1030755579133,145013090
C3514,77497,891.1185275955869,139323146
C3515,125856,947.1017553080345,151315459
C3516,69179,943.4105062791691,150848078
C3518,506901,877.631908829464,136298750
C3519,729254,876.7807032942995,130192755
C3520,2481494,843.5156292916246,118612457
C3521,988948,839.5589479793539,116681866
C3522,51013,878.9783417424018,136856517
C3523,187313,844.6692509023477,121245783
C3524,375229,815.7025732256228,112267929
C3525,490268,791.6957315242217,107041624
C3526,410574,775.351745644028,98423379
C3528,104670,738.6498694497752,86442792
C3529,118485,774.3467181601768,98291467
C3530,438515,812.4166730582996,111562565
C3531,73675,819.3919312140082,113867803
C3532,99270,781.427381735128,103128243
C3534,81553,724.164494221763,83570771
C3536,107709,673.3293630100761,75415182
C3537,374975,692.7076522852551,77181415
C3538,126971,775.7825123202833,98833953
C3539,403185,756.1005734932696,90716779
C3540,59701,836.8882162417989,116321137
C3541,63892,942.7217487674975,150784186
C3542,89073,924.0120832790021,145326398
C3543,377050,927.3335904378832,145968308
C3544,53106,1008.1880263203523,158883876
C3546,15085,1018.6646418908459,161270099
C3547,95138,1094.3473685644105,173073512
C3548,82910,1118.8433371713973,178087367
C3549,39665,1063.5486824508973,168080621
C3551,12679,1076.373032603168,170960605
C3552,22894,1261.922152709083,194424270
C3553,155268,1156.3759518735278,181977476
C3554,34442,1298.5856816254916,197274728
C3556,85247,1602.9473680221274,224723413
C3557,118567,1322.14914424897,198415833
C3558,150860,1578.484862702024,222973301
C3559,22109,1714.9171381841606,229002579
C3560,61802,2078.4476267978166,242814779
C4601,16432,1939.225725411431,236900992
C4602,50869,1972.7497989619264,238355179
C4603,42184,2007.0111898898174,239676422
C4604,9942,2068.9836938222365,242658367
C4605,13848,2160.6288940226427,246433333
C4606,10110,2223.154563259006,252119676
C4607,57148,2167.0452257097127,246547850
C4608,14603,2131.76248081152,245318845
C4609,23322,2085.714216310993,243026912
C4610,9464,2027.2735854411824,241445268
C4611,621451,2023.0814021658425,240746735
C4612,19251,1993.4882856766865,239407867
C4613,42183,2032.1172987897887,241591194
C4614,17589,2060.7391830672777,242469325
C4615,21914,2234.633142501109,252422599
C4616,10341,2326.5149903782385,255330898
C4617,22899,2261.2076091932513,252892246
C4618,22593,2132.0660244327405,245333448
C4619,15805,2216.043666808252,252015818
C4620,11013,2392.8200782405593,259993821
C4621,22556,2496.725064671086,274507307
C4622,35077,2374.4521235382967,258939435
C4623,8989,2656.793384949113,319106416
C4701,30238,2301.61880048401,254750985
C4702,21635,2397.153677740217,260289499
C4703,14839,2550.623997602022,282253326
C4704,11714,2770.6296317855245,329627227
C4705,32492,2362.1589923278207,258084414
C4706,219250,2483.3866978930396,272466063
C4707,46982,2606.9975768180047,307379256
C4708,30720,2764.7709029912367,329037391
C4709,36895,2431.0458370676533,265707235
C4710,19365,2495.51346776628,274366131
C4711,237629,2646.758221062468,317575576
C4712,23697,2748.9198181397287,326987366
C4713,24054,2853.2278259069544,338849352
C4714,39476,2553.448989990984,282657034
C4715,80668,2717.182996329107,324817508
C4716,37663,2794.5769626650454,331898738
C4717,39587,2931.6097875433993,348959136
C4718,32029,2935.3035644536176,349283496
C4801,67402,2868.832211610922,341160155
C4802,133913,2951.690657817839,349639807
C4803,37580,3035.924844118788,351044011
C4804,11300,2926.349388758301,348101562
C4805,47606,3075.0202865639694,352833293
C4806,1021060,3118.353237009434,352956228
C4807,40407,3019.2036168085633,350924968
C4808,153049,3148.9457265949504,354882841
C4809,19573,3263.4120020205396,361740196
C4810,83061,3054.5910482150616,351146597
C4811,975477,3184.710639814376,355376479
C4812,58362,3127.0165418013426,354279843
C4813,63954,3255.6109571622515,361217563
C4814,26871,3384.6795978373852,369292263
C4815,34068,3205.906081538497,359033457
C4816,42971,3380.4027100367452,369249292
C4817,57508,3563.406024755703,384862991
C4818,14346,3509.9538403050406,383440259
C4819,86299,3577.015216838309,385674396
C5901,56291,3202.9291442724825,358977166
C5903,57019,3318.1566952751323,364797486
C5905,31843,3379.342063793149,369217449
C5907,76635,3493.831880677176,382865605
C5909,237550,3616.4438093985686,391708317
C5915,1986965,3700.992503799829,401775371
C5917,325754,3752.077431266283,405814131
C5919,71998,3763.908797198483,406255770
C5921,127016,3791.2462591515687,406555454
C5923,30345,3881.588215524488,406858262
C5925,96131,3838.887233571926,406702235
C5927,19765,3814.4869329375806,406682470
C5929,25599,3756.8333567260706,406202664
C5931,33011,3694.403241023494,401584981
C5933,119222,3548.7085242625826,384260236
C5935,147739,3462.473354831561,380792295
C5937,73227,3417.538867445439,380521911
C5939,48219,3402.3970132081217,369875126
C5941,65659,3782.542150966181,406489795
C5943,13111,4079.978450250858,406938964
C5945,3781,4019.1193750394964,406935183
C5947,21693,4381.640837318772,407008337
C5949,40876,4288.99294425563,406952075
C5951,40856,3974.031728396261,406888607
C5953,95317,3702.6419019938758,403762336
C5955,55080,3875.436366937047,406803182
C5957,1316,4338.831490564335,407007021
C5959,5720,3974.5975150031013,406929463
C6001,28674,4740.69353244471,407088234
C6106,28824,3728.637790889806,404725127
C6107,8536,4819.877447927768,407116908
C6204,14372,3764.3640020389307,406327768
C6205,7557,3071.095077618497,352794579
C6208,4816,3846.696982775082,406798366
M01001,643419,2625.6827142400157,310735008
M01002,37763,2582.8983010484394,292059885
M01003,51291,2660.3104374982327,319521500
M01004,12619,2589.535314587806,297849043
M01005,64097,2622.9298243167063,310191530
M01006,34296,2604.043109255669,306258277
M01007,41655,2601.1953652252623,306025003
M01008,7244,2614.665064979159,309152314
M01009,16508,2590.0834992236337,298312450
M01010,15327,2597.0314862933924,303972299
M01011,20066,2608.7508592915806,308155385
M02001,370730,3232.6923210275,360827695
M02002,764602,3200.1774808488867,356503130
M02003,77795,3308.225730055146,364719691
M02004,1210820,3345.595033742205,365019525
M02005,63420,3353.0876374011614,366238280
M03001,63864,3198.502024777619,356439266
M03002,45989,3129.733253588826,354338205
M03003,196907,3132.0918005050935,354384194
M03008,105469,3146.498281791493,354773896
M03009,11812,3116.301897227393,352944416
M04001,46899,1979.311832741368,238416727
M04002,216897,2054.3186036969832,242138135
M04003,172076,2234.531579231914,252235557
M04004,70554,2111.7518807698166,244266520
M04005,24889,2002.817759913169,239475970
M04006,31214,2033.6349277594402,241640905
M04007,8401,2285.4628666399567,254634110
M04008,8400,2020.6366193584427,240616886
M04009,50563,2187.637121986553,247799704
M04010,23115,2142.093432667839,245484018
M04011,37681,2244.079701319362,252485813
M05001,1126,2197.9604585643906,249494405
M05002,110487,2038.1274940176113,241913309
M05003,20943,2082.8681749215493,242986725
M05004,19374,2259.462072206226,252833907
M05005,1677,2155.167437130611,246225310
M05006,22530,2222.4569600798745,252079817
M05007,12154,2263.2620024743665,253082662
M05008,2784,2193.6762231810867,248190483
M05009,46452,2437.3606113445817,267112942
M05010,66579,2215.117227632627,251900219
M05011,11316,2314.8207042349486,255182974
M05012,2050,2044.8465470170613,242068281
M05013,1441,2032.2118922395703,241633377
M05014,9724,2028.583565366884,241467198
M05015,1610,2114.3215829539995,244414122
M05016,1781,2236.606635180812,252444513
M05017,92029,2448.995459295558,268623684
M05018,193744,2214.062667955227,251706475
M05019,7263,2082.4922366916812,242964255
M05020,62773,2165.193324765456,246471771
M05021,5946,2220.870337967138,252052031
M05022,23019,2071.5931691595324,242786266
M05023,12053,2272.03160820246,253715411
M05024,43339,2368.3541246504774,258438763
M05025,128130,2035.4739469948418,241672119
M05026,3608,2146.4940405040015,245553508
M05027,39853,2261.3734157646004,252915145
M05028,52379,2133.4658400139015,245361224
M05029,2006,2233.466039882122,252230067
M05030,578046,2272.622133284911,253727464
M05031,20046,2215.4247555815714,251995772
M05032,40138,2144.484722574344,245507133
M05033,88343,2414.2588038066133,262203052
M05034,6023,2384.3195102035615,259537053
M05035,529512,2465.694504459277,270171853
M05036,18969,2425.9711353442935,265333386
M05037,6159,2078.9239651838398,242879422
M05038,12664,2080.335951138655,242890387
M06001,28574,2976.8837877023007,350293479
M06002,129958,2935.23970340618,349153538
M06003,19384,2931.4166546583965,348939752
M06004,18756,2944.842857349392,349395445
M06005,26771,2919.0733736769944,347566857
M06006,5478,2954.87889121425,349773720
M06007,125143,2994.0183549972585,350682643
M06008,8466,2948.1288486869553,349619491
M06009,99289,2972.2039017558127,350171083
M06010,80808,2933.915131353277,349072730
M07001,14189,2604.1317717197903,306389346
M07002,24754,2488.343851003197,273791899
M07003,25154,2610.7137394973315,308262002
M07004,21948,2434.6817159672646,266363285
M07005,18778,2407.9026462896973,261798447
M07006,26094,2569.6940024535443,286609647
M07007,6559,2473.803509766632,271719071
M07008,21848,2552.9824958207764,282472607
M07009,37989,2573.662998575366,289217900
M07010,6673,2569.39622557644,286592967
M07011,18205,2560.3329141714403,283598551
M07012,28719,2486.931959319234,273563793
M07013,22722,2448.9154963243113,268584588
M07014,14993,2434.0276109531437,266271235
M07015,39033,2617.0466753458845,309290710
M07016,15709,2334.486360834773,255667826
M07017,64013,2519.539307679828,277726321
M07018,7217,2448.607740304542,268528126
M07019,105210,2487.8084703239974,273671381
M07020,39770,2526.781071372726,279165756
M07021,19298,2454.832750524886,269101578
M07022,12256,2439.1612731588284,267506086
M07023,59005,2459.777967425021,269591990
M07024,7568,2452.5542480361855,268985630
M07025,6965,2426.675436441644,265378256
M07026,27331,2446.2056562011658,268337471
M07027,60620,2483.3638764106167,272405443
M07028,5242,2483.0112649087073,272400201
M07029,4345,2462.251486614876,269899121
M07030,24994,2546.005221523805,281504456
M07031,77686,2408.586891412435,261827325
M07032,28064,2605.4304008609406,307045314
M07033,5236,2437.954433843665,267283915
M07034,52168,2548.048216563803,281786699
M07035,10917,2639.154299849167,315399814
M07036,5969,2566.9425670481346,285976381
M07037,31464,2623.4118915159574,310491278
M07038,18630,2456.3580483058313,269377167
M07039,20041,2421.434048446107,263728471
M07040,48476,2615.037743321989,309201147
M07041,32245,2482.6848413728158,272345337
M07042,8877,2425.2625119839477,265242708
M07043,9143,2415.997760325922,262398878
M07044,18533,2468.574722167443,270897816
M07045,4707,2404.941524302168,261718708
M07046,34937,2518.7092151985403,277474747
M07047,13076,2440.269878170665,267757945
M07048,19956,2403.9800838892147,261612772
M07049,16538,2451.3724829925513,268907523
M07050,5288,2324.2287860462934,255284420
M07051,39055,2603.79731844629,306219222
M07052,87034,2474.4775155680722,271813820
M07053,7180,2577.6075598570374,290292881
M07054,24079,2642.35376716819,316095316
M07055,4794,2633.7481505370633,312741244
M07056,7602,2449.5557117600515,268779521
M07057,59875,2582.5710124923366,292000010
M07058,3135,2489.7937303174867,274041038
M07059,146696,2420.080134446623,263410485
M07060,9271,2439.7311660845776,267553083
M07061,65673,2495.5706915847695,274385496
M07062,17026,2430.545268210294,265636632
M07063,3132,2464.1457706669175,270112508
M07064,37887,2443.644210409405,268045540
M07065,85464,2354.5352096025194,257572467
M07066,16262,2427.6451045193653,265423388
M07067,8566,2437.6207766435505,267234436
M07068,29357,2409.4752568965046,261954227
M07069,46949,2594.139062489194,300503338
M07070,11641,2574.7477882077974,289454155
M07071,26706,2612.3270645536645,308708407
M07072,24405,2433.043480594256,266082330
M07073,6870,2434.4466354052784,266356415
M07074,34809,2376.1228587803757,259218077
M07075,21100,2487.3696623598025,273624858
M07076,21156,2403.8960378622523,261591616
M07077,49300,2366.4895837131594,258184154
M07078,132421,2462.4249475578345,269903466
M07079,26436,2476.5940544184946,271982203
M07080,32457,2566.353799132633,285943924
M07081,31615,2425.9660779148016,265301771
M07082,7987,2418.186668030191,263330279
M07083,15171,2498.439122679361,274737351
M07084,7784,2412.9287743083387,262167584
M07085,7767,2460.88432715352,269794045
M07086,15890,2494.8105044555905,274299131
M07087,30251,2648.0382614559103,317976677
M07088,1936,2417.6690870842344,262532476
M07089,271674,2629.4360015338316,311742762
M07090,3639,2440.1183214574335,267602986
M07091,10349,2429.9835395635882,265601003
M07092,38383,2455.664336478918,269286322
M07093,33161,2448.205317202667,268405974
M07094,26996,2474.387224236187,271786824
M07096,58153,2396.2278027814004,260166081
M07097,78438,2580.9995908031847,291761553
M07098,5513,2483.6111041017725,272685313
M07099,59686,2497.5705575953175,274541788
M07100,26866,2393.3052809603537,260018556
M07101,434143,2483.823829933092,272753220
M07102,33467,2622.285668254863,310149337
M07103,23180,2612.399361988374,308735113
M07104,11925,2497.052979285214,274529863
M07105,13934,2605.917480525842,307110452
M07106,52833,2498.744741740865,274752522
M07107,68685,2547.39899308261,281648790
M07108,85957,2542.5128142576687,280993338
M07109,26044,2404.6326172679046,261692664
M07110,5673,2478.6563690886137,272054495
M07111,29754,2464.1154025053,270082754
M07112,20688,2434.372043117002,266286228
M07113,3635,2446.796185267963,268373747
M07114,14436,2396.9138916690836,260252690
M07115,10526,2462.5958879733425,270039511
M07116,8580,2420.4451962023936,263571252
M07117,5086,2566.0391620349938,285921050
M07118,3423,2431.252249874223,265744130
M07119,2174,2445.850483764733,268156071
M08001,11901,2470.194962419626,271486141
M08002,19378,2495.751221800467,274464938
M08003,8561,2549.0477743398196,281934685
M08004,5327,2505.5577385432016,276206218
M08005,21939,2584.190226113399,294453377
M08006,6403,2617.3409061434677,309329743
M08007,16770,2630.287429768067,312041825
M08008,12545,2747.357475317091,326860673
M08009,27907,2692.1943008864746,322503503
M08010,20056,2588.0771228709227,297516912
M08011,45852,2489.3626316998902,273956339
M08012,7760,2641.6807179702696,315725199
M08013,10004,2608.1989072040355,308041364
M08014,2205,2540.0079955399306,280532509
M08015,1708,2394.805917789644,260077762
M08016,3777,2482.1319030885516,272280563
M08017,124378,2600.741947341536,305898947
M08018,5784,2606.167194415073,307128552
M08019,671790,2521.1890808866765,277997386
M08020,6768,2797.9384570069647,335602962
M08021,116426,2489.072859605967,273839913
M08022,3853,2578.917822122454,291553241
M08023,3876,2589.4506763453805,297627195
M08024,4759,2560.08171495768,283593792
M08025,8867,2633.097287904126,312506710
M08026,3875,2577.1437674784497,290289006
M08027,40615,2700.268723302513,323124393
M08028,10032,2403.4489635395303,261572803
M08029,48355,2731.289309287359,325509048
M08030,8066,2781.363810760888,330701809
M08031,39109,2648.3155553386478,318263564
M08032,100821,2572.4980293591207,288946677
M08033,1169,2610.313580601848,308240638
M08034,7832,2622.7344144507247,310183698
M08035,10214,2609.3880246168656,308211730
M08036,38323,2497.9531343935087,274645310
M08037,1218817,2425.1569240924887,264023891
M08038,5165,2473.9640449224016,271779815
M08039,4080,2514.4345650974196,277248338
M08040,34056,2676.422623970338,321530246
M08041,1795,2726.828925937939,325384292
M08042,1746,2307.0182933814494,254894802
M08043,3221,2658.0669182561583,319362539
M08044,4429,2574.9039595087106,289535445
M08045,40018,2486.2741891682604,273492013
M08046,9482,2761.023725654309,328829966
M08047,5219,2759.0338067581188,328765250
M08048,23643,2608.7736285834394,308175451
M08049,2946,2636.4290741150994,314162160
M08050,54390,2603.447661016913,306164832
M08051,7276,2743.1407017555484,326584055
M08052,24307,2330.0900417605853,255442461
M08053,8905,2395.516993678615,260079470
M08054,10020,2561.798636784265,283754743
M08055,14969,2496.6676532724964,274492338
M08056,2575,2606.284923365906,307134336
M08057,2331,2609.8415447414354,308225065
M08058,2843,2508.5951266712054,276854087
M08059,6054,2592.4311495999905,300376292
M08060,11597,2593.235232324166,300415238
M08061,4962,2556.6823381580025,283052057
M08062,30644,2481.4627179982713,272201939
M08063,6989,2659.6993612701835,319446250
M08064,2177,2617.92592038531,309360321
M08065,17655,2752.807485738002,327602950
M08066,8282,2745.877854106786,326744447
M08067,5309,2556.8704259508077,283057019
M09002,441008,2590.236612487276,298341709
M09003,640423,2600.0251452242715,305240684
M09004,151222,2606.3059072524416,307137862
M09005,1235542,2585.47113678419,294516988
M09006,411321,2591.850347296632,299878827
M09007,1773343,2594.672500566049,301416136
M09008,222050,2604.980594043261,306820766
M09009,96773,2604.1130987290576,306292573
M09010,687020,2598.3819071737103,304365324
M09011,302790,2596.6549430949517,303669509
M09012,581781,2607.856522455567,307442546
M09013,369787,2604.861052126001,306450979
M09014,360478,2595.4120569802844,303218052
M09015,516255,2590.9595022481126,298788343
M09016,352640,2597.2126966840096,303987626
M09017,462806,2591.1256735584843,299305850
M10001,31291,2640.7846138217074,315474260
M10002,4298,2752.2284207894227,327451499
M10003,4554,2611.421831480509,308427125
M10004,32805,2529.3738585936403,279344210
M10005,491436,2664.3602359117735,319948190
M10006,10644,2502.5181647762993,275284133
M10007,273315,2469.3694358574885,270929020
M10008,32011,2591.8277984878287,299846816
M10009,10794,2654.083090116518,318977393
M10010,4619,2546.8742108890146,281601822
M10011,6011,2593.2196956512516,300409227
M10012,112435,2473.0966643303755,271538339
M10013,22367,2481.8279764810177,272232583
M10014,27512,2678.472079919658,321847875
M10015,12467,2541.3938618904767,280734657
M10016,18039,2641.098265452466,315701442
M10017,10156,2586.6262218256047,296536041
M10018,12247,2602.8904543608214,306152585
M10019,5093,2731.4777529672842,325580624
M10020,12853,2610.969571667034,308405947
M10021,10490,2562.304201203353,285451495
M10022,24331,2616.371975161326,309262062
M10023,45217,2737.226078135117,326135087
M10024,12497,2581.2534146624,291839991
M10025,4147,2613.943558973217,309119391
M10026,21907,2763.605480072585,328943557
M10027,6548,2470.118876754548,271479593
M10028,12290,2598.4147382944534,305079315
M10029,2070,2543.288777391169,281180032
M10030,1876,2535.3905148995027,279840551
M10031,6969,2527.2230167333046,279273356
M10032,43517,2661.9298359829554,319696949
M10033,7331,2629.9222374901633,312021844
M10034,27144,2797.0132606859497,335306890
M10035,12937,2669.318201227354,320934524
M10036,19918,2430.6543211333033,265666614
M10037,8727,2749.2698501800865,327072267
M10038,19813,2628.0097142389614,311553130
M10039,25985,2642.6506340137107,316190897
M11001,79093,2677.323561956839,321626661
M11002,110718,2652.218570271879,318718645
M11003,134880,2583.147587319047,292097648
M11004,56817,2610.923240037038,308349130
M11005,68738,2608.2926800590258,308051368
M11006,5198,2480.725085500717,272157258
M11007,382958,2619.032037617479,309475355
M11008,38309,2686.7315355904516,322202356
M11009,67642,2599.964815863138,305155871
M11010,10347,2613.242276562865,309089328
M11011,81359,2633.3172244288107,312613944
M11012,25610,2674.2854790987217,321215964
M11013,19943,2534.1910843193386,279680025
M11014,128994,2578.038413021893,290395656
M11015,141196,2612.7884726052416,308837966
M11016,19693,2681.583530844679,322005665
M11017,440134,2646.415921366086,317040138
M11018,31803,2649.6962927350114,318465671
M11019,55311,2627.5804360958437,311497819
M11020,1134842,2636.3976559349258,313027318
M11021,47132,2678.138296224231,321784261
M11022,20984,2580.8552296806915,291729151
M11023,144426,2693.129349137904,322568836
M11024,10398,2659.9180596238907,319453239
M11025,44778,2658.1304349279767,319365760
M11026,51825,2643.5464731537454,316262838
M11027,226654,2643.5874540741283,316314663
M11028,94558,2648.741772859627,318329377
M11029,34088,2549.4431447023667,281969035
M11030,95359,2573.6784292253683,289255889
M11031,100239,2657.472040599388,319250522
M11032,54661,2550.5402509736787,282198665
M11033,96729,2536.2711027823802,280107480
M11034,4533,2516.170505745643,277292804
M11035,65479,2623.0220385516272,310255627
M11036,7151,2660.250479565517,319479301
M11037,134337,2631.160274642811,312064332
M11038,11583,2640.1328669767536,315446078
M11039,37418,2634.1722404403295,312793950
M11040,14515,2525.7655752561514,279039840
M11041,52931,2676.6588899555836,321567757
M11042,130821,2657.2444321261723,319119701
M11043,17764,2521.046162650253,277921994
M11044,45941,2633.3928381011065,312695303
M11045,11323,2502.539984165701,275294777
M11046,73820,2667.00331933912,320592597
M12001,722499,2863.356810106197,340242803
M12002,19388,2726.6519251261766,325357775
M12003,41266,2792.603743001745,331772976
M12004,15828,2713.6881071931475,324620952
M12005,6062,2703.338135523864,323277544
M12006,13146,2756.2036034017706,328603321
M12007,32818,2764.2048256084804,328975815
M12008,8504,2703.696657388906,323288158
M12009,5080,2741.471806489673,326473938
M12010,21407,2739.947231657284,326285107
M12011,61736,2869.245819211329,341227557
M12012,55350,2803.430797436598,335715674
M12013,32400,2792.7054590081716,331814242
M12014,15448,2877.9204155555426,341676365
M12015,12619,2692.8131447013075,322555807
M12016,15372,2864.7131237544145,341042114
M12017,15666,2728.5842162269737,325423671
M12018,13060,2828.03113158375,337061516
M12019,12730,2705.522806759726,323527202
M12020,15753,2734.698752790818,326085822
M12021,69059,2863.8419299274574,340965302
M12022,46172,2791.6481226484425,331389655
M12023,25641,2805.1337532620178,335793594
M12024,6575,2706.5838538005382,323574514
M12025,15156,2816.872335801952,336379321
M12026,9869,2749.0725919917572,327011063
M12027,26166,2771.6998718431673,329711826
M12028,102853,2752.4738356150456,327484680
M12029,192947,2777.753083090686,330042417
M12030,19061,2826.842321532647,336996463
M12031,7687,2740.971517269751,326437924
M12032,35625,2788.5581280708875,331212794
M12033,14291,2695.152910421113,322766887
M12034,35668,2701.2057785727898,323175438
M12035,123960,2711.511305953417,323750150
M12036,10192,2784.072534506517,330795172
M12037,7119,2714.924623224093,324754743
M12038,95548,2907.976023613686,343807152
M12039,21994,2813.285931253594,336093008
M12040,22906,2780.0088113780816,330601322
M12041,34925,2751.4305876127405,327201199
M12042,13801,2749.91961061549,327163238
M12043,30039,2739.2261572642374,326219256
M12044,10133,2776.1700770103525,329900088
M12045,22645,2708.4353203672295,323596684
M12046,50356,2785.2541283867886,330835889
M12047,7852,2720.4687648871522,325081356
M12048,46328,2897.9254179682325,343626803
M12049,10851,2686.097192986863,322175900
M12050,34740,2786.6819784176846,330908354
M12051,32541,2772.9910391250055,329764641
M12052,36813,2794.518454367698,331861925
M12053,48782,2837.381718596733,337405096
M12054,28986,2784.7347511152266,330806903
M12055,100245,2697.5379121892543,322942032
M12056,43128,2812.0427084343046,336030114
M12057,60313,2881.2891039254523,341849579
M12058,53950,2731.925987819879,325593518
M12059,30838,2711.387728649053,323719312
M12060,13318,2692.681963412775,322532787
M12061,33620,2769.8278907633317,329543016
M12062,15696,2767.330843207258,329158435
M12063,9195,2754.8909070742043,327633324
M12064,12942,2769.5010698719793,329308964
M12065,6699,2702.8099599403317,323259721
M12066,57346,2718.5233329980033,324987951
M12067,22677,2787.5534643839587,331061957
M12068,27619,2897.264090751059,343586779
M12069,11687,2727.1384581071434,325386087
M12070,7863,2681.1024703522016,321982545
M12071,22781,2765.392109977693,329071658
M12072,10271,2742.6419373320487,326567073
M12073,23563,2798.4356193804006,335609730
M12074,17361,2745.1688668874663,326727086
M12075,40064,2770.642507669094,329638941
M12076,25060,2759.747684324944,328770469
M13001,18619,2483.613697492197,272690826
M13002,36978,2466.7576460574287,270701365
M13003,46010,2507.773762493196,276785109
M13004,8515,2460.840588750641,269669275
M13005,14507,2534.618348311428,279715216
M13006,17018,2524.2727846369976,278889360
M13007,10290,2518.9363028682637,277668113
M13008,39513,2521.4443370694676,278669176
M13009,14223,2509.495053692269,277051356
M13010,21636,2544.3914898023113,281243896
M13011,18029,2404.3330506305074,261636470
M13012,25423,2487.485868688022,273645958
M13013,24848,2548.4843917793305,281876911
M13014,16381,2430.498978470317,265620251
M13015,16943,2491.201219171962,274059303
M13016,45110,2484.255515769902,273198435
M13017,11257,2538.9263568862525,280452368
M13018,20362,2431.3267268416807,265747553
M13019,15069,2522.45645581975,278792230
M13020,3044,2458.43091057665,269499416
M13021,12281,2532.629958050203,279538789
M13022,11054,2507.7942127341576,276831119
M13023,28492,2519.809045326316,277790334
M13024,15308,2488.0031079798805,273776591
M13025,23339,2398.9196358088725,260430797
M13026,11130,2418.3855276720697,263338266
M13027,25098,2432.4317103264066,266035846
M13028,108239,2399.107117860936,260464756
M13029,38044,2548.19139556913,281838867
M13030,75833,2509.110219003284,276856930
M13031,12895,2464.159539984421,270115640
M13032,10100,2407.918695806298,261817225
M13033,3207,2457.182051539516,269447598
M13034,9867,2444.358657716817,268099047
M13035,10200,2467.8592236530285,270817426
M13036,8803,2464.6014590639975,270146740
M13037,20599,2467.986263438017,270833209
M13038,7013,2497.6163552013572,274601474
M13039,12885,2499.9121054668635,275175600
M13040,11051,2451.7175521320464,268924061
M13041,35065,2529.709138324393,279377015
M13042,10769,2449.9163971134026,268843120
M13043,6838,2480.9159758468345,272162456
M13044,14762,2557.8824851691506,283234492
M13045,8022,2495.7942751143364,274484316
M13046,37685,2409.710872064775,262011418
M13047,5583,2467.941974407813,270827626
M13048,245208,2505.7588724738193,276288225
M13049,16530,2435.776493533923,266616906
M13050,19041,2526.8241413352166,279205526
M13051,42223,2507.2676646151835,276708993
M13052,24248,2516.673522368353,277297337
M13053,18650,2445.9903714481216,268191677
M13054,28980,2511.276614138131,277105291
M13055,13582,2499.700057117284,275053444
M13056,26254,2487.0529482203783,273592512
M13057,13269,2504.093844975935,275369847
M13058,16648,2509.9375912937476,277073913
M13059,30970,2533.961671755717,279649055
M13060,17175,2452.9085511125336,268993198
M13061,49539,2521.8927503863374,278734637
M13062,25880,2439.0746333601587,267472012
M13063,67858,2565.644925626226,285766293
M13064,8498,2544.869848723895,281315620
M13065,8935,2536.348156057474,280204209
M13066,8982,2532.031005125858,279505666
M13067,38718,2536.844854907587,280223998
M13068,13590,2447.805629641814,268392384
M13069,46344,2546.172244865722,281529450
M13070,13936,2539.0763147018843,280463625
M13071,10425,2454.0251161492174,269068685
M13072,9839,2522.577140123535,278807299
M13073,32265,2428.3920763481424,265465950
M13074,22641,2541.7499543585186,280900095
M13075,11317,2532.3754422447537,279527472
M13076,86840,2553.2278554427844,282526370
M13077,122274,2484.5218526277013,273252118
M13078,16977,2415.2461311020834,262381901
M13079,7519,2447.1961647630624,268379598
M13080,20727,2412.301654376643,262090403
M13081,24933,2456.4109261304707,269395797
M13082,14888,2526.9520369419074,279224567
M13083,24516,2518.762300667021,277509684
M13084,37435,2499.5934614163043,275016009
M14001,19282,2754.9331866017956,327642519
M14002,20236,2834.016141859274,337288293
M14003,20118,2842.459012827002,337680966
M14004,5494,2866.001993012847,341114120
M14005,12509,2813.3669128231377,336115002
M14006,56681,2859.3488633382176,339684365
M14007,8610,2837.2880973917404,337396486
M14008,76293,2717.941807555725,324905720
M14009,14523,2815.0638100819647,336277595
M14010,5958,2865.8279202136337,341057486
M14011,5394,2894.491243944874,343577447
M14012,4318,2903.578005215583,343751454
M14013,51798,2742.2308050177617,326515275
M14014,8697,2859.640885405649,339741046
M14015,50846,2942.756652736916,349344599
M14016,35432,2730.304546310577,325446308
M14017,13135,2913.6931187226633,347023646
M14018,59086,2766.450672867305,329099349
M14019,5377,2743.9794293630853,326702216
M14020,9133,2975.4414508460018,350284346
M14021,21577,2960.6402446339744,349797540
M14022,32019,2998.244963247614,350842115
M14023,90509,2879.3715965832166,341753534
M14024,26460,2855.842601576634,339370047
M14025,17557,2683.3063363662873,322098170
M14026,5726,2842.866088753324,338458438
M14027,16097,2966.4840512507008,349995742
M14028,2477,2912.8402137715834,347021169
M14029,17554,2752.327555108033,327455797
M14030,43444,2813.4827000839346,336127511
M14031,3926,2747.644775308964,326873218
M14032,5536,2879.884218224571,341844043
M14033,21044,2722.6543070127027,325202892
M14034,2155,2916.7176642468694,347484143
M14035,46421,2647.421966770348,317911216
M14036,17342,2845.713015016504,338507014
M14037,22499,2928.510262297065,348285718
M14038,4769,2882.9508766717768,341938873
M14039,1646319,2795.9504150680664,332124478
M14040,8659,2821.70857001405,336589397
M14041,6273,2661.3363529610415,319604384
M14042,9047,2696.510385422583,322880863
M14043,22827,2985.424710520008,350452382
M14044,21605,2809.199864809957,335981147
M14045,19503,2773.538020785044,329851312
M14046,28110,2691.6751025723374,322447993
M14047,21157,2777.40235114239,330021260
M14048,19842,2716.554484630587,324790295
M14049,10280,2872.3501884922807,341471112
M14050,35713,2832.153818682488,337193326
M14051,11792,2795.327296094685,332109395
M14052,5831,2898.240354137028,343679555
M14053,128118,2637.1698405289217,314192597
M14054,6026,2922.4602916905646,347616959
M14055,18177,2827.383473999743,337015524
M14056,2769,2847.2543369579944,338668134
M14057,3813,2832.8758601360005,337271916
M14058,13873,2918.2014454076584,347492831
M14059,11004,2829.657328728884,337077367
M14060,6974,2708.087656048128,323589710
M14061,14614,2700.0360482046403,323109779
M14062,3938,2895.4371340932034,343582841
M14063,84200,2777.364422652692,329937060
M14064,27230,2572.7253957392536,289047498
M14065,14115,2908.3182263524486,343902700
M14066,40827,2786.7692875986204,330965606
M14067,184728,2946.4297999870105,349414201
M14068,12357,2964.4639855390756,349828353
M14069,11528,2818.068643595756,336394477
M14070,83453,2795.1529347320816,332025942
M14071,4348,2774.612170954648,329875409
M14072,6384,2669.3226007398225,320947461
M14073,55305,2675.599322139789,321449253
M14074,14760,2682.123580079278,322032112
M14075,3497,2852.6276610489754,338845855
M14076,3977,2757.2812866074246,328629253
M14077,27286,2858.889038792079,339657079
M14078,27666,2697.440221242055,322913054
M14079,12705,2873.396214934805,341481392
M14080,6577,2905.733405743717,343760756
M14081,4204,2675.8592262366974,321518510
M14082,30995,2875.8471981147095,341593377
M14083,53616,2825.2151980543904,336913535
M14084,13797,2931.7158986283266,348998723
M14085,41111,2865.844886933849,341063444
M14086,15480,2882.9745975292835,341943642
M14087,18047,2885.9034036810885,342232163
M14088,16074,2885.4701182833232,342216089
M14089,3204,2857.381259671818,339558896
M14090,7179,2893.181769396884,343413839
M14091,37999,2679.9293392954146,321943517
M14092,11817,2842.660759081546,337701084
M14093,119197,2740.833447601828,326318727
M14094,35502,2818.087765563381,336406005
M14095,8361,2833.8481895161985,337279932
M14096,19766,2812.632434819209,336073242
M14097,123619,2819.04976498241,336464756
M14098,474178,2796.123287926022,333770797
M14099,9277,2921.185020514248,347607682
M14100,34329,2997.533080128088,350807786
M14101,337149,2791.9536155644623,331435827
M14102,5928,2911.32437737021,343926495
M14103,7374,2908.775915275482,343916815
M14104,5089,2710.6761059424575,323713345
M14105,20034,2764.2171018764084,329008633
M14106,4024,2919.0339454419914,347562833
M14107,6109,2823.612243905872,336716464
M14108,33162,2884.4440558732795,342001884
M14109,15664,2659.9533624735823,319463637
M14110,14054,2921.0313924736297,347593628
M14111,5958,2715.1343608966067,324761862
M14112,5758,2822.735040193237,336598056
M14113,13736,2899.017480178156,343685386
M14114,15936,2840.030644727062,337503653
M14115,5938,2718.4183771431067,324982013
M14116,15381,2663.1356834929625,319868139
M14117,4407,2710.183929931355,323682366
M14118,23773,2723.0559462389565,325223936
M14119,25829,2847.0395613162245,338642305
M14120,1001021,2796.131097848447,334244975
M14121,28981,2881.938025539211,341909892
M14122,6533,2917.771933600069,347486298
M14123,15478,2779.9875887166772,330585844
M14124,53461,2778.9349790532374,330489507
M15001,58389,2596.3598132290463,303611120
M15002,61250,2558.4787222246578,283443628
M15003,38827,2583.313600515829,292232528
M15004,15584,2691.0316872504345,322424227
M15005,110591,2639.1170238753443,315289223
M15006,8873,2638.4621300904837,314411914
M15007,21095,2667.0346236327614,320666417
M15008,30141,2726.3850597578257,325327634
M15009,45255,2592.218432322774,300291692
M15010,23734,2548.0244678222098,281762965
M15011,34435,2565.4586805422655,285727267
M15012,8172,2637.0257686514788,314183473
M15013,467886,2587.94995192,297049026
M15014,76750,2611.495398768447,308431679
M15015,25950,2602.0597843229484,306101747
M15016,20516,2541.007663051248,280631830
M15017,5947,2595.004291656018,303192003
M15018,35196,2647.0409042873544,317819662
M15019,28808,2634.036344606308,312765142
M15020,252555,2571.357987189129,288341258
M15021,35068,2677.445655164211,321705754
M15022,10205,2590.1258357832103,298328958
M15023,35358,2567.0572434906016,285982350
M15024,75836,2574.3943982639667,289354502
M15025,217972,2589.4802164659577,297631071
M15026,22828,2585.829222902605,295785088
M15027,5735,2639.8288106633017,315416654
M15028,19620,2564.265887196949,285614102
M15029,77579,2576.8647198071762,290210119
M15030,17972,2564.1063368181926,285596130
M15031,490772,2578.5501455768003,291035203
M15032,28006,2670.811314163635,320996847
M15033,1622697,2571.104261276948,286704313
M15034,7916,2606.371850171733,307350736
M15035,38458,2561.9810367903733,283835020
M15036,33343,2547.2283409274264,281615447
M15037,193468,2611.934592548383,308512661
M15038,8168,2599.577226665314,305147703
M15039,297570,2583.846243371523,292922540
M15040,30529,2677.840481561796,321751829
M15041,6425,2683.1053261401344,322088434
M15042,115165,2623.0447871937768,310321106
M15043,19182,2631.6437875420766,312200547
M15044,31629,2561.721604257744,283706339
M15045,68336,2574.8195696639705,289465796
M15046,15086,2600.1372225835044,305881107
M15047,56614,2613.1676512509844,309032714
M15048,51979,2612.8814185409055,308979162
M15049,10720,2650.6829190640856,318663188
M15050,18968,2602.3945370733995,306127697
M15051,99870,2629.3825059108813,311642892
M15052,21712,2656.7389547272537,319084704
M15053,37716,2568.4768341538183,286461974
M15054,194463,2638.561764140154,315092454
M15055,9225,2640.812340887487,315505551
M15056,26971,2598.4096288566147,305052344
M15057,858711,2594.5771613784004,300557425
M15058,1225972,2584.087350506511,293220110
M15059,19532,2560.9267887689816,283619235
M15060,269546,2587.1624071013716,296767706
M15061,7512,2532.9414687627627,279551070
M15062,49643,2627.026767942319,311446566
M15063,25989,2648.7888984855604,318424985
M15064,30411,2629.2090490698556,311612481
M15065,29097,2543.0148067131177,281145560
M15066,5196,2697.3921189365733,322907858
M15067,57583,2620.1096956324163,309981098
M15068,23592,2601.8982085101657,306078155
M15069,3469,2561.297354435303,283644137
M15070,212694,2586.8471981498988,296552931
M15071,11065,2572.196543776,288891393
M15072,9024,2645.703598690936,316899290
M15073,10321,2643.440547100139,316219716
M15074,177287,2623.893138423534,310543891
M15075,19694,2547.875060010133,281721835
M15076,59647,2632.0632907545237,312255778
M15077,5436,2685.3384231792506,322132759
M15078,8592,2689.481511229956,322325499
M15079,10007,2569.6147782124326,286599640
M15080,27592,2696.495336060725,322853271
M15081,172813,2556.128630834902,282875411
M15082,95032,2705.2609073789467,323432170
M15083,8840,2593.0534805662646,300400387
M15084,29307,2541.9292008955686,280964031
M15085,61974,2610.8463289651027,308287156
M15086,31192,2686.029760085837,322144708
M15087,69306,2619.4686164345635,309907491
M15088,77531,2662.174328067906,319753726
M15089,8486,2596.0238245136507,303601484
M15090,65119,2650.04446599085,318572819
M15091,66556,2568.022474165998,286323846
M15092,44653,2550.8070587657985,282293389
M15093,22729,2557.975629495437,283371914
M15094,16863,2604.839810220031,306434116
M15095,62280,2573.293615019687,289148686
M15096,28067,2551.641275573499,282338042
M15097,16370,2688.448504349526,322302186
M15098,3997,2641.662770907315,315721202
M15099,204102,2567.881882816554,286119744
M15100,18852,2562.6505901169617,285461985
M15101,58381,2635.222626686001,312911618
M15102,14512,2595.5884966199737,303578530
M15103,42507,2588.282130493568,297537488
M15104,721415,2586.453088042598,295810591
M15105,36100,2733.369533811678,325647468
M15106,666596,2638.4628707705424,314420787
M15107,11502,2681.1264831692047,321990408
M15108,93277,2569.3819720901465,286499690
M15109,432141,2575.5803500430497,289563493
M15110,57375,2679.6778502333004,321886142
M15111,40164,2665.6452858785865,320499541
M15112,37993,2588.814896248885,297582564
M15113,50829,2665.6041121807243,320448712
M15114,74043,2649.856937916213,318498776
M15115,41402,2620.592511091211,310072151
M15116,3797,2698.3105117699542,323044409
M15117,16101,2695.4988795420736,322812427
M15118,121850,2644.6627276922623,316699062
M15119,15372,2671.9510568094474,321068073
M15120,99774,2557.9733134657754,283272140
M15121,453298,2578.352079776995,290529917
M15122,323461,2589.9566809643707,297982067
M16001,9933,2739.3513637414094,326251281
M16002,19645,2905.928890506549,343787507
M16003,19502,2691.789992043209,322481079
M16004,15108,2714.2101505568394,324653865
M16005,10287,2655.1656444698115,319058750
M16006,117949,2845.8400254154985,338524356
M16007,2826,2659.616726152648,319442603
M16008,22152,2969.314152480161,350029428
M16009,30584,2789.809751163985,331328374
M16010,23386,2900.730828184496,343726270
M16011,9641,2767.8595266711177,329185483
M16012,38188,2853.3250017687064,338873406
M16013,10351,2763.936285123282,328965464
M16014,13974,2973.1932963399863,350270372
M16015,21706,2929.815843000385,348308217
M16016,23221,2731.362098124398,325557403
M16017,30107,2618.9092509003513,309442717
M16018,9151,2698.835565259647,323087837
M16019,21169,2814.509011180873,336172658
M16020,26269,2687.3300184102004,322271020
M16021,10898,2793.627680457617,331851027
M16022,19169,2698.5043267682795,323063900
M16023,10968,2780.8308007254486,330689357
M16024,16243,2769.095475541159,329292721
M16025,30711,2768.508460450614,329195124
M16026,6870,2946.651179962081,349598929
M16027,7463,2706.715879377158,323581089
M16028,7077,2740.3797316276255,326311650
M16029,14866,2830.011272746818,337088371
M16030,14915,2748.902370542678,326972451
M16031,15923,2613.258400134665,309099675
M16032,13161,2759.977191140477,328795529
M16033,20015,2818.5096318590467,336441507
M16034,106421,2667.9763188186175,320803286
M16035,34245,2816.715714497631,336345076
M16036,11808,2695.4517877711046,322798751
M16037,10153,2719.3433765796217,325056232
M16038,45441,2780.206582142559,330643916
M16039,6711,2742.9128523741306,326577344
M16040,16341,2689.674297732596,322336020
M16041,13260,2662.130325042345,319740466
M16042,14393,2763.357144422104,328914799
M16043,54130,2773.2509429554116,329797182
M16044,14430,2735.0669896392455,326114106
M16045,36389,2801.0263167163075,335647249
M16046,11648,2690.644779965167,322404216
M16047,18586,2682.981806353465,322068999
M16048,5136,2740.018953738948,326306514
M16049,16620,2744.0107317092184,326707593
M16050,69382,2643.6128633452295,316541317
M16051,11235,2824.5945654064258,336902300
M16052,171100,2928.090591112198,348114618
M16053,620532,2712.1614626476016,323875785
M16054,10914,2704.4517522394312,323346275
M16055,42877,2832.3730240772206,337229039
M16056,23221,2768.881930761895,329269500
M16057,8724,2764.2881030021636,329028667
M16058,15280,2803.3341787597524,335700394
M16059,8821,2804.696682217819,335784773
M16060,9703,2723.4851990483776,325262011
M16061,18804,2661.7758697581594,319676689
M16062,19688,2780.1710410167125,330624228
M16063,18504,2731.2815730372563,325490544
M16064,23868,2831.656897538656,337169458
M16065,31096,2779.4339275548255,330554748
M16066,77872,2757.7128599897187,328670212
M16067,20097,2734.3975304847536,326065725
M16068,20256,2816.1742699313068,336324820
M16069,84946,2722.629509250469,325117946
M16070,15666,2755.104086257584,328560188
M16071,71770,2705.065063926713,323359253
M16072,13438,2682.5669526964466,322046872
M16073,23893,2739.4083634163676,326261214
M16074,9905,2801.336961962579,335683638
M16075,57006,2814.8268020174187,336193827
M16076,60894,2796.5846167419045,335245996
M16077,19506,2775.759196103605,329880582
M16078,13952,2675.694204951667,321504558
M16079,38331,2768.770601352331,329231169
M16080,17181,2650.377268034415,318643391
M16081,9085,2697.0401262713617,322897703
M16082,59192,2769.510790058183,329483824
M16083,25670,2826.779184799436,336970793
M16084,26245,2782.865166346196,330761423
M16085,32821,2771.3714631200423,329679005
M16086,14413,2749.392658485284,327080994
M16087,13287,2794.7275246578065,331980594
M16088,39408,2704.169416989874,323306232
M16089,24135,2873.7911527456813,341494097
M16090,11742,2776.435517316205,329917735
M16091,12833,2803.6663002271607,335771024
M16092,16656,2746.2632358851606,326761903
M16093,25392,2631.9175891151176,312219729
M16094,8830,2753.922792878205,327620605
M16095,11315,2809.324397937076,336002752
M16096,10153,2893.343461873699,343426644
M16097,36072,2781.775950190383,330709875
M16098,23959,2671.8391587742417,321044114
M16099,18103,2709.4970105976086,323628107
M16100,12414,2746.4626357656043,326778559
M16101,11124,2702.8805299319515,323266420
M16102,265699,2797.6643513749796,335337263
M16103,22512,2786.7602893591534,330943094
M16104,20579,2790.0405800168755,331369076
M16105,17687,2761.3727284055526,328839448
M16106,26691,2741.930162956272,326479018
M16107,69700,2746.75040073947,326790973
M16108,161918,2769.502360317971,329321906
M16109,4084,2733.734232060625,326061641
M16110,48917,2673.788141933471,321149837
M16111,12879,2787.5146968378776,331049078
M16112,138050,2675.167941660533,321289650
M16113,26500,2693.951661136581,322725261
M17001,16482,2678.2234559941335,321831393
M17002,14708,2617.82633522122,309345613
M17003,30436,2645.7187553667673,316911388
M17004,69381,2638.196588123798,314342533
M17005,9356,2669.9289455400144,320957299
M17006,153329,2632.2210207044905,312315425
M17007,338706,2641.7039203359063,315732959
M17008,57617,2645.1378541443733,316840996
M17009,15184,2634.5491203279776,312832714
M17010,13745,2628.5381767909316,311587314
M17011,170589,2640.954960316075,315527676
M17012,53351,2664.212269251062,319894839
M17013,13623,2633.291513914017,312600321
M17014,8821,2666.6852377347304,320578858
M17015,23984,2662.9645961345122,319837163
M17016,15090,2614.910101491423,309179607
M17017,54149,2673.345743500726,321090919
M17018,92850,2646.735407726347,317482726
M17019,24133,2643.499012736461,316238705
M17020,32921,2626.971052419869,311413645
M17021,6917,2668.974692872201,320926003
M17022,16428,2610.348199790278,308241807
M17023,5626,2618.2551265267184,309364291
M17024,45272,2654.316766320879,318992381
M17025,30017,2661.6588967464945,319646672
M17026,13851,2621.5874057269452,310119835
M17027,8742,2614.793047294618,309168244
M17028,45643,2653.1468180998086,318907131
M17029,84405,2633.2444550500863,312515577
M17030,36582,2619.401445738811,309865211
M17031,33331,2661.341954309258,319610657
M17032,7962,2622.1062524856907,310141375
M17033,12065,2623.6871435144094,310523139
M18001,36512,2823.355294047303,336603814
M18002,15371,2855.702941390352,339354676
M18003,12088,2867.7915207663546,341122445
M18004,65943,2875.081365916718,341527434
M18005,10294,2810.1560177012448,336018192
M18006,25382,2848.0847184648046,338670903
M18007,16171,2848.3267558694033,338696285
M18008,37664,2860.2409564208274,340130252
M18009,26649,2772.3470016050974,329737992
M18010,34683,2836.3323265365116,337361803
M18011,21722,2843.6961513820347,338485013
M18012,42762,2883.87593289807,341959122
M18013,7753,2864.4383319583058,341034361
M18014,20849,2843.488112589583,338464164
M18015,94979,2858.3553899599406,339562100
M18016,42237,2837.6941544090882,337453878
M18017,305176,2854.469766323436,338911594
M18018,31202,2856.483325873272,339396507
M18019,12940,2799.25802023994,335634309
M18020,59808,2933.6614333794523,349012922
M19001,2514,2190.3554528835875,247865718
M19002,4390,2097.0068296974273,243167572
M19003,2464,2085.8688346922295,243050234
M19004,27773,2204.2331041650336,250953847
M19005,18524,2086.674430073141,243072570
M19006,283497,2184.186114315094,246922654
M19007,14840,2271.6948129532484,253691817
M19008,3499,2160.975748342349,246455043
M19009,75059,2181.92079634387,246842915
M19010,6644,2188.147254493824,247850267
M19011,9343,2117.6679374683904,244422905
M19012,11204,2171.08559381199,246681810
M19013,11540,2113.5580988686734,244345856
M19014,33721,2330.703058744503,255466768
M19015,2246,2094.2040591154096,243149587
M19016,3185,2159.201721260041,246427841
M19017,39519,2240.4368689866697,252446294
M19018,28974,2215.2701962040715,251966798
M19019,125978,2209.096056144902,251096453
M19020,5799,2102.9523216066227,243394116
M19021,233457,2193.520581695885,247957026
M19022,15475,2179.3353727543536,246808416
M19023,1699,2098.0779060999735,243171962
M19024,5576,2277.3665313227357,254514016
M19025,6033,2170.1232635042466,246673370
M19026,670162,2194.7012115838957,248196867
M19027,2795,2112.982484180085,244343061
M19028,1371,2158.5363028438646,246419321
M19029,6413,2204.4090958611096,250981620
M19030,3484,2233.475387951475,252232073
M19031,66497,2185.5649168650193,247733207
M19032,5305,2130.9262485435625,245302631
M19033,69205,2197.9315651512397,249425200
M19034,4719,2165.087059326102,246467052
M19035,1215,2113.8878035745947,244357396
M19036,7078,2344.214039424865,256085679
M19037,5049,2197.3995117146833,249420151
M19038,52741,2195.5162951878146,248870532
M19039,1110997,2201.1322780743753,249842850
M19040,1226,2083.4084245541003,243007668
M19041,11321,2172.8942813733315,246745776
M19042,6237,2144.9246867311654,245547271
M19043,2613,2226.5869814478624,252144309
M19044,32329,2136.929140712807,245413603
M19045,19024,2180.561579040567,246823891
M19046,496878,2195.9538202025115,248923273
M19047,14275,2192.5851067130693,247929614
M19048,227026,2213.2146591803103,251479449
M19049,36812,2205.0176893166754,251039691
M19050,2169,2110.8535151769734,244264351
M19051,4247,2156.898586192857,246402753
M20001,1540,2607.5504768846367,307432600
M20002,44579,2506.427817061923,276607518
M20003,2567,2607.120025057971,307426238
M20004,883,2627.205670401585,311496209
M20005,14249,2608.022134715308,308027115
M20006,13745,2642.539753873508,316177152
M20007,3655,2676.9897610697058,321620688
M20008,918,2663.714980519628,319887007
M20009,5660,2557.309954656869,283208273
M20010,13186,2581.958736596747,291979445
M20011,1317,2700.8760376110563,323174121
M20012,9566,2741.9301997292114,326505709
M20013,2942,2667.2504094436617,320784982
M20014,22675,2604.383602806575,306405895
M20015,5803,2694.480847129207,322752414
M20016,5733,2723.902204867363,325271714
M20017,3998,2701.458134858796,323211106
M20018,946,2614.9690353473798,309194697
M20019,3077,2586.5886311418576,296532964
M20020,3295,2724.2901544654396,325279776
M20021,14467,2505.7733912616145,276533433
M20022,931,2615.655977465105,309252912
M20023,12812,2658.433916291874,319411676
M20024,4298,2572.4095600524406,288902458
M20025,9799,2583.5732301048697,292271355
M20026,7828,2702.518563866962,323251893
M20027,2501,2564.3953156547063,285640321
M20028,17573,2695.436408737876,322781178
M20029,4149,2555.8551598908093,282871262
M20030,7705,2608.8700492863477,308199094
M20031,6704,2611.40094404303,308420421
M20032,1138,2658.391249337389,319410538
M20033,2004,2644.0220493463025,316626964
M20034,1400,2673.7330388295513,321148437
M20035,754,2611.6753640639463,308508429
M20036,5610,2594.5435763792607,300551815
M20037,4185,2737.0590105419183,326130902
M20038,2132,2605.7302527822367,307108320
M20039,53219,2644.3522415807647,316632336
M20040,6567,2557.9832101853735,283394643
M20041,31040,2557.9892547107625,283401210
M20042,7287,2610.1730108902652,308233351
M20043,78512,2612.482441232691,308758293
M20044,40877,2502.6785610603,275306100
M20045,3942,2638.1604443384895,314338591
M20046,3717,2654.6776752478404,319051205
M20047,109,2625.8530138496426,311378427
M20048,946,2675.0098000929643,321286824
M20049,1029,2681.030738743907,321981516
M20050,3473,2682.806182839662,322065526
M20051,3604,2459.618348290408,269588386
M20052,6011,2647.464555602985,317960335
M20053,1116,2616.002851428368,309254610
M20054,434,2648.685120652262,318328943
M20055,3383,2663.0730601287883,319864756
M20056,1275,2789.1570880340896,331251534
M20057,40709,2571.588192379789,288829654
M20058,13947,2572.875666499855,289085185
M20059,32555,2709.83439601734,323649811
M20060,2666,2605.6049263785453,307073756
M20061,2392,2708.739625675412,323619329
M20062,579,2610.1029102289917,308232772
M20063,3368,2644.110317005864,316628968
M20064,7607,2648.547836475966,318321336
M20065,1835,2688.493729583873,322318556
M20066,5308,2578.478883515614,290983215
M20067,256130,2648.203556121504,318007434
M20068,18183,2671.2310104509356,321025931
M20069,2032,2693.5784333075376,322722805
M20070,6226,2782.1390447621866,330753899
M20071,3828,2737.8330160448513,326181852
M20072,5661,2681.7467316533084,322025630
M20073,26406,2724.7923960707526,325297080
M20074,424,2693.657018610618,322724837
M20075,2675,2586.02565835095,295807916
M20076,3548,2756.312047021205,328616467
M20077,2423,2640.8413602788105,315514776
M20078,1061,2648.8084419042098,318452869
M20079,76452,2646.0645214351275,316946548
M20080,1796,2704.0630380449993,323304436
M20081,2318,2677.3083259872506,321624343
M20082,4594,2774.4207902912813,329870815
M20083,4970,2652.9679114074597,318902161
M20084,3206,2639.54985559695,315413448
M20085,22495,2739.0012484556587,326196761
M20086,751,2683.8055439396335,322120341
M20087,3400,2643.9666071993884,316623564
M20088,3100,2722.0775191100547,325099824
M20089,2136,2652.2884257308606,318829363
M20090,5638,2787.706062217885,331207156
M20091,3909,2641.8305112876224,316071665
M20092,1377,2654.109953757277,318988187
M20093,563,2650.1288423010715,318637938
M20094,2067,2655.453105550857,319069037
M20095,3723,2715.535192448804,324767820
M20096,677,2645.386164603738,316898613
M20097,1678,2600.9914267465692,306023325
M20098,4295,2562.7364200528727,285480837
M20099,548,2696.160585476608,322829253
M20100,537,2594.319088125083,300551278
M20101,916,2699.7584001876694,323108863
M20102,3074,2645.714507983112,316908314
M20103,4809,2670.728422948745,320975237
M20104,1929,2689.566145974747,322334091
M20105,6200,2666.084300986048,320556081
M20106,339,2633.268676511856,312599982
M20107,15261,2650.7185176452995,318673908
M20108,4315,2686.3320424590042,322186751
M20109,1313,2574.838958257475,289534132
M20110,1362,2691.3236510193487,322446631
M20111,3818,2777.1274390734284,329929477
M20112,2881,2663.3465534484776,319883520
M20113,2873,2744.8598120119186,326724213
M20114,788,2604.297743166683,306405107
M20115,4740,2657.6979487818307,319352066
M20116,3833,2556.58694006049,283048224
M20117,2512,2750.1433219144096,327187714
M20118,2731,2650.8418901311916,318689169
M20119,523,2676.1201289755095,321522714
M20120,638,2604.596985026991,306433478
M20121,827,2635.3977207766666,312969999
M20122,752,2665.2514244691897,320442439
M20123,2727,2681.2564434886517,322001910
M20124,15886,2633.839582665903,312746038
M20125,10882,2666.398256483482,320565351
M20126,4236,2700.3294263177268,323165008
M20127,1180,2679.4326170291715,321884962
M20128,1252,2591.0118768599405,299304598
M20129,344,2626.691012319036,311413301
M20130,4931,2609.3004066074373,308206799
M20131,9788,2654.521225256342,319041417
M20132,1043,2675.5644963866007,321448210
M20133,3408,2705.7802556041443,323539932
M20134,23238,2544.7970205337656,281282599
M20135,6150,2652.1129003995616,318712495
M20136,11680,2561.955506106403,283823340
M20137,3324,2698.913406498602,323099660
M20138,472,2611.200542591899,308418800
M20139,1914,2570.0304332799847,286635741
M20140,783,2650.590895936935,318660572
M20141,5782,2595.6439940308824,303593042
M20142,1379,2558.2445927587346,283439336
M20143,9318,2592.2903717846048,300337834
M20144,1184,2651.542970469089,318704061
M20145,1789,2646.570912514876,317480272
M20146,1868,2695.4587960857775,322810559
M20147,413,2656.917787410336,319115405
M20148,1991,2710.2695105139874,323686773
M20149,1250,2714.4488671075865,324668973
M20150,9694,2637.467513031796,314326309
M20151,452,2622.677296895442,310182804
M20152,2064,2704.509687083221,323357189
M20153,3959,2760.089386130328,328808690
M20154,1938,2703.4483973819456,323283606
M20155,849,2714.5819014610406,324674284
M20156,3294,2589.949161051971,297978773
M20157,8343,2647.6717070743043,317968334
M20158,2355,2738.3173706166463,326193058
M20159,5227,2734.9352122679666,326108879
M20160,1895,2648.7957862388644,318450974
M20161,2717,2639.3675020098813,315410731
M20162,1529,2673.9635257072946,321198754
M20163,1702,2558.9426646925917,283562564
M20164,3353,2678.9442023061224,321876589
M20165,1271,2644.7945215071136,316824814
M20166,9867,2534.540711735093,279699968
M20167,1892,2705.793936681744,323543340
M20168,916,2804.679365451424,335783857
M20169,4538,2536.100414507238,280102942
M20170,3151,2690.423169604078,322385850
M20171,19969,2548.627272968145,281901759
M20172,531,2669.9709967459935,320968088
M20173,1572,2604.283794642456,306403535
M20174,2887,2654.965390027069,319055188
M20175,1775,2611.8359101559104,308510886
M20176,3223,2624.3028003617264,310721178
M20177,9298,2595.309585217382,303208754
M20178,3499,2636.941210227731,314179974
M20179,1236,2621.497843098408,310118599
M20180,2286,2797.3690063324743,335334034
M20181,442,2622.679423481282,310183256
M20182,2242,2567.2276617114067,286017708
M20183,1511,2696.969137498764,322896192
M20184,133913,2518.916901457355,277534200
M20185,7514,2776.2277261960135,329910221
M20186,666,2672.4466505479736,321083445
M20187,2479,2560.561632384378,283616756
M20188,8656,2777.8091302412836,330235364
M20189,2338,2579.8055643235602,291712443
M20190,21679,2585.0754924741423,294494813
M20191,374,2614.6222151350034,309151940
M20192,1338,2667.4810648880502,320787924
M20193,2285,2633.9946701909394,312762857
M20194,1350,2633.0117518975017,312505360
M20195,1468,2667.637807804415,320789262
M20196,422,2606.165929516024,307128130
M20197,2914,2648.482592918836,318302673
M20198,27399,2565.842539991962,285885019
M20199,849,2683.0578013087234,322087585
M20200,3588,2614.268488603521,309124627
M20201,1830,2597.2251408732195,304340266
M20202,4302,2756.4480037627304,328620015
M20203,3198,2682.6025893361084,322060310
M20204,675,2655.0346357706508,319058075
M20205,16775,2561.797360658533,283737968
M20206,2466,2578.799206969356,291535984
M20207,17090,2578.5324905851103,291018113
M20208,9543,2693.3872230734137,322713262
M20209,932,2697.980236014371,323042277
M20210,6750,2677.4920973560156,321744027
M20211,3125,2709.353411136213,323624982
M20212,2551,2571.2319896939566,288327010
M20213,3889,2754.505967130078,327629435
M20214,2486,2591.14137435245,299768656
M20215,665,2646.729910021432,317482061
M20216,1150,2596.3542732444453,303609970
M20217,3454,2669.8465700858924,320953845
M20218,572,2687.0361502782366,322241422
M20219,2817,2654.3157636029396,318989564
M20220,2974,2595.0352678494146,303197950
M20221,1448,2646.2229808247675,317038690
M20222,1605,2589.0890312838924,297620557
M20223,496,2585.140212247174,294516492
M20224,720,2640.3469627020554,315462642
M20225,5380,2779.1287389962704,330542968
M20226,2587,2636.002854541051,312988880
M20227,9965,2647.317309082336,317899222
M20228,737,2555.221713879187,282853266
M20229,5676,2721.4730906143723,325092407
M20230,1202,2678.7253109683447,321875387
M20231,3144,2601.669571170753,306069679
M20232,20118,2537.498801645729,280274511
M20233,1941,2649.271806719759,318462622
M20234,7227,2561.377317330524,283647606
M20235,3618,2698.5458312102855,323083069
M20236,1741,2721.77426410242,325098083
M20237,2303,2657.8404829943706,319356806
M20238,757,2686.820119249371,322240665
M20239,1078,2670.9543839621074,321024853
M20240,2614,2703.4893378619718,323285544
M20241,1200,2698.1424761389962,323043209
M20242,8877,2713.866030945754,324643443
M20243,1776,2666.11752821218,320562281
M20244,3254,2573.845302256199,289351248
M20245,1370,2662.541964223136,319833832
M20246,642,2609.6185402070787,308221944
M20247,1391,2610.030843069117,308227396
M20248,10657,2631.9808050324177,312245121
M20249,2913,2558.451232572023,283440715
M20250,1108,2649.324749833104,318464563
M20251,1150,2698.602679394636,323086687
M20252,1838,2689.2103571703915,322323661
M20253,4148,2726.2131903798117,325323486
M20254,3495,2719.0689716302763,325049470
M20255,1945,2691.83575006959,322500581
M20256,250,2623.18612904764,310436271
M20257,1122,2598.1635273110164,304348498
M20258,880,2672.4775504550607,321084111
M20259,2261,2690.866641927719,322421966
M20260,2621,2614.8392787828725,309176986
M20261,6143,2652.7605772992133,318841150
M20262,1089,2614.072065698366,309123538
M20263,3134,2728.026573208062,325420537
M20264,2276,2624.413929541192,310724401
M20265,5947,2571.016707951539,286660147
M20266,8584,2724.427691749643,325283071
M20267,307,2615.811503804197,309254303
M20268,884,2694.7299123436255,322758217
M20269,3635,2704.03449732886,323300801
M20270,1703,2611.7590723751237,308509183
M20271,2097,2689.1166170321117,322321564
M20272,6705,2761.8657982977493,328857135
M20273,3205,2677.4467508192347,321740822
M20274,1193,2685.3280008318548,322131566
M20275,5332,2601.7811142036962,306072823
M20276,874,2574.4063927235243,289430338
M20277,12668,2714.6636392283876,324738760
M20278,36036,2521.153528714857,277956615
M20279,2617,2724.7596463821883,325294463
M20280,2673,2593.3245487118274,300426835
M20281,268,2651.0077634212366,318691900
M20282,821,2659.698605898558,319445429
M20283,1038,2618.2411831530667,309363253
M20284,3160,2666.755659630302,320587679
M20285,3115,2788.559975008505,331248419
M20286,3525,2690.8136977283416,322418441
M20287,432,2629.078250100084,311602369
M20288,601,2597.82872546243,304347897
M20289,1131,2709.8079677181104,323646210
M20290,991,2669.991629139307,320968619
M20291,4069,2730.6655475093776,325486475
M20292,1294,2666.2376539659535,320564057
M20293,7103,2643.464281095005,316230037
M20294,5071,2638.5473928990555,315087383
M20295,8470,2674.6653845142177,321247027
M20296,1135,2595.2146870901825,303207619
M20297,2489,2699.3257117582393,323102984
M20298,10477,2640.9136549537952,315517199
M20299,1074,2612.300312236048,308707333
M20300,5334,2768.5369980046958,329225835
M20301,1471,2679.382252851073,321883491
M20302,3765,2777.188759773229,329933295
M20303,1204,2612.1019819354538,308706129
M20304,1050,2648.753675201208,318423935
M20305,3634,2614.5615038862557,309148306
M20306,4735,2730.6302616395114,325481740
M20307,9862,2686.5784832087784,322191066
M20308,2588,2637.7014556706863,314336003
M20309,10854,2536.558079163104,280213144
M20310,3604,2654.4188722346516,319037653
M20311,677,2609.8393527032677,308224388
M20312,1298,2782.2118152187154,330760125
M20313,1010,2605.3095943563026,307044304
M20314,1548,2737.2586138413176,326180304
M20315,1903,2677.8706940023712,321782358
M20316,821,2681.995102217318,322031291
M20317,1555,2668.525834055208,320924448
M20318,32471,2770.370788418735,329594756
M20319,1312,2697.5314596497506,322940720
M20320,653,2694.3223608072008,322751761
M20321,926,2630.371277456854,312058595
M20322,877,2557.230064659698,283207396
M20323,1780,2608.3168431716213,308120106
M20324,36982,2757.576083845718,328633230
M20325,9570,2635.4151918248745,312970826
M20326,4535,2574.740430020571,289449620
M20327,13377,2575.6570202974362,289995634
M20328,1052,2677.6909880381836,321750777
M20329,1428,2686.671786265925,322200928
M20330,4173,2563.7588003615992,285591957
M20331,850,2662.4158822730597,319832982
M20332,420,2651.7183670092813,318705245
M20333,2684,2661.470766281461,319643988
M20334,42645,2787.5008430738803,331006433
M20335,991,2594.2258272096938,300550287
M20336,2546,2590.2203952848527,298339163
M20337,5504,2615.0039742807858,309195643
M20338,7819,2640.0021289744877,315423197
M20339,3486,2653.734120694046,318952774
M20340,2061,2618.449899099664,309440656
M20341,246,2648.864188477682,318453930
M20342,1584,2659.3361461483837,319439061
M20343,2029,2647.38441680551,317909187
M20344,2366,2735.115143558417,326128536
M20345,3722,2782.0219056630076,330745947
M20346,1633,2665.2596250396946,320443191
M20347,3288,2716.1722932726566,324787007
M20348,8671,2702.1994119782203,323243222
M20349,2062,2652.9193528003175,318900099
M20350,15690,2646.1435559029183,317023000
M20351,2470,2709.8210203530434,323647341
M20352,2225,2657.092693976418,319117476
M20353,1867,2715.867245909236,324782264
M20354,524,2554.5020497166665,282836385
M20355,864,2568.3235252132913,286405044
M20356,2140,2640.450663799465,315463362
M20357,993,2640.3058872797988,315461649
M20358,1990,2685.2214670734975,322129576
M20359,1149,2611.253681103909,308419272
M20360,3415,2670.2420090433898,320971822
M20361,977,2691.891356458919,322502526
M20362,1545,2714.142752748226,324652320
M20363,2532,2620.5771652568064,310069619
M20364,14036,2758.971737149787,328751214
M20365,1542,2615.073653470373,309249623
M20366,4440,2743.511794869993,326682722
M20367,4230,2782.121949233783,330749669
M20368,1604,2668.9851646193383,320932920
M20369,1758,2666.883157737681,320590839
M20370,725,2672.98503812317,321090194
M20371,858,2696.69103383678,322889910
M20372,1848,2708.9779771706053,323623134
M20373,573,2610.6495671882276,308261429
M20374,1263,2556.956939390488,283183399
M20375,6457,2646.924657479199,317813205
M20376,410,2693.074173554833,322568426
M20377,10688,2722.286171773827,325102924
M20378,3311,2683.256867392126,322094859
M20379,2672,2698.883525636765,323096988
M20380,1833,2650.6518426120388,318661355
M20381,2625,2666.4950842970525,320576233
M20382,1158,2708.0618966156453,323588552
M20383,567,2672.6547745155863,321084991
M20384,4061,2714.479072938197,324670223
M20385,52806,2652.823409353576,318847293
M20386,15054,2743.543144367037,326687162
M20387,3549,2679.245688407546,321879942
M20388,2212,2670.051970501159,320969610
M20389,1177,2674.764947982694,321255497
M20390,44364,2647.125288142759,317854858
M20391,2808,2724.4975428475773,325291655
M20392,6663,2713.750701439503,324636780
M20393,3455,2676.4857334562857,321564302
M20394,2660,2595.8247781289465,303598824
M20395,2531,2618.9571541737773,309472824
M20396,3329,2558.7016367616934,283507590
M20397,29026,2687.326842355348,322241994
M20398,5597,2691.055881918462,322439811
M20399,15749,2648.4952892770775,318305587
M20400,1562,2631.468174038817,312198985
M20401,18120,2769.9996888385585,329576636
M20402,1016,2799.0455479217567,335633293
M20403,1658,2656.992169156086,319115818
M20404,808,2639.9521513896348,315422389
M20405,1711,2655.469613582763,319071104
M20406,21436,2547.9053882994476,281741529
M20407,7106,2548.9959305635143,281921728
M20408,414,2674.816399136269,321256674
M20409,7272,2645.0231489300018,316833724
M20410,3369,2673.5748037734406,321145068
M20411,759,2647.4504559111365,317957637
M20412,3021,2601.5254432776624,306066658
M20413,28327,2741.05802740789,326445611
M20414,10118,2789.910965890118,331358958
M20415,4910,2766.4054241721537,329094439
M20416,594,2604.569178241761,306432884
M20417,9783,2544.8295005975856,281305837
M20418,10491,2634.8040639670253,312901127
M20419,598,2609.650860526209,308223790
M20420,1070,2697.3805345973747,322906788
M20421,4041,2631.0761390578086,312060291
M20422,770,2630.571939000145,312059521
M20423,606,2663.3883115519293,319886401
M20424,4156,2715.7520397185663,324778108
M20425,2081,2586.9705251491955,296765625
M20426,6914,2663.9242053301896,319887925
M20427,13648,2580.6674506828313,291714781
M20428,1506,2684.0146326776003,322121092
M20429,1675,2712.0194105053915,323874110
M20430,272,2681.6778006090744,322025358
M20431,1831,2584.899155711492,294492982
M20432,958,2586.4994182818614,296532006
M20433,2622,2760.1094819367418,328812649
M20434,4843,2562.1443735625203,284099736
M20435,2752,2613.8472416089107,309116639
M20436,1204,2609.6467830232323,308222586
M20437,8406,2607.785749909241,307434140
M20438,1562,2568.1044328574403,286390402
M20439,20228,2762.05165617966,328863840
M20440,1016,2629.5506656842276,312020828
M20441,5698,2619.466722147647,309901793
M20442,378,2605.546537692823,307073378
M20443,460,2615.7357380743497,309253843
M20444,469,2712.5501447930837,324502728
M20445,1223,2691.113543210894,322445408
M20446,6565,2715.7102681602873,324771543
M20447,15417,2752.520606739789,327587533
M20448,1633,2723.0757461953563,325247709
M20449,3449,2674.3746797410136,321241574
M20450,9537,2733.551682028497,325683568
M20451,1365,2619.7297432172427,309977311
M20452,4636,2672.7728025640367,321085558
M20453,2577,2690.714499881173,322415864
M20454,2754,2600.137435956351,305896193
M20455,2404,2644.929859164579,316826085
M20456,1341,2650.3601862212436,318642050
M20457,3058,2581.9236923443586,291976387
M20458,1544,2592.09856886358,300290148
M20459,4314,2604.533846034543,306428570
M20460,4837,2574.5329578192104,289444783
M20461,725,2695.8722943731364,322828528
M20462,3988,2640.1472602558065,315457661
M20463,933,2633.90849191845,312761924
M20464,601,2619.302349391407,309864610
M20465,1200,2597.638206073401,304346697
M20466,10675,2750.085541124649,327177039
M20467,17922,2786.459593372059,330886245
M20468,12682,2559.482756980646,283564266
M20469,28118,2702.0318022466718,323215104
M20470,6336,2616.190773968418,309255726
M20471,520,2588.106187201895,297536968
M20472,2788,2607.9979165766035,308024327
M20473,1432,2610.445638789237,308258235
M20474,3291,2795.677485524643,332121187
M20475,1988,2647.486023841064,317966346
M20476,397,2623.4309966027527,310522742
M20477,1674,2737.9073795063855,326185680
M20478,2422,2619.802776828473,309978676
M20479,266,2654.928646617547,319054922
M20480,1028,2681.4366648504506,322004637
M20481,2876,2715.9207025038263,324784131
M20482,44193,2794.668594126189,331936401
M20483,7937,2640.036747269369,315432579
M20484,4469,2684.890019104355,322125107
M20485,3234,2818.901579931672,336461522
M20486,2306,2638.880159880874,315286917
M20487,1721,2641.368049745263,315719481
M20488,140,2623.7582730260524,310535204
M20489,4997,2778.2545242702654,330244020
M20490,2712,2558.6986781308224,283504878
M20491,3315,2714.9036788175777,324751428
M20492,3888,2665.3218296652312,320444824
M20493,506,2648.0464208198996,318006928
M20494,7433,2668.3330690795665,320917015
M20495,3267,2719.1394783292644,325052965
M20496,1762,2610.4640136606426,308259667
M20497,3130,2758.6890744320876,328748084
M20498,6599,2564.320754248746,285633722
M20499,1725,2662.188546436368,319831257
M20500,7544,2717.292691219597,324898176
M20501,1173,2689.0155420404894,322320391
M20502,4963,2592.9758447047643,300395424
M20503,465,2606.132294480601,307127665
M20504,1757,2621.8248144962317,310133686
M20505,7295,2584.145853448271,294446082
M20506,755,2618.0417383981744,309362498
M20507,3347,2815.361411927605,336292118
M20508,1488,2605.2174443868903,307042816
M20509,8725,2760.452489507989,328821241
M20510,878,2710.9178846889554,323718434
M20511,3430,2657.8832341035327,319359109
M20512,1125,2710.5924232472894,323712220
M20513,7379,2582.132727772899,291992631
M20514,950,2587.779473245652,297048076
M20515,53229,2634.7460728226047,312847898
M20516,4334,2722.339383025071,325113612
M20517,4004,2620.6264764332764,310113553
M20518,160,2654.445427624109,319041257
M20519,2834,2643.1667736929926,316216882
M20520,7308,2668.256296070742,320909707
M20521,327,2636.6931725042887,314165106
M20522,1041,2613.845933713167,309115598
M20523,1565,2643.472846477845,316237140
M20524,510,2656.134492879044,319084194
M20525,10457,2572.836290201926,289074728
M20526,14058,2762.418025840742,328884068
M20527,2569,2588.7117448808444,297579995
M20528,1464,2688.1153482423038,322300722
M20529,1456,2661.818545691205,319695493
M20530,3095,2666.0601840927866,320552986
M20531,1939,2647.4572521480004,317958396
M20532,4139,2703.7904907529173,323296662
M20533,1683,2714.6221041171575,324737077
M20534,4173,2718.874255760917,325045297
M20535,3390,2699.4601866499497,323105473
M20536,519,2655.8759722859318,319072815
M20537,7786,2694.8732667938198,322759101
M20538,635,2704.2020478855757,323345640
M20539,3902,2644.7501098180023,316820912
M20540,6088,2643.944829436735,316617476
M20541,1855,2595.09121893079,303200924
M20542,874,2696.7840209735823,322895318
M20543,5306,2767.6958402986816,329180177
M20544,1747,2615.44307897465,309251165
M20545,7476,2571.8214116140634,288870363
M20546,5562,2640.078090630631,315440516
M20547,952,2637.1608703433003,314191645
M20548,1573,2612.9597616431956,309031141
M20549,12346,2660.8579672685546,319572791
M20550,4724,2645.840193292526,316941824
M20551,13507,2644.5454029160637,316685555
M20552,514,2619.529992493139,309976797
M20553,6777,2643.7441181588592,316610699
M20554,5626,2590.317361550288,298782717
M20555,2813,2664.408274827564,320439626
M20556,316,2631.1684252209875,312198669
M20557,12140,2598.3440735369345,304353184
M20558,1507,2599.0224832072263,305146196
M20559,22886,2557.903824089378,283249254
M20560,5594,2637.25303506862,314320715
M20561,2256,2665.819421747148,320550730
M20562,1305,2657.5270660812635,319350761
M20563,1413,2708.8130199160487,323621721
M20564,1259,2685.360846677968,322138195
M20565,19247,2660.886659955952,319585137
M20566,3184,2696.762022965402,322892134
M20567,3433,2687.961696920595,322297289
M20568,1563,2640.0244211695976,315431016
M20569,1958,2659.4873020449227,319440645
M20570,16801,2670.7848279067744,320980046
M21001,49462,2540.9340935840996,280582368
M21002,9199,2403.312536531744,261563604
M21003,34765,2626.6743911003878,311378536
M21004,40439,2540.833570926301,280534714
M21005,3074,2620.4198926499434,310066545
M21006,13058,2456.724314381406,269420730
M21007,3795,2607.183320242699,307428805
M21008,9087,2473.372526003651,271655663
M21009,2614,2636.894202599237,314177360
M21010,48642,2561.378314045574,283654833
M21011,2004,2674.542381663318,321245023
M21012,6632,2514.205555413345,277241706
M21013,15811,2564.789069702504,285691872
M21014,4704,2448.9337130617773,268618980
M21015,64315,2552.1893862501993,282389318
M21016,7664,2479.8182800677005,272134966
M21017,18565,2444.650507528299,268108914
M21018,3732,2589.2206104295974,297623463
M21019,117111,2589.8122711284464,297861662
M21020,5782,2563.326507409744,285563526
M21021,1310,2628.956290774337,311601059
M21022,11933,2606.577849635643,307358652
M21023,8104,2519.138807208142,277678403
M21024,1302,2649.7674669744492,318497474
M21025,7704,2419.259024646645,263402781
M21026,13571,2574.4478557464736,289431212
M21027,5104,2592.5987479710216,300382346
M21028,2216,2447.0458157382986,268377382
M21029,3931,2434.7882498379586,266385233
M21030,884,2443.449017100904,268044656
M21031,3564,2598.2447977092106,304349620
M21032,1880,2675.12211529969,321287770
M21033,4596,2619.214596313304,309860014
M21034,27575,2561.8187952434973,283764763
M21035,18692,2564.6224485643643,285673180
M21036,12662,2553.324812156666,282613210
M21037,2524,2594.8803278105006,303189479
M21038,6583,2549.071062398911,281943246
M21039,8984,2460.493760601259,269660291
M21040,7086,2558.156351124689,283432250
M21041,46729,2563.247910809457,285516797
M21042,3985,2610.087929799623,308228787
M21043,45010,2433.3775513983524,266154382
M21044,14434,2475.686851182103,271946656
M21045,38711,2518.70893725999,277436036
M21046,5542,2549.2023545482066,281954712
M21047,21133,2653.8359924669626,318956260
M21048,17788,2566.2239172978384,285926136
M21049,12855,2454.358520036915,269088723
M21050,20252,2475.7774054081324,271961090
M21051,36606,2632.922375263649,312468754
M21052,1301,2589.1113140137877,297622162
M21053,49266,2482.4652421125875,272296071
M21054,27216,2442.414734675453,267846070
M21055,5043,2635.5374897756083,312980396
M21056,1961,2662.8118261257237,319835202
M21057,7279,2460.3030073596647,269653012
M21058,17833,2478.2258435903973,272036662
M21059,2810,2640.570258351395,315471450
M21060,5581,2570.8281861010305,286650069
M21061,26108,2531.503559980232,279450183
M21062,4845,2608.6389472872015,308150540
M21063,13473,2525.6996737686777,279026367
M21064,16331,2394.0902910331406,260054785
M21065,22151,2534.869354947766,279738245
M21066,3177,2641.0460210583183,315698265
M21067,14833,2485.298630196513,273401682
M21068,8194,2439.108110812003,267497892
M21069,28654,2608.6306015694654,308121886
M21070,8026,2584.7361149953017,294484956
M21071,83537,2455.081293040573,269135081
M21072,16130,2432.4154180542228,266019716
M21073,9651,2652.7322495940293,318831499
M21074,50868,2565.7906391159436,285834151
M21075,10206,2439.8988020265633,267592780
M21076,28345,2425.0154159471376,263859742
M21077,5465,2444.0762180889938,268093582
M21078,11670,2448.919993923448,268607310
M21079,4591,2565.5684143909716,285761702
M21080,2761,2440.4450344670336,267771021
M21081,4614,2683.78683392204,322115727
M21082,6922,2589.978876338221,298305528
M21083,28358,2486.8432034819452,273535435
M21084,6589,2440.9921698693224,267786966
M21085,70739,2618.304243830412,309369917
M21086,13257,2421.725608932511,263750489
M21087,12556,2667.7001579738235,320790730
M21088,4942,2435.821136056126,266633436
M21089,13489,2432.1277868235347,265990573
M21090,14483,2565.104818241814,285712784
M21091,9301,2448.7808325592664,268575287
M21092,5239,2578.859935775745,291548002
M21093,9207,2481.946357644616,272259895
M21094,25719,2492.286822989042,274094845
M21095,722,2580.823068982087,291728429
M21096,2396,2523.4608601799855,278861187
M21097,2044,2554.9691649229508,282851222
M21098,6229,2570.5480222864744,286643840
M21099,17779,2539.3114353122337,280477561
M21100,9613,2454.244542271394,269079110
M21101,3617,2443.747504043398,268083427
M21102,10644,2576.8289893532765,290199475
M21103,5375,2543.0674121701304,281174657
M21104,19033,2522.8131491624513,278842154
M21105,4945,2481.8777008783886,272254950
M21106,23619,2574.9517401155877,289539874
M21107,12609,2437.1597335087063,267088849
M21108,13769,2495.749245450607,274451169
M21109,18326,2453.1733379583357,269010373
M21110,35812,2538.567213075356,280352141
M21111,19401,2417.990405607514,262853501
M21112,9680,2629.1556085321363,311602801
M21113,5948,2640.5082826608177,315465502
M21114,1346916,2562.206307995707,284104579
M21115,38649,2535.2060323380015,279789238
M21116,19235,2475.4662461548787,271927421
M21117,14766,2520.9541325947957,277840667
M21118,20849,2545.9528432759694,281483607
M21119,56066,2568.389522710919,286405908
M21120,4495,2552.434713142452,282464436
M21121,1116,2591.341817661462,299771142
M21122,8632,2566.017433184902,285912418
M21123,4425,2444.9955890372216,268143655
M21124,13554,2572.153358998976,288877839
M21125,6934,2573.4424326744993,289210966
M21126,5267,2578.1531031503723,290524650
M21127,4317,2616.42611539251,309286393
M21128,6744,2517.038337651941,277321585
M21129,11697,2571.2996054828245,288329561
M21130,3708,2515.730976290114,277289096
M21131,815,2577.0140639611714,290288191
M21132,121071,2556.930994815464,283062328
M21133,951,2606.296382892509,307136911
M21134,16361,2557.6657160727764,283213933
M21135,727,2627.410511238998,311497092
M21136,9350,2558.7409124737596,283510919
M21137,8334,2509.682402682523,277065579
M21138,10009,2578.6567835050414,291525975
M21139,3441,2635.84475863681,312985439
M21140,99794,2567.7646887485494,286019950
M21141,3711,2636.168300509217,313023607
M21142,23342,2518.1329024056777,277373386
M21143,22649,2563.554419680051,285569308
M21144,10631,2545.3579879864087,281399194
M21145,13219,2533.598454196189,279576367
M21146,887,2592.2579010417912,300336947
M21147,6112,2605.6936236704796,307102208
M21148,8815,2578.485052975697,290988523
M21149,14249,2557.0272303189363,283184662
M21150,6734,2586.7624945301386,296546197
M21151,7082,2554.1456568183316,282829303
M21152,11068,2523.8344394809756,278878292
M21153,16844,2560.039425491734,283576948
M21154,59177,2545.826696524422,281424430
M21155,6830,2651.754223148557,318705665
M21156,226258,2562.0508525029204,283873478
M21157,12650,2629.9850827434166,312029175
M21158,7060,2412.678937526685,262116733
M21159,4840,2595.1971183035294,303202779
M21160,3549,2650.2194186557285,318638501
M21161,16717,2564.4382326507675,285656463
M21162,4003,2452.347049882657,268952865
M21163,14055,2544.334746562275,281229841
M21164,62651,2549.7880315445555,282064662
M21165,1272,2617.41892827336,309336146
M21166,8671,2606.9939572843987,307370585
M21167,9457,2458.622847698694,269502460
M21168,6392,2629.513317016952,312014436
M21169,18145,2585.5533150384244,295752530
M21170,15268,2477.2194292270333,272021394
M21171,2864,2561.668181068843,283703475
M21172,25859,2469.587771776104,271247377
M21173,5556,2442.9294631068624,267989509
M21174,81156,2440.240449916279,267676789
M21175,9640,2584.4282629789122,294475316
M21176,8331,2625.0608969215477,310726677
M21177,42295,2558.8358430684384,283520269
M21178,17764,2443.392152523466,268026892
M21179,25674,2505.7042014601307,276262551
M21180,31665,2562.8174222796333,285485132
M21181,5370,2560.9630737342404,283638767
M21182,4198,2557.6772496632043,283230294
M21183,18233,2449.657203941319,268787123
M21184,6502,2446.052039097502,268210327
M21185,8686,2614.671842241228,309159558
M21186,47106,2446.0664911559875,268290365
M21187,6271,2432.3511237827975,266004062
M21188,17171,2599.988634597511,305223513
M21189,17259,2555.7963267852174,282854003
M21190,1161,2612.6476286177053,308836805
M21191,11025,2665.7111149857287,320539705
M21192,6176,2432.7815064947895,266076154
M21193,6185,2570.1830573348725,286637655
M21194,25115,2401.180422903069,260745425
M21195,21164,2543.470352707832,281205493
M21196,1701,2619.0868720342824,309858313
M21197,70164,2440.214315349813,267606625
M21198,1433,2669.937656338168,320966655
M21199,30426,2439.786557473569,267562354
M21200,4306,2459.4877204405266,269578180
M21201,3279,2606.0918528745924,307124386
M21202,11760,2444.7820551691657,268131895
M21203,5101,2564.800489509443,285707683
M21204,6649,2442.434956924328,267970723
M21205,19368,2549.5593299986085,282045294
M21206,4407,2593.361428667934,300429508
M21207,49242,2450.515528420005,268858281
M21208,69698,2469.75354057284,271273236
M21209,8900,2578.9622505800126,291557094
M21210,5267,2447.508731802401,268387117
M21211,13810,2457.028605262792,269433788
M21212,19447,2469.5221515354665,271227930
M21213,13535,2437.552958388503,267220901
M21214,13641,2564.4004416004714,285642822
M21215,4392,2450.2724909829894,268853889
M21216,2949,2438.920725745626,267469063
M21217,19715,2550.210882527178,282178950
M22001,54591,2598.518707854419,305091605
M22002,27290,2484.657896345551,273374392
M22003,12667,2456.172399766839,269364500
M22004,51790,2533.7077450299043,279589586
M22005,46878,2542.7968210350296,281098682
M22006,74558,2591.368485139188,299772258
M22007,27598,2541.8126998265743,280936433
M22008,29140,2592.4161759485155,300347152
M22009,22839,2467.0823332181644,270757263
M22010,19493,2459.0279226410466,269511917
M22011,71397,2577.668427805502,290300061
M22012,49554,2573.023156932303,289099132
M22013,16557,2504.8720499032306,276071628
M22014,641386,2583.7252896619207,292281154
M22015,7665,2497.996819918913,274683633
M22016,179668,2571.384809854344,288593813
M22017,49969,2553.6109423962203,282711133
M22018,21266,2524.569627697978,278961606
M23001,60091,1843.9097611900472,234153354
M23002,60365,1980.0317429943764,238463626
M23003,11313,1759.4018439166634,230009994
M23004,208164,2101.8429198128733,243185952
M23005,419815,1772.3132773092536,230609972
M23006,31052,2025.8428583866782,241397970
M23007,20411,1801.0929974342114,231430606
M23008,63752,1836.9891174973861,233706849
M24001,19192,2499.847611328943,275067026
M24002,8781,2403.8949802152592,261582835
M24003,42782,2402.2708948973986,261494262
M24004,4889,2473.25355739832,271650774
M24005,18824,2417.4635941490865,262469711
M24006,9889,2384.1145580878947,259527164
M24007,16153,2362.045228249758,258068261
M24008,20703,2430.9388112694573,265686532
M24009,3404,2486.2865762082497,273532031
M24010,30603,2383.2314651186402,259496561
M24011,39944,2448.6449894785837,268535343
M24012,19904,2400.442270100974,260708169
M24013,146604,2372.5849517113297,258678113
M24014,17352,2400.49356927303,260728073
M24015,21070,2442.315667910441,267825000
M24016,39687,2308.556354507724,254987205
M24017,25359,2425.659453660128,265276412
M24018,14289,2404.4291316831254,261654499
M24019,6538,2443.9294023337898,268087044
M24020,78187,2368.3734055136374,258482102
M24021,48392,2506.1049112631563,276547900
M24022,19904,2468.162725008477,270874807
M24023,15790,2429.636255957842,265574389
M24024,88991,2448.40419923532,268439135
M24025,26405,2525.307301226548,278991240
M24026,9363,2393.9647997426678,260045422
M24027,10493,2457.3769510579727,269450805
M24028,670532,2504.524544184713,275401096
M24029,22373,2396.9788097930077,260267126
M24030,6793,2465.373160864582,270165060
M24031,10830,2433.5290777450773,266215825
M24032,39066,2513.566980797494,277158772
M24033,12755,2476.6051865025315,272008639
M24034,14107,2363.626452087804,258130968
M24035,180296,2498.856586747464,274827440
M24036,27390,2405.100324560253,261723415
M24037,89074,2415.1764149121163,262292827
M24038,16008,2399.234974765786,260692161
M24039,13722,2392.878187895444,260004834
M24040,35087,2354.287419685555,257537380
M24041,18137,2389.1178067110077,259754719
M24042,13354,2378.181352792842,259312903
M24043,9582,2511.539902592447,277134271
M24044,7533,2375.3165606147527,259191773
M24045,14205,2454.975423880934,269120876
M24046,14623,2553.554188836769,282696510
M24047,10378,2396.8735527347317,260242312
M24048,5135,2371.1581035964464,258672978
M24049,34432,2525.852989162297,279054355
M24050,40602,2527.7929469570954,279280325
M24051,14989,2459.427818681079,269558180
M24052,10956,2438.0937796620483,267289151
M24053,31405,2406.7055424367913,261767042
M24054,49578,2419.045852409974,263353203
M24055,21962,2494.8309940459358,274315021
M24056,13747,2457.9448521878826,269485669
M24057,28319,2411.547869644023,262049103
M24058,18898,2352.980504770796,257518482
M25001,359146,2923.2951030460963,347622985
M25002,43827,2875.848328659542,341624372
M25003,37757,2823.4561032659826,336640326
M25004,27815,2827.555360605926,337033701
M25005,17269,2807.563537539554,335819235
M25006,745537,2842.8480832610862,337712901
M25007,29355,2815.376491273721,336295465
M25008,49471,2855.5382855589496,339305205
M25009,50438,2834.095507717334,337308529
M25010,89515,2856.493881924144,339427709
M25011,277402,2890.520100009286,343136437
M25012,380509,2859.7409279298276,339749743
M25013,50082,2848.408128458244,338712456
M25014,47934,2830.0468210734807,337103237
M25015,73303,2863.164303443269,340169500
M25016,26762,2815.0095068884143,336250833
M25017,85100,2854.883014087493,339220105
M25018,145622,2871.844122471552,341325490
M26001,2420,2834.4120462745122,337359383
M26002,61944,2714.597690157575,324675133
M26003,25152,2851.730981868223,338810715
M26004,7253,2942.727343578891,349337346
M26005,1484,2781.145185118022,330700325
M26006,3396,2808.0736665680492,335836504
M26007,718,2915.1912914126206,347127135
M26008,1348,2738.4448995548814,326195413
M26009,943,2797.5868608524825,335336320
M26010,1366,2696.7283811810616,322890768
M26011,1496,2778.7043547568924,330249017
M26012,21322,2926.080395990145,348058427
M26013,1484,2825.844652152346,336969309
M26014,3724,2833.378793354908,337276208
M26015,1377,2692.5727647979033,322531410
M26016,5732,2899.6326207306665,343699122
M26017,69516,2971.7084022216004,350101567
M26018,356290,2916.1042188099964,347127853
M26019,32061,2794.834565557929,331993881
M26020,4984,2905.4849362616915,343755772
M26021,2306,2910.5836804091923,343924189
M26022,937,2856.5192845619804,339517224
M26023,6202,2787.665579911461,331084634
M26024,825,2775.7581557942517,329879757
M26025,49987,2970.7160067768737,350051580
M26026,56129,2918.320303575765,347506704
M26027,7801,2731.6257664632612,325585717
M26028,1235,2751.1288203269473,327199964
M26029,130329,2980.3053958439145,350322053
M26030,609829,2930.728563732573,348329923
M26031,1147,2705.18729912763,323431023
M26032,966,2748.4005629255034,326959666
M26033,76296,2924.14329099775,347982131
M26034,1142,2829.63912593085,337076225
M26035,9988,2852.45728196416,338835867
M26036,24447,2868.2742161375786,341135708
M26037,1584,2862.3113707826583,340167916
M26038,4187,2786.603928550167,330904167
M26039,5370,2750.3358575968637,327190226
M26040,2236,2729.1479855935077,325444072
M26041,14365,2763.4867410475435,328929192
M26042,140650,2893.7324355059914,343436797
M26043,159787,2840.195296379808,337519589
M26044,479,2832.954214665377,337275729
M26045,2831,2866.039480185247,341119614
M26046,402,2932.526945573871,349012520
M26047,9236,2963.809699758147,349819117
M26048,31157,3072.9044344950057,352802136
M26049,3335,2854.481120194801,339216770
M26050,1591,2869.988421000058,341289293
M26051,5432,2848.6620773410327,338762538
M26052,6400,2779.4206126354275,330548348
M26053,416,2834.170810940174,337358967
M26054,279,2845.5063789696746,338506735
M26055,145006,3142.960658958693,354628890
M26056,5626,2893.3124577357553,343421018
M26057,1703,2813.930475658089,336170955
M26058,13526,2885.373697784435,342202563
M26059,1628,2811.8595116601787,336028486
M26060,2257,2886.9149198700125,342250210
M26061,1649,2828.3105725403366,337074576
M26062,1175,2867.9753243755235,341134533
M26063,1539,2784.635230818719,330805364
M26064,1756,2927.7183778604553,348112862
M26065,1798,2902.9952557235706,343749656
M26066,9565,2865.9165259377833,341104555
M26067,1986,2739.308717218027,326249295
M26068,1590,2842.1211075356373,337679376
M26069,6069,2783.920922410871,330789103
M26070,11278,2992.299193958345,350671365
M26071,21813,2926.0884860306455,348079749
M26072,13692,2947.3934259762073,349605799
M27001,54265,2304.130527429997,254837361
M27002,217261,2374.5969150540564,258974512
M27003,88218,2285.355078469387,254545892
M27004,520308,2352.715931137017,256998174
M27005,164637,2340.510899542857,255807042
M27006,104360,2357.8106017253267,257747839
M27007,26951,2321.2130311315022,255252510
M27008,158573,2392.0263282951805,259835248
M27009,32840,2373.5377930316336,258825507
M27010,68746,2341.445659076084,255983268
M27011,27807,2304.1225259197467,254809554
M27012,133985,2359.0520471597215,257865953
M27013,80272,2340.1452191255476,255726770
M27014,70764,2327.7839603059797,255358394
M27015,41296,2386.6896204013474,259713423
M27016,45834,2397.353366497043,260311134
M27017,55712,2333.028819749468,255589164
M28001,13306,2165.311079803339,246534544
M28002,27997,2230.765019167655,252147810
M28003,127664,2262.749322737185,252954998
M28004,8915,2333.283983418074,255644876
M28005,5183,2132.2887350711485,245356041
M28006,7520,2315.8600493580307,255194290
M28007,16787,2040.1009419247882,242040128
M28008,4537,2217.1888461236585,252040489
M28009,182325,2264.9371272294948,253140720
M28010,2333,2125.7725391463127,245271585
M28011,8570,2302.7748535321603,254800984
M28012,41455,2263.800396119398,253099265
M28013,14499,2223.088827252565,252105177
M28014,4366,2055.191853506935,242355032
M28015,16246,2026.8909117429466,241429022
M28016,24281,2231.8239770849755,252205786
M28017,13184,2289.6569291466703,254699741
M28018,8510,2161.57542848787,246458542
M28019,17620,2269.616378229172,253665797
M28020,2830,2223.007686551037,252102347
M28021,112602,2309.898996469532,255068551
M28022,418141,1965.783452336868,237885755
M28023,5337,2103.5270062752716,243399915
M28024,6788,2057.704718710522,242378562
M28025,25704,2050.350208781328,242092120
M28026,3176,2305.1501366122047,254891626
M28027,310915,2020.1158475450602,240305971
M28028,3067,2344.436278568064,256092757
M28029,13303,2328.9672958725487,255429158
M28030,13677,2205.4465830749527,251082776
M28031,1821,2310.052564444818,255181153
M28032,420463,2011.2099271603006,239728622
M28033,104229,2004.1369272755512,239500859
M28034,9577,2169.518846422048,246663793
M28035,57412,2090.24262805352,243091094
M28036,1055,2152.7089428383997,245647817
M28037,24231,2174.7080105532873,246757097
M28038,295442,2269.2721040697065,253350944
M28039,27049,2344.6692104659123,256095824
M28040,58573,2004.3396896870834,239605088
M28041,263063,2247.2239937673653,252555508
M28042,7005,2219.473594833565,252045026
M28043,22464,2288.3870399291163,254676209
M29001,7679,2533.7275603526314,279641376
M29002,11795,2537.0965986922147,280262716
M29003,5449,2520.679527782969,277818826
M29004,13122,2502.199976984659,275258599
M29005,67675,2526.1247312963096,279088787
M29006,37169,2539.830367142205,280495340
M29007,12412,2502.4406499895904,275271721
M29008,10964,2512.2902510247227,277143853
M29009,4255,2529.0015334814952,279328453
M29010,57512,2538.3870884589182,280294629
M29011,4080,2525.5021843445215,279017645
M29012,7215,2540.911222487257,280575153
M29013,66561,2520.9651283802177,277855433
M29014,12664,2535.233511661057,279827887
M29015,30301,2549.4515578913483,282014993
M29016,5840,2524.3498114779923,278955766
M29017,8357,2549.9073240436596,282138678
M29018,28842,2535.0758364091316,279760396
M29019,14313,2554.9682418466846,282836909
M29020,6937,2541.4936127212395,280747124
M29021,14605,2545.720616847139,281409825
M29022,4357,2546.7461968542384,281597465
M29023,21020,2553.4150147922983,282625872
M29024,23391,2543.30989591005,281182102
M29025,54387,2553.8459298198463,282774916
M29026,12824,2532.0708151240487,279514648
M29027,10142,2553.442923947275,282646892
M29028,17067,2544.395539936938,281265532
M29029,9006,2547.1539330831206,281606441
M29030,11226,2506.255983311448,276596292
M29031,21753,2521.545286887851,278708689
M29032,10803,2552.373952403459,282453633
M29033,73230,2541.1829643311303,280661427
M29034,33893,2507.577848535425,276751216
M29035,4735,2521.1805499655256,277992651
M29036,16682,2541.6781455781697,280883413
M29037,7959,2529.2921614260445,279336251
M29038,9294,2526.379635564643,279156462
M29039,16857,2521.148454115333,277939758
M29040,7418,2530.033197470549,279433635
M29041,22288,2551.7416122953955,282366109
M29042,10226,2553.214669194342,282516144
M29043,21555,2529.785042664576,279412080
M29044,31915,2549.9948834007732,282147035
M29045,4729,2530.4494334777123,279445454
M29046,3391,2499.044355742566,275007736
M29047,2347,2505.1815053607884,276154420
M29048,13697,2541.778602633244,280922736
M29049,4360,2547.558626596173,281717475
M29050,9081,2541.1786766164855,280652346
M29051,3234,2549.251846847512,281960254
M29052,4587,2528.070679010027,279323866
M29053,5547,2549.4147304671224,281963488
M29054,4368,2549.8796425726696,282134310
M29055,2939,2527.8412149957835,279320927
M29056,5851,2549.0088865763855,281928834
M29057,3676,2552.762557587503,282468931
M29058,6997,2549.7978111688462,282127313
M29059,4883,2549.084555809149,281949829
M29060,3184,2543.7775683869077,281226657
M30001,7514,2437.81206812558,267276401
M30002,2658,2417.4213190427213,262467053
M30003,78243,2462.2045652853426,269820878
M30004,39354,2420.5219238473887,263579832
M30005,5011,2459.487452571584,269573169
M30006,17785,2532.983033917032,279558582
M30007,5613,2463.242436343169,270069913
M30008,8573,2484.509371608265,273243545
M30009,27188,2417.0164187405703,262416476
M30010,53241,2437.4060355226857,267159394
M30011,49499,2434.419627144868,266306916
M30012,7228,2463.896013925075,270075526
M30013,26377,2331.13344556145,255500489
M30014,36823,2497.9295285927055,274608487
M30015,32119,2432.1167315877515,265958454
M30016,23389,2417.3811167420627,262443664
M30017,3611,2443.0455282519524,268008335
M30018,1776,2526.9603049218695,279239455
M30019,5381,2534.6034394471635,279709835
M30020,8054,2522.363178758523,278784176
M30021,22619,2482.9591379675035,272377582
M30022,16998,2502.844728600994,275346977
M30023,48179,2435.2615070960946,266568727
M30024,13339,2455.199040845791,269272983
M30025,20230,2467.653110241252,270797196
M30026,16433,2433.4989049683963,266199392
M30027,16237,2405.4125017014794,261750805
M30028,135804,2425.0916438294134,263888087
M30029,11072,2483.848299573006,273187363
M30030,39308,2518.240643910667,277396728
M30031,14628,2480.695668914165,272142630
M30032,45383,2429.2274594470005,265529006
M30033,23839,2360.5120316658295,258025619
M30034,24729,2348.0350345944034,256851800
M30035,11268,2346.154128724427,256265128
M30036,7301,2427.881066952251,265458649
M30037,6876,2423.8950717257844,263852866
M30038,73536,2446.053332903778,268216829
M30039,267212,2417.7949779119435,262534412
M30040,39189,2389.332984630299,259776961
M30041,1834,2503.3973745306566,275363975
M30042,6196,2390.195829667031,259816150
M30043,17094,2467.614111434666,270780102
M30044,177288,2494.797218047927,274121843
M30045,54185,2473.80447071236,271725630
M30046,15303,2459.0360464379505,269542877
M30047,42003,2485.8387704396473,273450010
M30048,97437,2442.42363736864,267873286
M30049,18920,2466.9406461067065,270738343
M30050,14423,2423.180446949272,263815507
M30051,21105,2422.6995118326877,263794402
M30052,10849,2501.626685437491,275247750
M30053,23260,2488.81905313626,273816653
M30054,11731,2482.1677643041385,272284340
M30055,12902,2391.5707309995396,259822346
M30056,6646,2394.5030066732083,260071116
M30057,12981,2412.03505745485,262077422
M30058,58735,2395.899908891846,260107346
M30059,14105,2441.7664269920965,267802606
M30060,14035,2333.79957561549,255653791
M30061,73077,2420.993917351132,263655394
M30062,15130,2490.458578117302,274044173
M30063,15072,2351.8576195385695,256971406
M30064,3438,2422.0786661053826,263763746
M30065,44580,2433.850447903276,266226655
M30066,23876,2404.568095042912,261668788
M30067,10824,2429.7187457484283,265590179
M30068,46053,2498.4044441238643,274691298
M30069,26413,2367.3006127495896,258336400
M30070,18205,2464.1787759243825,270128535
M30071,46477,2473.485281449094,271664750
M30072,18093,2453.567264707843,269050592
M30073,39795,2456.0392803122336,269324705
M30074,5733,2515.397696407236,277252418
M30075,17753,2451.881104589456,268935112
M30076,12956,2430.61161138144,265653658
M30077,38847,2489.622808725396,274002191
M30078,12863,2362.3072941592727,258116906
M30079,9517,2465.121090161809,270155543
M30080,19945,2483.8028551089915,272733275
M30081,11914,2508.1375808756397,276842173
M30082,13294,2426.2880278312223,265352355
M30083,49216,2408.8338638026657,261905011
M30084,6047,2468.0765764470057,270853808
M30085,56896,2506.6782883427754,276652097
M30086,33399,2437.778273863445,267243002
M30087,390590,2436.7612370745082,266698259
M30088,4416,2444.7664960683815,268127479
M30089,37764,2449.7896200999166,268805356
M30090,9969,2438.7219968172017,267459094
M30091,25424,2517.338048952095,277336004
M30092,28762,2452.3919569318737,268956868
M30093,13025,2431.846184633916,265803086
M30094,33495,2485.779502893622,273416515
M30095,18971,2395.548158306483,260088375
M30096,1432,2414.794153312643,262291395
M30097,20161,2433.354388268633,266134221
M30098,2327,2513.919331556757,277237165
M30099,14709,2523.584166955094,278863583
M30100,20580,2439.6015507937955,267532503
M30101,28622,2505.1555723192573,276125798
M30102,119166,2399.132314564377,260572995
M30103,10345,2427.191968210919,265385221
M30104,15210,2432.6602930133936,266060944
M30105,35171,2431.786047065666,265767915
M30106,3807,2418.4886874213203,263349396
M30107,2582,2437.470782039308,267212635
M30108,153001,2438.719405410488,267306093
M30109,60771,2397.9319522555516,260356968
M30110,8368,2525.0575057128394,278982872
M30111,16755,2427.2746217172157,265406633
M30112,18097,2423.3142124700635,263829930
M30113,4038,2503.9490830835025,275365809
M30114,9798,2368.1056757940487,258428965
M30115,30945,2515.4457226484597,277258151
M30116,13282,2463.2332201965382,270056631
M30117,22085,2498.766259919388,274805355
M30118,118593,2509.2517761888457,276932763
M30119,5236,2505.190437341992,276156767
M30120,12137,2442.856954713459,267977372
M30121,24394,2316.5887961578765,255201810
M30122,14071,2420.2984512859425,263557181
M30123,90657,2307.281933094106,254896548
M30124,170304,2382.9513247497516,259326257
M30125,26567,2474.9479571576453,271900854
M30126,30791,2429.194809475083,265498215
M30127,17980,2504.1796535294966,275383116
M30128,54365,2455.140836739304,269218618
M30129,17509,2385.0190697106054,259695914
M30130,49388,2524.346130368314,278906378
M30131,152838,2384.333402797985,259543076
M30132,14161,2439.294554375099,267518342
M30133,50329,2272.822319667823,254305510
M30134,18999,2427.829402747451,265439650
M30135,14730,2510.6893019478093,277090561
M30136,5342,2436.323005033323,266692917
M30137,4195,2521.551651297212,278730442
M30138,39327,2513.633029817304,277197838
M30139,5684,2437.535001482175,267215217
M30140,2214,2514.1663857177946,277239492
M30141,142343,2432.0506996418135,265816111
M30142,32645,2481.181245194543,272169294
M30143,54539,2435.9578753966834,266638378
M30144,27958,2471.092933196426,271510381
M30145,11467,2459.030797837972,269531410
M30146,3105,2468.360905800923,270894711
M30147,16392,2520.7652686126066,277824275
M30148,27198,2449.0072994147995,268715713
M30149,27486,2433.1239602450623,266106735
M30150,11589,2340.7126514923543,255971679
M30151,26306,2320.7064810751763,255226204
M30152,12643,2276.44322364381,254501373
M30153,6254,2343.7486611640256,256079425
M30154,13455,2342.794467710799,256065970
M30155,94829,2368.7361554133536,258560289
M30156,4881,2434.960177936456,266389164
M30157,19551,2378.0489885459556,259293352
M30158,25681,2359.819041783445,257999938
M30159,17640,2536.026213712409,280085302
M30160,102946,2366.7020833554875,258233454
M30161,36359,2366.0854131819146,258147795
M30162,5900,2459.588050361678,269582486
M30163,5603,2412.3490110527937,262111130
M30164,14900,2453.2668032478864,269028699
M30165,7844,2473.595725143548,271711227
M30166,8455,2416.7050396985333,262408021
M30167,13754,2358.1835385370396,257852199
M30168,11958,2517.929634204596,277361428
M30169,24506,2495.3794514953224,274341625
M30170,9051,2441.6132606690658,267793555
M30171,4642,2525.669219043771,279021725
M30172,19066,2461.9360836459477,269801812
M30173,51006,2505.5775539235597,276211545
M30174,89382,2499.8582769866593,275086218
M30175,81088,2374.377597173741,258858347
M30176,4642,2495.1908886196875,274336983
M30177,8899,2430.302188994659,265611352
M30178,14946,2443.1373496485103,268011946
M30179,3624,2462.4312993054987,270035887
M30180,11067,2427.2350688251686,265395566
M30181,36610,2449.4942484582048,268742911
M30182,11484,2437.3501273909187,267101458
M30183,51877,2417.927831820342,262801624
M30184,6263,2531.5067838703512,279476291
M30185,3955,2512.729613646974,277154817
M30186,6092,2487.145212310068,273618766
M30187,4839,2423.674750485569,263848027
M30188,14952,2468.1143701897604,270859855
M30189,126616,2344.801834223342,256122873
M30190,2210,2491.459384286625,274076246
M30191,27684,2413.26883173087,262175368
M30192,18771,2375.8984482834803,259199306
M30193,457377,2418.0464574913703,262872902
M30194,7991,2445.814868769677,268148080
M30195,4401,2530.371941790995,279441053
M30196,16389,2492.0038057535708,274078456
M30197,12500,2398.3847793568193,260418297
M30198,6993,2453.3287583789793,269043599
M30199,8945,2446.364330013565,268364802
M30200,12339,2470.324872879848,271498042
M30201,39814,2519.2734481987745,277686507
M30202,12339,2425.283779964119,265251585
M30203,12607,2426.3538188771254,265365649
M30204,44100,2402.187868101617,261450162
M30205,18446,2350.099877726311,256886427
M30206,27218,2422.6781294725274,263767184
M30207,44215,2505.3493995544122,276162003
M30208,22858,2470.013782145654,271342934
M30209,12488,2425.6230329001246,265263924
M30210,23461,2501.0866184254055,275224289
M31001,5230,1935.306649228218,236823061
M31002,13166,1908.662146454965,236303905
M31003,9413,1959.6307168500246,237806848
M31004,5095,1876.335909924348,234940266
M31005,1974,1877.2367785880708,234951922
M31006,7959,1841.0890962982835,233818019
M31007,6286,1881.7562422032604,235056348
M31008,3916,1835.1596230621674,233655968
M31009,4743,1858.6368391575145,234406091
M31010,2085,1927.8816550200195,236701323
M31011,6065,1946.9232511958614,237204836
M31012,3445,1857.4351404023607,234390372
M31013,7620,1885.329622173857,235101893
M31014,1313,1878.9214692866174,234994700
M31015,4387,1909.9218378123642,236336426
M31016,2369,1955.4465957936961,237718490
M31017,4016,1894.7467251905077,235257539
M31018,2800,1944.7328954796574,236940926
M31019,25085,1863.8232441277642,234481952
M31020,3503,1878.8026278724453,234991197
M31021,6561,1876.825671933354,234945361
M31022,3511,1917.9166471537344,236558486
M31023,4057,1931.4938431032492,236729197
M31024,2868,1941.102156877492,236917424
M31025,4316,1952.3667528415203,237618479
M31026,3150,1862.2141367723673,234458633
M31027,7877,1847.1408395582255,234291002
M31028,2414,1825.816806767216,233587424
M31029,5854,1838.8367320752282,233770601
M31030,3413,1867.3238931212852,234671923
M31031,2723,1852.690695270874,234325542
M31032,12666,1840.7551508266868,233805353
M31033,16864,1970.373320106419,238332778
M31034,5312,1899.3869142590013,235340684
M31035,5477,1892.5929735971317,235241289
M31036,6112,1908.898142901786,236317071
M31037,4227,1905.011010887415,236226435
M31038,25979,1907.023230471267,236268228
M31039,3226,1875.6845735022375,234937040
M31040,23006,1878.0064512113333,234963723
M31041,39191,1901.2086065640526,236069907
M31042,5130,1892.5160108039493,235236159
M31043,2248,1885.6611264371033,235132256
M31044,5534,1920.2385326330113,236561997
M31045,2184,1944.9266756412776,236943726
M31046,2720,1938.8355455427497,236895964
M31047,4664,1949.1349174414868,237599024
M31048,18804,1956.0187639351902,237722957
M31049,2484,1933.3943980288552,236763626
M31050,705055,1900.4163737492777,235355977
M31051,2684,1879.0201926412437,234996013
M31052,29485,1872.7297467391838,234871537
M31053,11449,1953.1021734329013,237632086
M31054,2537,1880.115110157843,235038001
M31055,5279,1952.913141479046,237626807
M31056,25483,1958.821035842237,237774815
M31057,7802,1810.2212487532015,231530126
M31058,21284,1956.4443809331954,237753531
M31059,48797,1870.5228744682177,234754089
M31060,993,1868.5393464066417,234679109
M31061,3061,1774.8110139009016,231095527
M31062,3909,1946.6832484473214,236958299
M31063,4354,1920.6542772118103,236572816
M31064,1452,1902.60183780284,236216294
M31065,1838,1780.8345894345541,231180069
M31066,3489,1966.219859443305,238307810
M31067,8275,1902.6730556210034,236217746
M31068,3039,1855.3446868273786,234348705
M31069,7633,1911.7258147593586,236346696
M31070,3874,1826.5206515406103,233598018
M31071,1527,1883.053529940141,235096574
M31072,1847,1867.8395289732919,234675336
M31073,3193,1949.446361308151,237608205
M31074,3505,1893.9185990477906,235254034
M31075,4866,1943.3122485521876,236932345
M31076,14380,1916.7147120475738,236544106
M31077,2310,1866.8187090531114,234651149
M31078,3889,1873.6654030781083,234927667
M31079,34802,1963.6146087298769,237850953
M31080,8464,1931.8219060108713,236733254
M31081,2660,1881.7632498282044,235062634
M31082,3302,1861.428828293497,234455331
M31083,1594,1847.0726390750635,234289408
M31084,6396,1852.4570972706802,234319146
M31085,12274,1858.3401055878066,234393817
M31086,2126,1866.9770259924262,234653459
M31087,4201,1915.0357615656148,236522336
M31088,1926,1868.4070949377067,234677183
M31089,32776,1954.3659818315941,237685714
M31090,5883,1911.4897728118592,236340813
M31091,9533,1869.546181510941,234681892
M31092,5289,1888.594180920256,235169492
M31093,15281,1886.906664329751,235140292
M31094,4012,1952.7786309063872,237622795
M31095,4840,1891.6410018365125,235214958
M31096,64104,1821.4201639822147,231975829
M31097,3528,1869.9306267643117,234693785
M31098,12577,1967.2645136993606,238320201
M31099,2976,1871.7463623559772,234819367
M31100,2909,1899.692868327128,235345996
M31101,49145,1914.6239628478224,236473191
M31102,56776,1870.040780271128,234697313
M31103,2824,1894.9594620276876,235261555
M31104,13243,1909.3030378016679,236323183
M31105,2371,1882.0635549284184,235067964
M31106,2067,1851.6423898194837,234307356
M32001,7371,2716.872116620496,324810137
M32002,4976,2691.689904644362,322476103
M32003,3199,2721.278415172448,325089208
M32004,4368,2750.4046729518204,327195596
M32005,31897,2579.133600432587,291680546
M32006,8522,2534.835245689477,279729723
M32007,11728,2361.4929115201817,258056533
M32008,10824,2587.583550687313,297037252
M32009,11927,2636.7466357897442,314165433
M32010,183236,2576.1934788794156,290016239
M32011,3547,2765.01823470849,329068111
M32012,7974,2592.8305211794527,300387450
M32013,5486,2578.9903145702756,291565994
M32014,23112,2531.9299655582035,279482554
M32015,2018,2682.7513996689026,322063508
M32016,21689,2553.1696924127473,282494455
M32017,109066,2579.1131048296725,291571480
M32018,5254,2685.3664408808722,322139454
M32019,23470,2696.340172564843,322829801
M32020,54757,2623.2096650494072,310436521
M32021,5235,2644.9767407015584,316828489
M32022,19387,2542.527039588734,281079295
M32023,12669,2723.3844423778464,325249342
M32024,39921,2572.4261369795013,288906756
M32025,11418,2580.893798160909,291750135
M32026,17860,2370.5756171387243,258655118
M32027,2720,2364.5611008639808,258145075
M32028,3004,2756.6823171170577,328626249
M32029,21671,2546.7355453193086,281575794
M32030,2916,2700.863818077687,323171205
M32031,9702,2692.7579451816355,322546105
M32032,9755,2577.8795273737755,290371458
M32033,5704,2738.0031790933167,326187354
M32034,29282,2706.194391173043,323545232
M32035,13814,2553.725837379527,282761102
M32036,38219,2571.0849991719356,286666094
M32037,13985,2571.562163622959,288815669
M32038,64415,2538.8723060182647,280387953
M32039,59330,2544.933465029075,281324118
M32040,20775,2578.5207362854403,290997338
M32041,3101,2323.9774889263185,255281319
M32042,61652,2606.323011827844,307289084
M32043,1346,2634.427029585151,312831368
M32044,15681,2674.0590541601855,321200283
M32045,8972,2720.0862003573307,325066385
M32046,8446,2648.9680762964927,318454176
M32047,9174,2746.079207332841,326752729
M32048,23456,2710.408609810767,323688764
M32049,35048,2660.267164275276,319486452
M32050,7228,2575.9191292818564,290009011
M32051,32125,2527.2040942340677,279241231
M32052,14443,2578.014933907116,290381213
M32053,11870,2549.445191401812,282003123
M32054,15746,2545.0692096215485,281383448
M32055,32140,2636.0068411215298,312991467
M32056,123899,2581.8043575007837,291852488
M32057,13080,2568.2036629199606,286391964
U01001,43671,680.833189961591,75747687
U01003,140415,897.511821752948,139881095
U01005,29038,646.7288497334048,70524090
U01007,20826,687.0328072178497,76263463
U01009,51024,589.4077222113322,57559746
U01011,11714,647.8787920141983,70875116
U01013,21399,740.2783437638807,86573226
U01015,112249,539.7847222564196,50721517
U01017,36583,563.3370341211842,54639793
U01019,23988,509.8647171886054,46283465
U01021,39593,665.955466294438,73483650
U01023,15922,838.0704185989596,116380838
U01025,27867,826.3145804810175,114300660
U01027,14254,573.6011306134103,55493142
U01029,14123,521.6819833249789,48371069
U01031,43615,722.3660382450134,83371601
U01033,54984,666.5557811192631,73563582
U01035,14089,786.3350665610963,104721357
U01037,12202,624.3631760210633,61998013
U01039,37631,764.7150210662105,93745462
U01041,13665,717.0454155304052,80242051
U01043,77483,607.4943532791085,60271449
U01045,49129,696.517138911226,78861695
U01047,46365,729.5409405612738,84506087
U01049,64452,503.13256180870525,44926785
U01051,65874,639.9472606318425,67005082
U01053,38440,822.1341996904082,114147511
U01055,103459,541.9796635523874,50856146
U01057,18495,700.0118565527255,79117539
U01059,31223,678.7821366008116,75716464
U01061,25764,738.7068372061673,86547462
U01063,9974,763.5815826002856,93713367
U01065,17185,741.8308444529915,86594625
U01067,16310,667.0511641838219,73656641
U01069,88787,702.0801558134708,79431085
U01071,53926,505.5945291094244,45369371
U01073,662047,638.1422691504387,66099609
U01075,15904,725.8516360455436,84475022
U01077,87966,647.4009156072195,70594935
U01079,34803,630.3931407931531,65311765
U01081,115092,584.242386698239,57204579
U01083,65676,591.2801643812189,57760392
U01085,13473,708.6490318912463,79841790
U01087,24105,623.975434768497,61921525
U01089,276700,555.2432074725731,52463619
U01091,22539,786.388763410118,104735446
U01093,31214,693.5198940916133,77561190
U01095,82231,553.4250743209764,52355800
U01097,399843,926.5788042063342,145542442
U01099,24324,802.3039721753693,110701552
U01101,223510,673.022884809719,75191672
U01103,111064,592.1001567889998,57965072
U01105,11861,723.1670212380175,83450111
U01107,20949,749.9665999793991,88713727
U01109,29605,686.8536638723061,76233858
U01111,22380,541.9254346504862,50833766
U01113,49756,598.2977252242781,58652141
U01115,64742,582.5073951694062,57139837
U01117,143293,637.0057420466425,65749644
U01119,14798,796.7366739681166,108043782
U01121,80321,591.2990327487829,57826068
U01123,41475,596.3392360272853,58478197
U01125,164875,703.2044513274009,79618762
U01127,70713,659.4375380754783,72201239
U01129,18097,874.0626418181146,129358790
U01131,13183,767.0546314620726,94521436
U01133,24843,648.4660895448243,70886830
U02013,2697,6264.932201447298,407671940
U02016,5465,7596.698946139365,407674637
U02020,260283,5426.255506243566,407225461
U02050,16006,6010.5148643684015,407639710
U02060,1258,5882.357910759481,407626322
U02068,1893,5458.890322162459,407545066
U02070,4922,5950.300388659488,407634788
U02090,82840,5295.947328019426,407142621
U02100,2392,4657.628456484752,407085842
U02110,30711,4565.838859094673,407042860
U02122,49691,5597.173836761416,407553510
U02130,14070,4333.597242992799,406992951
U02150,13913,5709.595707817822,407610586
U02164,1823,5876.8476303125735,407624499
U02170,59322,5430.116320255909,407485744
U02180,9196,6125.257020300757,407655716
U02185,7385,5615.677788681056,407603201
U02188,7208,5898.498244311735,407627580
U02201,6146,4392.567135837957,407030030
U02220,8835,4615.928047874177,407073571
U02232,3436,4648.691015628826,407082406
U02240,6174,5125.7310632161725,407126252
U02261,10195,5198.923420436544,407132426
U02270,7028,6136.329547410959,407664912
U02280,6684,4489.320132744793,407036176
U02282,808,4930.01249524164,407125444
U02290,6551,5531.524636030334,407546959
U04001,69423,2593.504139888789,300433915
U04003,117755,2713.135527299307,324503197
U04005,116320,2787.695488509568,331090836
U04007,51335,2749.23128602845,327020932
U04009,33489,2690.145912911174,322352361
U04011,8547,2623.890225383259,310535344
U04012,19715,3039.9812502894597,351081591
U04013,3072149,2912.660514578382,343949020
U04015,155032,2965.3308118769733,349840710
U04017,97470,2667.1571691637423,320687512
U04019,843746,2886.932565239139,342252467
U04021,179727,2824.2224471064546,336722573
U04023,38381,2823.608023895627,336678083
U04025,167517,2885.2430888235344,342035046
U04027,160026,3056.973679665997,351229658
U05001,20749,994.661243049715,156957460
U05003,24209,1067.553545665003,168609523
U05005,38386,1046.2360426825012,163765142
U05007,153406,1218.3073995462241,189878239
U05009,33948,1113.160962771975,177141633
U05011,12600,1091.6472369965916,172923273
U05013,5744,1118.5549270833858,178081623
U05015,25357,1154.3742111557178,181874883
U05017,14117,1023.2716594493522,161583324
U05019,23546,1161.3977898733976,182515417
U05021,17609,874.6856932224321,130175146
U05023,24046,1028.6852142367195,161827036
U05025,8571,1078.7150520721173,171770027
U05027,25603,1193.6407098723273,188442120
U05029,20336,1089.7642576858225,172902937
U05031,82148,897.1691712329539,139788178
U05033,53247,1223.8858359252852,191056521
U05035,50866,877.7985651015558,136805651
U05037,19526,917.4723764828196,144509640
U05039,9210,1117.5750251616623,178052192
U05041,15341,997.6270127352456,157259286
U05043,18723,1048.1291745428862,163803528
U05045,86014,1059.1531246044844,166271979
U05047,17771,1193.62166740555,188424349
U05049,11642,1000.0077015552027,157732411
U05051,88068,1144.8348334009931,180550155
U05053,16464,1087.8014417653712,172071770
U05055,37331,888.9177596424347,138454346
U05057,23587,1214.7537481533875,189483024
U05059,30353,1133.4036467589883,179617133
U05061,14300,1233.1034019727883,191732506
U05063,34233,981.6266522364242,156168069
U05065,13249,1010.036585811948,159773780
U05067,18418,953.132538204594,152134075
U05069,84278,1044.2140673042566,163680864
U05071,22781,1154.880906763588,181936291
U05073,8559,1226.5083774306956,191375706
U05075,17774,937.5508293278474,149491926
U05077,12580,928.5211216302785,146827307
U05079,14492,1035.8995281675525,162697916
U05081,13628,1265.7243751360625,194577579
U05083,22486,1183.1601010205848,185958463
U05085,52828,1028.670451736644,161774208
U05087,14243,1173.0791556504053,182843212
U05089,16140,1077.4991334251,171725252
U05091,40443,1249.7366596302509,193622394
U05093,51979,845.8972438484049,121629000
U05095,10254,968.7814802086968,154891579
U05097,9245,1191.897894156012,188333200
U05099,9955,1184.7911414899022,186004967
U05101,8608,1128.3857359316453,178962722
U05103,28790,1149.6106931181912,181398085
U05105,10209,1117.0174577544035,177966844
U05107,26445,943.9040467124058,150922794
U05109,11303,1201.3905114485503,189200555
U05111,25614,904.7829066564015,141875702
U05113,20229,1243.9384447275663,192481533
U05115,54469,1117.5022450568774,177997723
U05117,9539,996.8832060468193,157249747
U05119,361474,1066.0202674180077,168224485
U05121,18195,929.3624504376961,147720414
U05123,29329,919.9392622274906,145051290
U05125,83529,1100.9343273618206,174048378
U05127,10996,1220.7355400179954,190414087
U05129,8261,1082.1110994073424,171878253
U05131,115071,1233.3105523132367,191746806
U05133,15757,1258.0998755791186,194180160
U05135,17119,969.8359173671384,154927302
U05137,11499,1032.467231176434,162062717
U05139,45629,1140.3609108339783,180242498
U05141,16192,1069.4114775354467,168633732
U05143,157715,1217.7927659222003,189720524
U05145,67165,1005.9502213785909,158606933
U05147,8741,961.4863294650648,154376234
U05149,21139,1159.1728049202775,182291112
U06001,1443741,3642.823157709411,397197747
U06003,1208,3443.1729779647494,380723004
U06005,35100,3519.5545904147493,383856415
U06007,203171,3582.3860371918586,387547792
U06009,40554,3515.3252362498056,383475429
U06011,18804,3643.649256799169,398641488
U06013,948816,3640.8551322057774,396155983
U06015,27507,3757.6623072782536,406228263
U06017,156299,3503.8538749625354,383283960
U06019,799407,3464.1546614877,381063143
U06021,26453,3651.242044746974,399073530
U06023,126518,3764.8319586905955,406342140
U06025,142361,3178.1538851702066,355234118
U06027,17945,3270.797139477176,361772472
U06029,661645,3414.9452473814995,379860266
U06031,129461,3493.3829877576477,382736144
U06033,58309,3688.448202832918,401427603
U06035,33828,3488.1786950611327,382689312
U06037,9519338,3403.810500066783,369923345
U06039,123109,3463.365991810307,380940034
U06041,247289,3706.929117557551,403857653
U06043,17130,3470.697870151982,381917051
U06045,86265,3742.330223238937,405663341
U06047,210554,3548.468396753859,384049682
U06049,9449,3488.6312424487737,382723140
U06051,12853,3374.4875210066584,366358307
U06053,401762,3621.2085312845757,392606353
U06055,124279,3662.35476412108,399701855
U06057,92033,3516.8873546304944,383764382
U06059,2846289,3375.592718626131,366371160
U06061,248399,3515.873407969791,383515983
U06063,20824,3512.670300680817,383454605
U06065,1545387,3215.4985789161433,359220271
U06067,1223499,3578.5723907173124,385760695
U06069,53234,3592.551953117394,390103893
U06071,1709434,3201.102262230486,357267732
U06073,2813833,3305.9066858281635,361865792
U06075,776733,3738.094700918482,404886608
U06077,563598,3581.818764015693,386984194
U06079,246681,3565.780643530046,385367496
U06081,707161,3687.303012898593,400671037
U06083,399347,3552.1811285411263,384379458
U06085,1682585,3632.185828956017,394034555
U06087,255602,3664.186628714642,399826134
U06089,163256,3606.4365704349993,390844241
U06091,3555,3491.6861811217464,382732589
U06093,44301,3639.2890213559413,396111682
U06095,394542,3633.382982174024,395717140
U06097,458614,3715.092602769347,404104942
U06099,446997,3565.5171502104604,384920499
U06101,78930,3600.1590207826093,390260106
U06103,56039,3629.7565671528077,393693682
U06105,13022,3697.546029900839,401680372
U06107,368021,3398.7937735901164,369353635
U06109,54501,3467.1231811601374,381862550
U06111,753197,3476.7604304428364,381934181
U06113,168660,3623.083406903265,393076715
U06115,60219,3565.994731252198,385614177
U08001,363857,2108.148960881682,243893219
U08003,14966,2234.543385093831,252407633
U08005,487967,2106.607405129863,243405252
U08007,9898,2348.9727637857627,256876529
U08009,4517,1949.439925935597,237603688
U08011,5998,1994.6643295425274,239449834
U08013,291288,2200.420402132789,249551562
U08015,16242,2275.7424202263587,254355839
U08017,2231,1954.0123131749915,237679909
U08019,9322,2221.3692884470956,252063864
U08021,8400,2271.6903405320036,253683417
U08023,3663,2205.1464222691184,251076503
U08025,5518,2056.1546860987023,242371334
U08027,3503,2195.2448847148485,248867029
U08029,27834,2409.630641745556,261983584
U08031,554636,2154.206909125417,245648872
U08033,1844,2474.004662943276,271784980
U08035,175766,2156.1094231713823,246226987
U08037,41659,2308.6449768246857,255026892
U08039,19872,2086.536290940881,243052698
U08041,516929,2120.5653368522153,244754656
U08043,46145,2198.3912318672737,249495531
U08045,43791,2412.8475784214793,262123793
U08047,4757,2210.0873508671875,251222431
U08049,12442,2259.8411069855624,252853281
U08051,13956,2341.941504318356,256052014
U08053,790,2372.9181807801747,258824717
U08055,7862,2160.950014315221,246447181
U08057,1577,2283.466950866624,254544315
U08059,527056,2184.5293457031457,247206151
U08061,1622,1966.1888732333675,238306188
U08063,8011,1956.2876099089444,237745520
U08065,7812,2278.415431460044,254519592
U08067,43941,2417.6576827996055,262488535
U08069,251494,2212.2322095235945,251227955
U08071,15207,2082.5902549452167,242971518
U08073,6087,2032.6864110064944,241634818
U08075,20504,2012.5086754521456,240149085
U08077,116255,2460.851363031958,269677790
U08079,831,2334.531596928299,255683535
U08081,13184,2440.888145310433,267773782
U08083,23830,2483.7177867892815,272709445
U08085,33432,2445.9871503940226,268158245
U08087,27171,2067.0312964131163,242499918
U08089,20311,2051.2728769559235,242117824
U08091,3742,2404.230301335097,261632728
U08093,14523,2223.8145948704805,252129786
U08095,4480,1948.2139482101984,237594544
U08097,14872,2327.2190520761064,255341239
U08099,14483,1934.5026729734786,236766110
U08101,141472,2117.7541094447706,244432248
U08103,5986,2438.305596571913,267300107
U08105,12413,2293.7141597907353,254712925
U08107,19690,2337.4238930088086,255707080
U08109,5917,2271.9526139757904,253709494
U08111,558,2398.306797030978,260417739
U08113,6594,2462.8750350538726,270050037
U08115,2747,1953.413778670438,237643535
U08117,23548,2261.0597587573293,252868698
U08119,20555,2177.3489704778676,246787861
U08121,4926,2013.4523825243166,240173688
U08123,180936,2118.763914323088,244573720
U08125,9841,1947.03242532984,237210901
U09001,882567,847.5964597774654,121728429
U09003,857183,929.2665971566679,146863231
U09005,182193,896.7384745433067,139605985
U09007,155071,917.092274663401,144060004
U09009,824008,886.4829904225192,137630338
U09011,259088,948.2101744184623,151611515
U09013,136364,958.0618446186281,152545151
U09015,109091,978.6815291839478,156017192
U10001,126697,559.8560857572496,53722525
U10003,500265,581.9308431249896,56503814
U10005,156638,547.7335168269398,51478528
U11001,572059,443.53667189812836,31220627
U12001,217955,738.17654318303,86133000
U12003,22259,666.5556383106533,73541323
U12005,148217,804.3289994687749,110725876
U12007,26088,704.9567955536867,79815702
U12009,476230,874.3283557387439,129671297
U12011,1623018,1108.5830378640774,175101302
U12013,13017,767.597801533792,94534619
U12015,141627,1040.3488445819116,163212636
U12017,118085,832.103188780759,115868251
U12019,140814,695.4037018734994,78200161
U12021,251377,1118.9411506016477,178170277
U12023,56513,685.061804745394,75928389
U12027,32209,1003.3372233362528,158122621
U12029,13827,768.8114969890103,97099010
U12031,778879,654.1665301807601,71143152
U12033,294410,874.1075019825253,129376887
U12035,49832,745.7076556840725,86750715
U12037,11057,804.4006026620112,110874093
U12039,45087,720.6790545722824,83150300
U12041,14437,742.8499616240564,86611810
U12043,10576,1024.9651819719388,161607067
U12045,13332,816.319736175731,112643158
U12047,13327,665.1852669328617,73441432
U12049,26938,970.0680356401821,154968946
U12051,36210,1070.9675578876745,168649924
U12053,130802,861.0429160669087,125699208
U12055,87366,982.6960342751813,156216780
U12057,998948,931.4800301285891,148022492
U12059,18564,757.664150714954,91281381
U12061,112947,940.8427263119098,150531202
U12063,46755,731.0373702896753,85577108
U12065,12902,704.680170900175,79802800
U12067,7022,724.9451057436236,84402486
U12069,210528,828.3430015193338,114724143
U12071,440888,1074.8573421206115,170355263
U12073,239452,717.2490725703057,82316878
U12075,34450,789.847422123359,106446802
U12077,7021,763.6882278260115,93730689
U12079,18733,686.6439755511756,76215125
U12081,264002,978.4222700962611,155746240
U12083,258916,784.3657966151986,104425162
U12085,126731,1010.1486113827654,159787029
U12086,2253362,1173.392278883675,182857455
U12087,79589,1175.4732447021981,185446468
U12089,57663,626.0212976828894,62365418
U12091,170498,822.0157275971275,113977013
U12093,35910,976.0668044830267,155371973
U12095,896344,852.5244082122379,124250729
U12097,172493,902.0419967920114,141595047
U12099,1131184,1058.3280426786266,165055670
U12101,344765,889.945608941779,138839866
U12103,921482,938.8035600699054,149509700
U12105,483924,917.8260100808858,144529166
U12107,70423,735.7433604811152,86008412
U12109,123135,700.4178477190137,79185961
U12111,192695,976.5997855938267,155553545
U12113,117743,845.4709420239789,121511257
U12115,325957,1011.0626562535828,159945753
U12117,365196,831.8939321224262,115503055
U12119,53345,838.5231705609712,116574468
U12121,34844,698.3934289818184,79033743
U12123,19256,736.3301392929851,86113744
U12125,13442,697.228996234122,78910824
U12127,443343,791.2307138264213,106598281
U12129,22863,753.1478430098799,90351758
U12131,40601,799.6555027625936,109659095
U12133,20973,772.6781584516386,97623538
U13001,17419,513.8666054214385,47254185
U13003,7609,577.9791231187428,55551700
U13005,10103,535.3191067794421,49644457
U13007,4074,642.1956195910361,67088885
U13009,44700,418.37081153371946,24948203
U13011,14422,326.49238978724134,16540064
U13013,46144,367.41926277799047,19669210
U13015,76019,435.10201252778046,29476379
U13017,17484,542.0965152155651,50959605
U13019,16235,592.8636752909736,58076136
U13021,153887,464.66348637653334,35524091
U13023,11666,481.1504930878604,40167839
U13025,14629,565.1669613184015,54792724
U13027,16450,651.3483760470555,71089169
U13029,23417,466.05094745877153,35874229
U13031,55983,430.3880369233576,28372500
U13033,22243,365.41726972535645,19519869
U13035,19522,438.5976301934056,31086517
U13037,6320,632.307653183179,65401118
U13039,43664,590.0126379572148,57659278
U13043,9577,437.16854706637,30714913
U13045,87268,494.365467040894,42402542
U13047,53282,428.32761735597876,28241845
U13049,10282,613.7091827928008,60688184
U13051,232048,467.04091729866644,36092923
U13053,14882,568.5533624834827,54807353
U13055,25470,464.18929151692384,35393026
U13057,141903,406.46507840094046,24100065
U13059,101489,347.47868238860667,18253527
U13061,3357,643.6830487533333,67678110
U13063,236517,448.34762828906054,32023014
U13065,6878,612.7570920142542,60540242
U13067,607751,433.08115150121387,28705789
U13069,37413,550.7931241235558,52246388
U13071,42053,622.8429068611845,61809301
U13073,89288,324.2118197074021,16160985
U13075,15771,612.7303262007714,60524471
U13077,89215,487.330164290754,41795817
U13079,12495,489.45228540805294,41896834
U13081,21996,551.1506915311201,52283801
U13083,15154,461.73415906686006,35010831
U13085,15999,371.2378219561914,19893508
U13087,28240,690.2348888368499,76387921
U13089,665865,419.3789264690408,25016111
U13091,19171,500.30239692188326,44321397
U13093,11525,531.204480505936,49300674
U13095,96065,609.7957755887784,60375684
U13097,92174,463.26086462246263,35123944
U13099,12354,665.4692432368159,73471296
U13101,3754,638.7932450243608,66761656
U13103,37535,426.9224686000269,28004916
U13105,20511,301.45855664554267,14458755
U13107,21837,424.2392867318282,27586615
U13109,10495,459.65642959738335,34833016
U13111,19798,360.80941632030175,19242924
U13113,91263,464.282589339578,35418496
U13115,90565,463.92980877132095,35264984
U13117,98407,381.1392383876428,20683867
U13119,20285,305.7517304226828,14932727
U13121,816006,435.3250523449238,29675157
U13123,23456,380.2293017602819,20643145
U13125,2556,371.2455127843215,19909507
U13127,67568,555.5001301702364,52740319
U13129,44104,423.61069156984126,27542511
U13131,23659,674.7540089660257,75534622
U13133,14406,366.8646464012033,19654804
U13135,588448,391.52002663672823,21523018
U13137,35902,309.85541340130214,15348609
U13139,139277,352.1120200554765,18726648
U13141,10076,385.835892785964,21205434
U13143,25690,491.2867503452187,42065987
U13145,23695,544.9521983184333,51423493
U13147,22997,289.99517546848597,13399370
U13149,11012,518.6115785886427,47602521
U13151,119341,438.2691369044223,30874974
U13153,110765,495.17495178743854,42489810
U13155,9931,561.0097352383661,54106610
U13157,41589,346.77554938101537,18188866
U13159,11426,419.9482652618114,25715037
U13161,12684,516.5623518800485,47420433
U13163,17266,381.0380079746978,20666601
U13165,8575,392.88924069600506,22111466
U13167,8560,427.08797711963393,28042451
U13169,23639,438.40980011855703,31062878
U13171,15912,468.17718732955353,36419829
U13173,7241,611.2959089102571,60471749
U13175,44874,467.5306401434313,36374955
U13177,24757,579.6961131313246,56155371
U13179,61610,489.51356451447674,41909329
U13181,8348,309.3450873652182,15340261
U13183,10304,500.4010822646671,44340568
U13185,92115,639.5804004615178,66868138
U13187,21016,350.3104614008232,18677965
U13189,21231,340.3811904275248,17943935
U13191,10847,524.1475369461908,48590547
U13193,14074,524.22196680986,48601394
U13195,25730,322.93461781874754,16062112
U13197,7144,551.9698589648079,52305797
U13199,22534,504.99055517483595,45258028
U13201,6383,670.9785146474012,74534037
U13205,23932,638.0270624658244,66075677
U13207,21757,459.36799768913255,34811259
U13209,8270,475.5723638637092,38140214
U13211,15457,384.611241202876,21119301
U13213,36506,398.74704946611587,23028705
U13215,186291,560.411791516769,53849222
U13217,62001,411.50113040662063,24402221
U13219,26225,361.46254227241764,19295363
U13221,12635,336.354127622011,17681972
U13223,81678,456.4212393796558,34572211
U13225,23668,493.65934712134276,42330860
U13227,22983,395.42651701583117,22592584
U13229,15636,553.1852103735815,52340164
U13231,13688,482.07352170984393,40179505
U13233,38127,476.6567575979093,38640700
U13235,9588,507.14424992554297,45423297
U13237,18812,400.99198190399335,23443715
U13239,2598,623.4588178590993,61889268
U13241,15050,285.7186677751631,13234961
U13243,7791,617.3250380374391,61083378
U13245,199775,336.74686137328763,17694607
U13247,70111,414.369639692859,24664069
U13249,3766,548.4572251735033,51635166
U13251,15374,389.6495191705598,21323498
U13253,9369,699.4693406232882,79068587
U13255,58417,461.88171992170066,35025985
U13257,25435,297.6570801983789,14226329
U13259,5252,594.7991926291439,58246766
U13261,33200,561.9584508270987,54606593
U13263,6498,522.7117604363723,48507486
U13265,2077,352.52035636682433,18912299
U13267,22305,475.3595101395991,38117909
U13269,8815,518.700161719459,47613533
U13271,11794,516.273868267065,47408639
U13273,10970,598.8232119787729,58773192
U13275,42737,661.6018030065503,72766262
U13277,38407,585.9304714691584,57419964
U13279,26067,473.9905552680724,38091842
U13281,9319,310.77445088249993,15412511
U13283,6854,452.2781744790508,34491503
U13285,58779,529.3821918987354,49058871
U13287,9504,564.4935850137346,54751275
U13289,10590,463.7646532844881,35254394
U13291,17289,335.16245417903906,17491139
U13293,27597,493.2233982958903,42303263
U13295,61053,449.2070949040308,33141069
U13297,60687,384.8005862119392,21134758
U13299,35483,590.9540916154868,57724909
U13301,6336,356.34805105260625,19035648
U13303,21176,404.72789507634815,24047732
U13305,26565,525.6447169470899,48744612
U13307,2390,580.7739356978702,56180128
U13309,6179,489.17218336821054,41885032
U13311,19944,326.01621134623366,16467405
U13313,83525,417.93498392825967,24822393
U13315,8577,532.0367600621431,49312199
U13317,10687,325.7177405801145,16306363
U13319,10220,438.35959642019276,31052658
U13321,21967,590.7763944985022,57702942
U16001,300904,3120.658603700391,353977288
U16003,3476,3146.988806148022,354879365
U16005,75565,2789.7246702898406,331252809
U16007,6411,2712.5463889926955,324496317
U16009,9171,3195.8932033511724,356395160
U16011,41735,2808.5280832856392,335920257
U16013,18991,2935.7222251542107,349315525
U16015,6670,3081.887018170809,352884783
U16017,36835,3215.247723689057,359183436
U16019,82522,2748.0023214367366,326877144
U16021,9871,3220.5804508619935,360765658
U16023,2899,2876.150410343403,341668199
U16025,991,3004.689449169192,350888289
U16027,131441,3158.9864240809875,355035890
U16029,7304,2734.8516192795673,326101575
U16031,21416,2899.6837752747047,343704854
U16033,1022,2819.0652396711266,336588375
U16035,8930,3112.555228711048,352935486
U16037,4342,2968.4177636372283,350025086
U16039,29130,3057.926133441024,351389684
U16041,11329,2752.405508923928,327473351
U16043,11819,2748.8426133909256,326960632
U16045,15181,3137.0155153588275,354599938
U16047,14155,3002.753025937543,350874134
U16049,15511,3084.5873867585865,352899104
U16051,19155,2808.875087158481,335961992
U16053,18342,2955.661358675468,349779198
U16055,108685,3209.146908033137,359067525
U16057,34935,3196.214611886964,356404331
U16059,7806,2948.414368950554,349627957
U16061,3747,3163.6583427121445,355167331
U16063,4044,2948.6056049437375,349635763
U16065,27467,2756.010949930446,328575854
U16067,20174,2905.9268692739747,343767333
U16069,37410,3190.8011400099745,356351956
U16071,4125,2809.865666383591,336014067
U16073,10644,3108.9600294780257,352924842
U16075,20578,3164.521171978906,355203563
U16077,7538,2839.9102862121085,337496115
U16079,13771,3142.739233763957,354615119
U16081,5999,2720.1824534739294,325075357
U16083,64284,2987.0768623103827,350511279
U16085,7651,3083.425987277016,352891453
U16087,9977,3171.766406475998,355224141
U17001,68277,1014.6694524452798,160360637
U17003,9590,782.8201030511406,103252134
U17005,17633,830.6778958887489,115437367
U17007,41786,980.7144368816797,156126283
U17009,6950,978.5107816122854,156010242
U17011,35503,963.8424773468266,154473200
U17013,5084,941.2938386540579,150644149
U17015,16674,1033.1523092426057,162082429
U17017,13695,939.2509261284797,150431182
U17019,179669,793.315584183366,107546458
U17021,35372,844.6503538915281,121210411
U17023,17008,719.0383978329405,82807722
U17025,14560,747.6813602917656,87902599
U17027,35535,820.1163733958892,113941478
U17029,53196,761.0459970131873,93499023
U17031,5376741,877.3343657246534,130922009
U17033,20452,700.3821297663754,79165509
U17035,11253,750.8232396683201,89336826
U17037,88969,946.4839861966219,151226490
U17039,16798,847.3763909591839,121711631
U17041,19922,774.3452946763,98271545
U17043,904161,900.6708510254629,140690886
U17045,19704,734.126929149087,85889982
U17047,6971,699.690440007827,79095197
U17049,34264,768.581305495734,97064746
U17051,21802,800.8790226751325,110176513
U17053,14241,822.8357606860194,114196404
U17055,39018,760.6330229259694,93460005
U17057,38250,959.9026133815873,153397820
U17059,6445,695.3557360317205,78193716
U17061,14761,925.3446940549326,145490034
U17063,37535,880.6427665411119,137057637
U17065,8621,730.1796051744959,84595733
U17067,20121,1030.5669623899018,161851082
U17069,4800,693.1025146417775,77556390
U17071,8213,1032.5538152125052,162074216
U17073,51020,1002.7901225128254,157793183
U17075,31334,806.0695577484369,110885150
U17077,59612,795.0776177517034,107745567
U17079,10117,731.5225552772106,85623863
U17081,40045,768.9351798746442,97112837
U17083,21668,913.3840829329863,143867626
U17085,22289,1072.1268355607695,168686134
U17087,12878,745.7556219115456,86800547
U17089,404119,928.2741147927608,146423188
U17091,103833,834.7148959573659,116016041
U17093,54544,903.1160163686286,141767540
U17095,55836,984.8861775452253,156470556
U17097,644356,899.8285853992867,140046530
U17099,111509,916.3564721919869,143948495
U17101,15452,685.6064662868733,76130847
U17103,36062,970.8078813596898,154995884
U17105,39678,864.5723790282634,126752836
U17107,31183,879.2962081962324,136907530
U17109,32913,995.1709215321785,156978209
U17111,260077,958.498936024256,152681515
U17113,150433,860.7777638656678,125548775
U17115,114706,835.0294920065397,116119874
U17117,49019,884.6049264226087,137451501
U17119,258941,866.8746307889398,126810356
U17121,41691,779.8299680051805,103086552
U17123,13180,928.0749337100522,146410008
U17125,16038,926.2829913185972,145526404
U17127,15161,726.5239051447275,84490926
U17129,12486,906.728161469204,142398235
U17131,16957,1038.3956969762585,162943474
U17133,27619,874.5841765268718,130147527
U17135,30652,846.9704414842828,121680979
U17137,36616,924.8454822247464,145415471
U17139,14287,798.2137319707372,108197492
U17141,51032,992.2038784661848,156834033
U17143,183433,944.2893315538302,150949239
U17145,23094,800.70293885868,110112997
U17147,16365,815.024378732331,112216571
U17149,17384,975.9859357409417,155354589
U17151,4413,715.2871599670372,80167396
U17153,7348,763.6592742865913,93723341
U17155,6086,935.2941943108523,149485840
U17157,33893,838.7718268441104,116627813
U17159,16149,713.9605993832621,79962633
U17161,149374,1041.039304369304,163378790
U17163,256082,858.3874660137924,125292693
U17165,26733,722.2011264186158,83282107
U17167,188951,884.1222908484206,137262550
U17169,7189,976.3301367108123,155407883
U17171,5537,943.4725810823761,150917257
U17173,22893,799.6749036371054,109699696
U17175,6332,964.2294341355598,154508703
U17177,48979,1035.8256588074364,162648937
U17179,128485,910.5721273326421,143500827
U17181,18293,778.2890998943517,102993057
U17183,83919,762.4867442063061,93594090
U17185,12937,683.5669661504545,75884337
U17187,18735,1010.5602660343053,159913760
U17189,15148,811.9784427354604,111475730
U17191,17151,731.9959476147958,85633980
U17193,15371,699.7805715449648,79102168
U17195,60653,1012.1145408330768,160271710
U17197,502266,864.2856561689198,126181129
U17199,61296,754.9391564837498,90617469
U17201,278418,1002.9576972501599,157844203
U17203,35469,904.2912203547824,141822084
U18001,33625,631.2436229549171,65346568
U18003,331849,668.9131598630647,74178471
U18005,71435,571.7133721733114,55076298
U18007,9421,761.9209678127037,93584669
U18009,14048,628.7036784463431,63903739
U18011,46107,667.1517901634123,73672951
U18013,14957,595.367849503841,58372345
U18015,20165,711.7721493850083,79896193
U18017,40930,711.6149417220685,79855263
U18019,96472,515.3222420894216,47271604
U18021,26556,671.3767948699494,74540420
U18023,33866,685.7660320863945,76146299
U18025,10743,563.6344846524476,54699197
U18027,29820,632.5713297787125,65448423
U18029,46109,504.6085001328508,45211919
U18031,24555,550.6840290984786,52221833
U18033,40285,693.5374748181001,77592404
U18035,118769,613.0104979172025,60547120
U18037,39674,602.0536710743161,59380642
U18039,182791,754.0069018792884,90374621
U18041,25588,554.180745520817,52438031
U18043,70823,522.8573430878863,48513984
U18045,17954,723.9168395733952,83552817
U18047,22151,529.4822151340461,49117650
U18049,20511,729.7048185459911,84552452
U18051,32500,657.5485532321906,72152162
U18053,73403,651.2047857063344,71015766
U18055,33157,644.323918073792,67681467
U18057,182740,637.7550016211579,65892937
U18059,55391,605.235880389355,60103794
U18061,34325,532.044884399012,49320776
U18063,104093,650.8681417078558,70911673
U18065,48508,589.5178911998215,57610770
U18067,84964,676.1066464932896,75609749
U18069,38075,666.9502033507264,73618566
U18071,41335,564.405630064198,54709940
U18073,30043,778.6125700254778,103011350
U18075,21806,607.8080160828995,60348932
U18077,31705,512.6350643945763,47110405
U18079,27554,539.3082817981007,50383885
U18081,115209,604.2160078844724,59555084
U18083,39256,659.4887050529829,72271952
U18085,74057,723.1828489659466,83461972
U18087,34909,735.8492709755902,86078835
U18089,484564,828.5633879609501,114934671
U18091,110106,797.5401568997693,108087386
U18093,45922,593.9011001513761,58092371
U18095,133358,627.7185433968431,63330054
U18097,860454,626.357989850943,62469600
U18099,45128,752.3421534628545,90306630
U18101,10369,611.3678778916689,60514102
U18103,36082,694.5920724686324,78089298
U18105,120563,614.2710199372469,60698466
U18107,37629,695.052504140504,78156087
U18109,66689,628.1071049060179,63463412
U18111,14566,792.5203107036646,107531892
U18113,46275,713.7269169317392,79916358
U18115,5623,489.24614706551273,41891211
U18117,19306,579.2894916750969,55559309
U18119,21786,646.5349583922086,70502304
U18121,17241,699.5319316287885,79077956
U18123,18899,570.1847376466258,54868059
U18125,12837,632.1548937656929,65388281
U18127,146798,813.3626947369786,112001080
U18129,27061,671.8515077354588,75164611
U18131,13755,754.5440488939329,90603714
U18133,36019,668.3270416018555,73719058
U18135,27401,585.1227273727087,57319671
U18137,26523,520.3614477347166,47966448
U18139,18261,570.8349541718743,54886958
U18141,265559,777.8694314849317,102727498
U18143,22960,529.5188703153979,49139801
U18145,43445,585.4226624050618,57376519
U18147,20391,599.350771183535,58821708
U18149,23556,770.5787921408437,97371419
U18151,33214,716.0856513194761,80171809
U18153,21751,677.907463647644,75694713
U18155,9065,486.0725648623166,41773926
U18157,148955,718.8571374830542,82658767
U18159,16577,659.3403256079597,72184662
U18161,7349,536.8168515502003,50086824
U18163,171922,647.8450097687313,70703194
U18165,16788,723.3842252130207,83536029
U18167,105848,693.773417090242,77632689
U18169,34960,685.9912057037216,76180165
U18171,8419,748.7101288599537,87917159
U18173,52383,624.1565171432511,61945630
U18175,27223,552.0537525416705,52312941
U18177,71097,560.6792323197955,54035513
U18179,27600,644.8300036886407,67942135
U18181,25267,742.9045222609162,86626247
U18183,30707,694.7751039004294,78125380
U19001,8243,1327.0532429242364,199015117
U19003,4482,1332.3926240217206,199175245
U19005,14675,1209.5745410669022,189320975
U19007,13721,1177.7488976430134,185592618
U19009,6830,1374.38594819337,201928932
U19011,25308,1182.413129599986,185794983
U19013,128012,1221.6004746271249,190425083
U19015,26224,1317.1359173963106,198246659
U19017,23325,1241.1826320511677,192363680
U19019,21093,1188.874386198552,188099929
U19021,20411,1439.9768737595239,206355876
U19023,15305,1269.8772969463103,194657913
U19025,11115,1386.1505390300147,202354969
U19027,21421,1387.0212431486664,202417990
U19029,14684,1362.8065816643468,200810478
U19031,18187,1098.391427260039,173709849
U19033,46447,1322.3432217463564,198541358
U19035,13035,1476.384042927048,209698255
U19037,13095,1257.4127252947173,194167065
U19039,9133,1260.840127322731,194415137
U19041,17372,1457.2980532399902,207025292
U19043,18678,1177.0268676384528,185533276
U19045,50149,1064.0457895877719,168120286
U19047,16942,1426.8478807353004,204964727
U19049,40750,1308.4870547301273,198108975
U19051,8541,1142.014481924794,180296565
U19053,8689,1249.4679715301197,193594605
U19055,18404,1156.1207266055744,181959072
U19057,42351,1056.2286870097944,164952523
U19059,16424,1476.5730422384393,209711290
U19061,89143,1123.0431946972956,178616002
U19063,11027,1438.5871898081687,206214329
U19065,22008,1213.0257221607528,189386981
U19067,16900,1289.0124758356972,196944163
U19069,10704,1304.5589623919313,197720210
U19071,8010,1395.0232418168698,202570569
U19073,10366,1351.0016195908695,200180588
U19075,12369,1251.9440109560003,193769853
U19077,11353,1343.5912846085719,199974188
U19079,16438,1317.5927396808343,198272883
U19081,12100,1356.738024500453,200496768
U19083,18812,1283.5842893007502,196240853
U19085,15666,1446.3137624905537,206535706
U19087,20336,1086.6164617154975,172006871
U19089,9932,1276.8985164611613,195752724
U19091,10381,1373.6077758430329,201891486
U19093,7837,1450.99487293892,206864964
U19095,15671,1160.338667599029,182448015
U19097,20296,1083.4534924888048,171886514
U19099,37213,1233.9777464282852,191861877
U19101,16181,1119.6328574016559,178437416
U19103,111006,1125.2950294761476,178851716
U19105,20221,1118.1591202896436,178061402
U19107,11400,1150.4122835083447,181426875
U19109,17163,1397.4307520230454,202630370
U19111,38052,1065.4362625528045,168186433
U19113,191701,1148.965178708293,181166981
U19115,12183,1076.9370095690208,171672611
U19117,9422,1225.7170053588884,191353743
U19119,11763,1549.070945657316,220498070
U19121,14019,1291.1933911135811,197052751
U19123,22335,1185.6698299383959,187856576
U19125,32052,1220.4375193058959,190378278
U19127,39311,1246.488585263309,193266481
U19129,14547,1406.1532432481602,203335248
U19131,10874,1306.7606034775167,197907984
U19133,10020,1470.5947882158262,209417414
U19135,8016,1189.7543371685495,188221524
U19137,11771,1368.9656403679328,201087337
U19139,41722,1081.1256668143221,171836531
U19141,15102,1492.0824736084587,210916272
U19143,7003,1507.3544855911332,211883406
U19145,16976,1358.1869280212086,200550918
U19147,10147,1422.341818536133,204704094
U19149,24849,1519.576948777152,213039174
U19151,8662,1405.6615833224232,203326586
U19153,374601,1272.7377599719443,194945217
U19155,87704,1411.108102228474,203864807
U19157,18815,1194.493042477361,188515981
U19159,5469,1285.9762342873032,196710751
U19161,11529,1420.6114283509523,204672055
U19163,158668,1054.7167112139098,164086790
U19165,13173,1405.6550579436441,203313413
U19167,31589,1532.5421227733427,215937702
U19169,79981,1281.9378001181833,195872987
U19171,18103,1215.335891948556,189522363
U19173,6958,1322.2505933076432,198534400
U19175,12309,1296.9920353139591,197208485
U19177,7809,1106.8840504686043,174345782
U19179,36051,1154.5054538030627,181900240
U19181,40671,1256.6965173504386,194100268
U19183,20670,1117.330615124631,177977053
U19185,6730,1213.8740093827894,189469835
U19187,40235,1354.1907588333747,200398851
U19189,11723,1373.939064389259,201901867
U19191,21310,1241.1854619745823,192387005
U19193,103877,1492.3027929110224,210931374
U19195,7909,1339.7088987815605,199951965
U19197,14334,1337.3637457181517,199682866
U20001,14385,1312.4405617159514,198224164
U20003,8110,1314.6955390939638,198238549
U20005,16774,1338.4504486834921,199796836
U20007,5307,1609.1489012842371,225243829
U20009,28205,1619.2725289127918,225689716
U20011,15379,1272.806073913002,195319818
U20013,10724,1366.7867120578633,201076613
U20015,59482,1446.704243782011,206551372
U20017,3030,1428.798591863768,204997705
U20019,4359,1393.076144436976,202510313
U20021,22605,1269.0158293888728,194635308
U20023,3165,1885.655734413798,235109513
U20025,2390,1709.0533206078135,228076379
U20027,8822,1491.7302235174145,210907450
U20029,10268,1534.239927064444,216117208
U20031,8865,1352.9446062131763,200389986
U20033,1967,1659.6360183701174,226987685
U20035,36291,1445.490036500684,206477613
U20037,38242,1270.8062708232933,194706775
U20039,3472,1777.8831628295206,231154527
U20041,19344,1483.8000499379561,209821787
U20043,8249,1330.6480152578747,199102155
U20045,99962,1323.9765377816348,198587805
U20047,3449,1663.5907497311987,227058853
U20049,3261,1393.3190525118357,202514672
U20051,27507,1670.349519160813,227200148
U20053,6525,1572.3147078121735,222680049
U20055,40523,1789.6723199205321,231333600
U20057,32458,1714.4370950048394,228970121
U20059,24784,1317.7795611641666,198289321
U20061,27947,1452.1595574751136,206872801
U20063,3068,1771.3562224654813,230573284
U20065,2946,1723.2409291769932,229196598
U20067,7909,1839.2919777291347,233776455
U20069,5904,1764.2991068350555,230416074
U20071,1534,1883.56140118045,235098101
U20073,7673,1394.8849271511363,202562896
U20075,2670,1881.9930432363028,235065294
U20077,6536,1554.4424519687147,220673143
U20079,32869,1500.491629599822,211175485
U20081,4307,1802.016494668499,231473527
U20083,2085,1716.0602570561416,229045886
U20085,12657,1376.3967845791256,202044186
U20087,18426,1337.4881192023654,199707769
U20089,3791,1588.397686557399,223631272
U20091,451086,1283.719242902953,196259665
U20093,4531,1839.4273774302737,233784364
U20095,8673,1561.0965535696444,220956333
U20097,3278,1661.7948177730666,227048693
U20099,22835,1309.0820763270908,198160666
U20101,2155,1766.9627559384205,230427262
U20103,68691,1307.9765969573523,198040284
U20105,3578,1576.8324799349268,222893469
U20107,9570,1275.8344783260773,195403185
U20109,3046,1829.2064949920155,233646845
U20111,35935,1392.8310252231547,202474378
U20113,29554,1521.2500692334206,213064023
U20115,13361,1473.5855479182273,209501139
U20117,10965,1445.3391309507851,206466648
U20119,4631,1757.3562299898686,229967689
U20121,28351,1279.4410741741183,195810765
U20123,6932,1580.8924363608676,223217013
U20125,36252,1348.5010486172832,200079311
U20127,6104,1437.3489090004175,205795393
U20129,3496,1885.9057588845644,235134504
U20131,10717,1402.3256219082325,203014485
U20133,16997,1311.7784250760885,198207167
U20135,3454,1718.460708667777,229105147
U20137,5953,1730.3458531411081,229413628
U20139,16712,1357.7121073152523,200508868
U20141,4452,1628.078321499616,225974472
U20143,6163,1530.0444572063896,215853639
U20145,7233,1658.1094823433525,226848788
U20147,6001,1683.1600927992968,227467377
U20149,18209,1421.756630941261,204683584
U20151,9647,1613.6528309938815,225313126
U20153,2966,1830.3128033678747,233649891
U20155,64790,1556.1912847291155,220701730
U20157,5835,1541.1760064395232,220464681
U20159,10761,1569.0830190577426,222610805
U20161,62843,1453.2788788974467,206917983
U20163,5685,1675.602939656169,227325342
U20165,3551,1666.5973095188979,227111446
U20167,7370,1622.8054599036911,225875193
U20169,53597,1525.2403122727692,215741225
U20171,5120,1805.2681729288183,231519248
U20173,452869,1500.9730165744556,211208354
U20175,22510,1801.4135169621677,231451017
U20177,169871,1366.2040284276284,200906742
U20179,2813,1771.2087401519093,230570471
U20181,6760,1880.8158868124606,235049588
U20183,4536,1636.0689041757619,226200319
U20185,4789,1612.732072313706,225308337
U20187,2406,1882.4262586516588,235091264
U20189,5463,1842.120739206189,234141294
U20191,25946,1503.5892020324736,211751209
U20193,8180,1826.297887361473,233589838
U20195,3319,1717.6940580346304,229101828
U20197,6885,1402.9010191558848,203025202
U20199,1749,1882.3198880615723,235089515
U20201,6483,1493.4458038615878,211075121
U20203,2531,1843.6477370456516,234150823
U20205,10332,1349.5950364473565,200115563
U20207,3788,1352.477963537055,200386198
U20209,157882,1283.0794584892262,196082971
U21001,17244,425.2341780976447,27987672
U21003,17800,498.79209919614766,43507701
U21005,19111,434.9243181460806,29457268
U21007,8286,751.3779724062317,90298344
U21009,38033,478.30456595239673,38703574
U21011,11085,351.1694504362306,18698981
U21013,30060,277.03737236564893,12777953
U21015,85991,475.94612763271687,38148484
U21017,19360,387.71030705512027,21243205
U21019,49752,302.9737382166577,14493214
U21021,27697,407.9636610321804,24265660
U21023,8279,413.0259683020296,24643423
U21025,16100,280.9002015705307,12993474
U21027,18648,543.1684893168268,51404845
U21029,61236,490.3166287319769,42004751
U21031,13010,549.1616621813176,51638932
U21033,13060,652.1531636440822,71113250
U21035,34177,683.0558626954626,75850160
U21037,88616,450.99128564334404,34392340
U21039,5351,746.8094457935246,87806178
U21041,10155,482.697480992023,40301552
U21043,26889,319.0191598127423,15811840
U21045,15447,401.3573996512952,23462527
U21047,72265,615.6481797922826,60819029
U21049,33144,368.714049911665,19744225
U21051,24556,293.85078914445535,13728643
U21053,9634,406.54091510541684,24241968
U21055,9384,676.0784618139027,75600365
U21057,7147,428.56178775344915,28295127
U21059,91545,596.9385769434382,58519672
U21061,11644,509.2224361512118,45517529
U21063,6748,306.4521869769691,15280640
U21065,15307,339.2850089880342,17928628
U21067,260512,396.22423065498685,22650464
U21069,13792,364.4747910713893,19364462
U21071,42441,241.52010481541407,10588236
U21073,47687,438.15248946707175,30827287
U21075,7752,764.4431813102481,93737710
U21077,7870,470.0510750436178,36450801
U21079,14792,381.99554355879906,20837413
U21081,22384,446.2432165271788,32000630
U21083,37028,717.0207122921248,80205023
U21085,24053,525.8865468739799,48771177
U21087,11518,453.65277666750023,34508394
U21089,36891,334.2991206334284,17288420
U21091,8392,575.5295581243803,55507396
U21093,94174,501.0516393785191,44683679
U21095,33202,241.4431203239721,10555034
U21097,17983,412.10788961432974,24464222
U21099,17445,482.3683947589229,40284107
U21101,44829,639.9462861807207,66960253
U21103,15060,469.36452125170547,36435741
U21105,5262,745.5124216151007,86745453
U21107,46519,626.1208936819477,62423081
U21109,13495,329.39878954223923,16717773
U21111,693604,496.68468254512953,42814097
U21113,39041,396.81141950190596,22910976
U21115,23445,268.9706762478314,12472872
U21117,151464,459.7300685677146,34843511
U21119,17649,243.1318193269201,10751218
U21121,31795,296.4548466856624,14194534
U21123,13373,473.60986047031366,38060757
U21125,52715,326.0499281047501,16487349
U21127,15569,281.4328270163836,13009574
U21129,7916,315.70222710343995,15605009
U21131,12401,264.1531679060074,12394256
U21133,25277,223.17330107321692,9798443
U21135,14092,356.3779580952594,19041984
U21137,23361,383.7613212288426,21095940
U21139,9804,696.3446492873716,78851891
U21141,26573,561.0799948425258,54116541
U21143,8080,669.272549392271,74525957
U21145,65514,725.1690699226227,84409508
U21147,17080,348.17025642974784,18511654
U21149,9938,606.6312785698228,60159185
U21151,70872,365.1859679115141,19448997
U21153,13332,273.9493990096877,12693830
U21155,18212,438.0283135253745,30809075
U21157,30125,689.9136783560954,76357796
U21159,12578,244.87058946141582,10829028
U21161,16800,389.2229890413699,21289895
U21163,26349,530.8158458764489,49274325
U21165,6556,327.794605101128,16578784
U21167,20817,417.1148930054407,24801576
U21169,10037,452.939176268729,34498357
U21171,11756,455.9003587022989,34560455
U21173,22554,355.883333392242,19013094
U21175,13948,302.51732029798933,14479266
U21177,31839,588.6913223288396,57527907
U21179,37477,464.0536972894492,35355549
U21181,6813,383.65880192307566,20908977
U21183,22916,569.3657077088063,54845143
U21185,46178,491.76582223737313,42091677
U21187,10547,451.8362583318073,34480956
U21189,4858,304.0511685078617,14910898
U21191,14390,430.61682632923913,28428483
U21193,29390,257.5119299216804,11736784
U21195,68736,213.54635885914496,9131493
U21197,13237,335.62753889666226,17508428
U21199,56217,365.00711203813626,19392780
U21201,2266,398.63521168240777,22970142
U21203,16582,351.58238135348296,18710066
U21205,22094,334.18963147131615,17266326
U21207,16315,403.1639207027901,23737670
U21209,33061,419.9041663914113,25681976
U21211,33337,465.75856989346414,35840892
U21213,16405,533.1924656696328,49529184
U21215,11766,462.3591725868218,35112178
U21217,22927,436.45824440779694,30680616
U21219,11971,587.6216368209109,57458371
U21221,12597,647.2091454309834,70582338
U21223,8125,496.5113337879178,42805972
U21225,15637,668.9552711733646,74510320
U21227,92522,522.6272409080013,48414964
U21229,10916,438.33446284346337,31041742
U21231,19923,379.29098244348336,20300447
U21233,14120,642.8123063337149,67092959
U21235,35865,318.2967006191148,15775975
U21237,7065,307.150988356455,15294548
U21239,23208,418.4002302367127,24992903
U22001,58861,1271.4962267230387,194783989
U22003,25440,1282.6033878329265,195974090
U22005,76627,1160.1132663765718,182312251
U22007,23388,1191.5191794037762,188309812
U22009,41481,1190.2502465352775,188229540
U22011,32986,1325.6104834499192,198912680
U22013,15752,1214.9923126109552,189506611
U22015,98310,1248.04725683009,193305792
U22017,252161,1275.9518660457877,195412755
U22019,183577,1351.3603119418315,200190954
U22021,10560,1145.6992172679386,180661377
U22023,9991,1357.780431762549,200525580
U22025,10920,1145.7151006496001,180671937
U22027,16851,1188.1427807754678,187982325
U22029,20247,1138.3364221038073,180161069
U22031,25494,1286.3031388604013,196716220
U22033,412852,1151.6364103536011,181438275
U22035,9421,1041.045322247601,163528164
U22037,21360,1128.8685272703117,178999291
U22039,35434,1244.8811849561334,192520492
U22041,21263,1106.6069545698301,174324519
U22043,18698,1208.8923681684416,189211858
U22045,73266,1271.8699060118274,194842850
U22047,33320,1189.2728128185313,188188204
U22049,15397,1173.5537809095877,185110817
U22051,455466,1145.7267325658145,180682857
U22053,31435,1305.2534713988405,197774091
U22055,190503,1249.3810185828224,193404102
U22057,89974,1172.2843007370277,182753238
U22059,14282,1171.147470268434,182738956
U22061,42509,1169.2378343621897,182660813
U22063,91814,1130.1823610150311,179020651
U22065,13728,1058.989917011593,166258251
U22067,31021,1085.5029901735247,171969232
U22069,39080,1245.9938663612277,193227401
U22071,484674,1096.941162679037,173204056
U22073,147250,1131.2236276548065,179344493
U22075,26757,1102.0681205226992,174131907
U22077,22763,1181.4900174091856,185764297
U22079,126337,1228.5540043339702,191404719
U22081,9622,1250.7600556684897,193745064
U22083,20981,1100.2267282438693,174002734
U22085,23459,1294.7509926839093,197133715
U22087,67229,1059.6408058566126,166443890
U22089,48072,1138.9503843301688,180185486
U22091,10525,1103.8282487097542,174177769
U22093,21216,1163.5272385272065,182580426
U22095,43044,1135.3486078600295,179771712
U22097,87700,1219.8311862751386,190290578
U22099,48583,1219.5123452964351,190241995
U22101,53500,1241.4863497720455,192408315
U22103,191268,1073.5994159822496,170156579
U22105,100588,1093.4940570285996,172972924
U22107,6618,1086.071408709452,172000253
U22109,104503,1216.595058431706,189540466
U22111,22803,1134.708323657461,179647486
U22113,53807,1294.251986477121,197079908
U22115,52531,1286.5345775422036,196775330
U22117,43926,1050.5537198222753,164031033
U22119,41831,1222.367385822129,190673088
U22121,21601,1173.6935895515667,185155916
U22123,12314,1056.8279009726652,165004416
U22125,15111,1156.7588553432663,182132744
U22127,16894,1198.1459449106503,189020187
U23001,103793,1256.5195634869908,193986451
U23003,73938,1540.9204936638264,220390743
U23005,265612,1222.8318009010138,190738273
U23007,29467,1304.3929952555156,197690743
U23009,51791,1397.1717921058964,202578579
U23011,117114,1301.2318874344612,197454913
U23013,39618,1319.539132558604,198314105
U23015,33616,1286.3875360821405,196741714
U23017,54755,1250.6338253298306,193690309
U23019,144919,1438.286970595394,206069410
U23021,17235,1452.6408752922089,206900748
U23023,35214,1260.4516369424562,194379923
U23025,50888,1372.4863209409787,201840598
U23027,36280,1345.4544283382927,199990892
U23029,33941,1472.0963317255917,209467198
U23031,186742,1174.5201830885712,185177517
U24001,74930,420.9514287036703,26321319
U24003,489656,479.8417114899742,38802206
U24005,754292,509.85604161225996,45529173
U24009,74563,450.5324947263682,34114880
U24011,29772,522.2742904893117,48385192
U24013,150897,495.99947185088035,42600575
U24015,85951,561.4384164659427,54323061
U24017,120546,412.8496949231643,24522877
U24019,30674,480.25989941940713,39291862
U24021,195277,466.9591322564692,35897646
U24023,29846,394.4855237164461,22275589
U24025,218590,536.740795388755,49868234
U24027,247842,476.10775894894505,38234475
U24029,19197,526.2859572981286,48795230
U24031,873341,450.181799079896,33213106
U24033,801515,448.85008792429767,32339554
U24035,40563,515.4943436344129,47368076
U24037,86211,431.99674608861886,28465975
U24039,24747,476.94104808060945,38678827
U24041,33812,489.7314662903944,41970939
U24043,131923,457.5836747609495,34653889
U24045,84644,508.6667570275824,45432885
U24047,46543,526.9926903472656,48814427
U24510,651154,499.21964223923806,43525501
U25001,222230,1099.0024940878386,173780504
U25003,134953,942.5523807057372,150649233
U25005,534678,1034.7589128246882,162114259
U25007,14987,1040.0765381525255,163059865
U25009,723419,1107.5407358135133,174353591
U25011,71535,995.3935990985615,157011122
U25013,456228,959.263776288072,152941592
U25015,152251,972.6046946878347,155031946
U25017,1465396,1062.0291962548763,166591503
U25019,9520,1076.5356350183047,170973284
U25021,650308,1055.3311289492342,164302215
U25023,472822,1073.2880064574044,169683757
U25025,689807,1076.6161548752916,170982804
U25027,750963,1015.5503852802898,160451917
U26001,11719,965.6118827527498,154515035
U26003,9862,1309.0918743251787,198183501
U26005,105665,880.4147429834167,136951972
U26007,31314,999.2073915353237,157419813
U26009,23110,1054.756002330368,164245458
U26011,17269,914.3287795701498,143917717
U26013,8746,1334.5363238659652,199362282
U26015,56755,818.44380201015,113791001
U26017,110157,884.9013051393301,137520181
U26019,15998,1064.8959080057589,168170435
U26021,162453,817.3275672699431,112705089
U26023,45787,744.7452870173007,86699666
U26025,137985,773.2843970106285,97644511
U26027,51104,788.6106104493574,105063048
U26029,26090,1115.1553418925062,177436699
U26031,26448,1085.0046787107808,171942784
U26033,38543,1175.1305712698168,185364259
U26035,31252,940.4701853037551,150499950
U26037,64753,826.8362512547094,114328527
U26039,14273,1004.673091328571,158154830
U26041,38520,1192.9831965768142,188385829
U26043,27472,1250.0557687457517,193662837
U26045,103655,800.2942230097249,109722589
U26047,31437,1109.7765081289062,176774235
U26049,436141,806.4213571453862,110936244
U26051,26023,926.6647758747345,145942285
U26053,17370,1376.6006420936233,202056843
U26055,77654,1037.6621899665263,162865820
U26057,42285,861.7932338145062,125830010
U26059,46527,721.5408742202861,83210927
U26061,36016,1374.965194631069,201935762
U26063,36079,881.7847474092835,137117010
U26065,279320,784.3385196721766,104145842
U26067,61518,843.8807941828438,121139135
U26069,27339,927.4519936085234,146352047
U26071,13138,1292.6500848947965,197066770
U26073,63351,905.3671896128686,142099415
U26075,158422,750.5271243877312,88734676
U26077,238603,796.2265299688594,107805179
U26079,16571,1018.6269093902775,161253528
U26081,574335,871.1882732396914,127289156
U26083,2301,1421.8843583161893,204701793
U26085,11333,974.9932173986606,155343256
U26087,87904,801.2624568210754,110198315
U26089,21119,1097.5046603345909,173688730
U26091,98890,702.4185207061945,79519872
U26093,156951,768.9955369749861,97152882
U26095,7024,1266.5120619054876,194591207
U26097,11943,1178.583093257671,185611562
U26099,788149,749.5879420061889,87925578
U26101,24527,1040.5775483512975,163354263
U26103,64634,1301.276001733975,197572027
U26105,28274,1013.3531110418777,160332363
U26107,40553,921.6792799202709,145279904
U26109,25326,1191.1600776517075,188279924
U26111,82874,891.0507548696755,139240272
U26113,14478,982.448800717502,156202302
U26115,145945,685.1105409798917,75984902
U26117,61266,883.0091340222044,137201284
U26119,10315,1028.3270345838737,161763893
U26121,170200,948.1638672477588,151441315
U26123,47874,932.1444959468353,149021440
U26125,1194156,759.8770248245136,92265849
U26127,26873,983.4506619676989,156304146
U26129,21645,955.3499550459094,152246300
U26131,7818,1430.1279657510077,205000735
U26133,23197,957.3533065418251,152495010
U26135,9418,992.3376436670361,156885065
U26137,23301,1039.3727152113304,162960431
U26139,238314,912.252998887904,143629312
U26141,14411,1062.6032307461755,168066210
U26143,25469,969.3274359120517,154901833
U26145,210039,848.3336390569076,122788745
U26147,164235,772.3208939778029,97459303
U26149,62422,764.9195338493795,93783093
U26151,44547,828.2583417657048,114679596
U26153,8903,1190.2599672636618,188271021
U26155,71687,812.192993801612,111490878
U26157,58266,848.755524010748,122998784
U26159,76263,836.4600777353828,116244874
U26161,322895,730.9298665325726,85254213
U26163,2061162,717.0827305855694,80255716
U26165,30484,999.3907645327539,157701927
U27001,15301,1571.6366344416108,222664748
U27003,298084,1463.820436874663,208927349
U27005,30000,1730.002512626837,229349481
U27007,39650,1754.964261129855,229905663
U27009,34226,1539.6933564464198,216844579
U27011,5820,1673.43012271894,227319522
U27013,55941,1434.8918959484886,205150993
U27015,26911,1492.3860839825247,211035251
U27017,31671,1530.6430119504819,215859802
U27019,70205,1467.4058775401159,209312340
U27021,27150,1649.212333248832,226388375
U27023,13088,1594.6632279701312,224331825
U27025,41101,1460.2538007433313,208689672
U27027,51229,1772.7050904696491,231044298
U27029,8423,1753.8803363908346,229897240
U27031,5168,1493.4411806467915,211069953
U27033,12167,1509.4144328705895,212857214
U27035,55099,1600.307649872797,224596476
U27037,355904,1410.8306471818244,203508903
U27039,17731,1355.0773520907921,200448032
U27041,32821,1645.358217057006,226297656
U27043,16181,1405.3488689692172,203297232
U27045,21122,1282.3308729772846,195952968
U27047,32584,1364.8144610153133,200874158
U27049,44127,1371.0717837098375,201742669
U27051,6289,1679.6269134190786,227352109
U27053,1116200,1459.420431692837,207506249
U27055,19718,1243.9180016173982,192461815
U27057,18376,1692.8105896851746,227876477
U27059,31287,1487.5804739747055,210347189
U27061,43992,1650.9234468484012,226441667
U27063,11268,1488.411997465214,210378476
U27065,14996,1515.709301345658,213017007
U27067,41203,1565.9003640152544,220965006
U27069,5285,1920.3443185453255,236567531
U27071,14355,1719.965067285168,229120389
U27073,8067,1633.670078110153,226138718
U27075,11058,1542.5094366194407,220480957
U27077,4522,1819.2489551200192,231841739
U27079,25426,1433.7351577707086,205110171
U27081,6429,1606.7129187780417,224995518
U27083,25425,1577.5130234400121,222897047
U27085,34898,1497.5613771828744,211127964
U27087,5190,1761.1784143405835,230402741
U27089,10155,1866.7368350525899,234558065
U27091,21802,1445.9353276257827,206513904
U27093,22644,1533.38691754716,216005654
U27095,22330,1533.9088309640827,216094878
U27097,31712,1578.0228808070049,222922472
U27099,38603,1325.004339822523,198874077
U27101,9165,1549.8530014839976,220551875
U27103,29771,1466.622936767627,209282569
U27105,20832,1531.990172211565,215916870
U27107,7442,1799.8924949761672,231423164
U27109,124277,1324.219219679119,198687767
U27111,57159,1692.1688993319667,227814671
U27113,13584,1827.4394657570383,233633261
U27115,26530,1496.6963850313282,211101434
U27117,9895,1584.6190468278921,223540758
U27119,31369,1827.013148116687,233601892
U27121,11236,1622.0136283095508,225863957
U27123,511035,1436.956404572258,205284358
U27125,4299,1815.5264172303496,231627385
U27127,16815,1536.7797365470615,216394788
U27129,17154,1535.9595489036071,216127476
U27131,56665,1404.366031124464,203037414
U27133,9721,1567.285253348437,221149226
U27135,16338,1866.9939347998907,234655585
U27137,200528,1599.2514180950336,224395948
U27139,89498,1439.2950468557171,206229844
U27141,64417,1507.9877641754063,212098425
U27143,15356,1479.1546029360204,209771001
U27145,133166,1567.0984460203802,221006209
U27147,33680,1377.576807366932,202074213
U27149,10053,1657.2584088398366,226835161
U27151,11956,1618.0202798712182,225641041
U27153,24426,1619.510055560055,225717921
U27155,4134,1699.3495793992424,227923313
U27157,21610,1332.9101866977783,199186940
U27159,13713,1660.8098676244474,227024753
U27161,19526,1402.0887716395202,202962999
U27163,201130,1425.7675075594639,204757566
U27165,11876,1468.5257317360445,209382545
U27167,7138,1736.591343766964,229658422
U27169,49985,1283.0764380676267,196032986
U27171,89986,1501.4491851407643,211661223
U27173,11080,1596.0483490135396,224354316
U28001,34340,1114.9627812890171,177402359
U28003,34558,730.2166059148403,84604354
U28005,13599,1086.7086713781152,172027207
U28007,19661,884.7315327389224,137500520
U28009,8026,787.132228017946,104958521
U28011,40633,967.0842733328969,154549558
U28013,15069,827.0976063606121,114393280
U28015,10769,897.1780392237879,139870326
U28017,19440,793.7830508958606,107726127
U28019,9758,844.3480653658252,121200653
U28021,11831,1052.2055835636795,164074959
U28023,17955,868.2788014582895,127259012
U28025,21979,790.536833604957,106568348
U28027,30622,928.0330300481425,146379386
U28029,28757,1019.8354168504638,161287458
U28031,19407,961.699797511422,154384975
U28033,107199,856.1585482400527,125160124
U28035,72604,968.0959830836385,154818975
U28037,8448,1078.4322975685982,171761579
U28039,19144,945.6026911400467,151207346
U28041,13299,919.6043161497379,145037991
U28043,23263,873.8533411761024,129323727
U28045,42967,1040.0651062382512,163016898
U28047,189601,1009.5063730791503,159584179
U28049,250800,999.2996583087487,157451127
U28051,21609,925.6786829054015,145504795
U28053,11206,962.2956615016113,154443326
U28055,2274,1019.0059071745384,161285184
U28057,22770,729.7689886333128,84572963
U28059,131420,973.400409230012,155184197
U28061,18149,904.3065438704571,141857553
U28063,9740,1075.888315786477,170950865
U28065,13962,987.8079244827044,156570841
U28067,64958,932.692158637682,149069314
U28069,10453,822.2878266964414,114185951
U28071,38744,825.7449569044724,114261916
U28073,39070,987.0184065424971,156531771
U28075,78161,844.7728196997131,121433096
U28077,13258,1010.9536766686671,159932495
U28079,20940,895.838948648042,139462668
U28081,75755,757.1840404349533,91205626
U28083,37947,925.1299942771917,145452087
U28085,33166,1039.465341322038,162983732
U28087,61586,770.014565328809,97309833
U28089,74674,944.4635823281415,151132672
U28091,25595,1008.5094155640995,158936982
U28093,34993,815.3118869412555,112232936
U28095,38014,755.3849639943835,90678765
U28097,12189,870.6750630845027,127276967
U28099,28684,862.5457231928228,125872295
U28101,21838,881.6748215455289,137095172
U28103,12548,798.4657865224528,108211779
U28105,42902,809.1007904074378,111432828
U28107,34274,867.3101186937981,127130973
U28109,48621,1021.0178456309878,161360431
U28111,12138,948.9940054438224,151904972
U28113,38940,1056.84892593304,165016730
U28115,26726,790.4521044214986,106541622
U28117,25556,732.4700271207977,85651131
U28119,10117,899.6881260580344,140036413
U28121,115327,956.853136662843,152379683
U28123,28423,914.0019097668221,143889294
U28125,6580,998.965219052146,157413233
U28127,27639,974.8243266002147,155315617
U28129,16182,934.0856975129412,149280827
U28131,13622,984.5972474728061,156456934
U28133,34369,948.992660150316,151870603
U28135,14903,899.2358553420795,140021510
U28137,25370,857.3752782462967,125267323
U28139,20826,763.4317164714433,93692541
U28141,19163,703.7844426278724,79783637
U28143,9227,895.4072818796831,139453441
U28145,25362,778.7865655062496,103041393
U28147,15156,1034.6182827222453,162099103
U28149,49644,1026.800176920293,161714249
U28151,62977,992.5028726310769,156894483
U28153,21216,893.8288087010739,139432225
U28155,10294,835.4641465575396,116234580
U28157,10312,1131.7725862065045,179549782
U28159,20160,839.050069583299,116661706
U28161,13051,855.5856584680112,125147073
U28163,28149,967.6377062666498,154790826
U29001,24977,1134.9314798356352,179746735
U29003,16492,1307.484259626277,197918858
U29005,6430,1372.2734957624946,201834168
U29007,25853,1040.1335923526738,163186783
U29009,34010,1179.169128102407,185679076
U29011,12541,1225.8446432486016,191363165
U29013,16653,1232.4230248717633,191578765
U29015,17180,1142.027429579186,180305106
U29017,12029,843.8093192503422,121127106
U29019,135454,1072.9343098741745,169515790
U29021,85998,1299.1813745216837,197330564
U29023,40867,873.2176683119046,127863491
U29025,8969,1230.1495114474276,191531056
U29027,40766,1036.4280474583472,162825054
U29029,37051,1092.7002887329897,172935873
U29031,68693,814.7790080311089,112147878
U29033,10285,1184.039269084759,185980949
U29035,5941,922.2808389080465,145320457
U29037,82092,1239.5182315952216,192281588
U29039,13733,1184.0539437623859,185991234
U29041,8438,1141.8025745400466,180288127
U29043,54285,1121.5493677755342,178481823
U29045,7416,1074.3336600848984,170347847
U29047,184006,1258.506851643375,194195917
U29049,18979,1263.4732298982997,194447164
U29051,71397,1058.3584523621873,166186854
U29053,16670,1111.7807133968313,176952539
U29055,22804,965.7303862620112,154526754
U29057,7923,1182.3299300019935,185787060
U29059,15661,1112.0159140571589,176969209
U29061,8016,1238.1454097920464,192273572
U29063,11597,1272.129535562946,194916116
U29065,14927,976.3414930828062,155415072
U29067,13084,1061.811781520922,166578419
U29069,33155,843.6108299557206,121093951
U29071,93807,953.895684874576,152152493
U29073,15342,991.5312729869356,156818691
U29075,6861,1281.203614738595,195866126
U29077,240391,1136.0131887650386,179871081
U29079,10432,1209.79534864656,189335650
U29081,8850,1252.1889360434036,193836389
U29083,21997,1186.9558447700367,187878911
U29085,8940,1140.0234261477049,180233558
U29087,5351,1344.7105897939698,199985541
U29089,10212,1109.270732929993,176764023
U29091,37238,1005.594751374981,158569695
U29093,10697,906.9624829747867,143427036
U29095,654880,1245.1726112800854,192555926
U29097,104686,1224.17767784592,191109768
U29099,198099,905.1532202808131,141901316
U29101,48258,1194.3135675077747,188467723
U29103,4361,1096.3679591176694,173199695
U29105,32513,1073.2834080972277,169651244
U29107,32960,1200.6897596762972,189037081
U29109,35204,1179.138139987764,185643872
U29111,10494,1061.0232398136184,166567925
U29113,38944,961.9071342935434,154404382
U29115,13754,1164.4745430081987,182601642
U29117,14558,1197.9349716329546,189005629
U29119,21681,1224.8112937132296,191332062
U29121,15762,1118.9836143653777,178421654
U29123,11800,873.8946575454054,129346990
U29125,8903,1021.8666828512887,161409052
U29127,28289,1042.9474042556217,163652575
U29129,3757,1220.5964074744775,190410330
U29131,23564,1066.526062297904,168585959
U29133,13427,775.0642123773749,98409952
U29135,14827,1087.6633427000982,172056943
U29137,9311,1062.4284363369015,168056899
U29139,12136,1000.5272181076059,157744053
U29141,19309,1108.444437495669,175081993
U29143,19760,806.3242957299562,110916484
U29145,52636,1223.4896425493164,191003885
U29147,21912,1324.9345264086776,198852165
U29149,10344,962.3317468014365,154454532
U29151,13062,1022.2482180638223,161570262
U29153,9542,1056.5295370290196,164994874
U29155,20047,818.5378315774884,113847756
U29157,18132,830.1206155793568,115419235
U29159,39403,1149.4738683800674,181358682
U29161,39825,1005.5392917939324,158529870
U29163,18351,988.7887740844621,156584803
U29165,73781,1288.5694598664595,196870382
U29167,26992,1143.6290592906914,180516262
U29169,41165,1041.2874834414822,163537585
U29171,5223,1178.5552474113908,185606339
U29173,9626,1024.8731838512647,161597441
U29175,24663,1100.736838694701,174023715
U29177,23354,1222.5179838996398,190714919
U29179,6689,927.4355901898028,146345358
U29181,13509,914.5056666249307,143934986
U29183,283883,929.953127090944,147738609
U29185,9652,1180.4923254833423,185754645
U29186,17842,866.2915247126773,126792514
U29187,55641,890.2033187845334,139184631
U29189,1016315,906.7321036146602,142410721
U29195,23756,1151.7674915683351,181851127
U29197,4170,1138.949674688694,180181316
U29199,4983,1108.4345683764461,175077010
U29201,40422,800.7931657965242,110136091
U29203,8324,963.5782672668362,154464876
U29205,6799,1079.2305746976926,171778598
U29207,29705,832.6407254215234,115986336
U29209,28658,1146.4234618846983,181138323
U29211,7219,1176.2761924227852,185526057
U29213,39703,1108.6589535103772,176724320
U29215,23003,1014.7491195976546,160428914
U29217,20454,1228.158702195791,191384265
U29219,24525,970.0575610632764,154944421
U29221,23344,929.2012397573408,146839887
U29223,13259,880.3427452722095,136938713
U29225,31045,1095.0539572657756,173168650
U29227,2382,1291.1497443875726,197050369
U29229,17955,1059.9659922023434,166549970
U29510,348189,889.6783601344126,138491677
U30001,9202,2874.314152209332,341518232
U30003,12671,2469.1965432092584,270916349
U30005,7009,2676.261114710982,321523237
U30007,4385,2793.0087393347703,331846642
U30009,9552,2578.8185745724163,291538450
U30011,1360,2248.8993708007933,252818571
U30013,80357,2808.514749743257,335839900
U30015,5970,2760.2244154248165,328815271
U30017,11696,2352.01393908033,256986478
U30019,2017,2459.818109547233,269650995
U30021,9059,2346.763665067318,256286063
U30023,9417,2911.48838578476,343932423
U30025,2837,2271.7955441784356,253706657
U30027,11893,2651.388979982576,318692168
U30029,74471,3031.8453244728103,350969540
U30031,67831,2749.9084540259446,327095407
U30033,1279,2493.1912992590455,274120564
U30035,13247,2967.3598433363877,350011839
U30037,1042,2621.446193984642,310117557
U30039,2830,2939.329618845586,349334516
U30041,16673,2762.74443393766,328898126
U30043,10049,2830.2293152692305,337151171
U30045,2329,2723.952908149792,325277447
U30047,26507,3016.679941766291,350898461
U30049,55716,2878.7948746071725,341691813
U30051,2158,2825.236886657034,336967151
U30053,18837,3134.6384880557484,354581101
U30055,1977,2421.525439486402,263748512
U30057,6851,2802.4015341767367,335693543
U30059,1932,2756.6676069709256,328624317
U30061,3884,3077.901069694305,352880899
U30063,95802,2988.094554498779,350575563
U30065,4497,2570.9520111553875,286655650
U30067,15694,2698.421756322896,323048206
U30069,493,2576.8786741730437,290287698
U30071,4601,2597.3980057756758,304342096
U30073,6424,2898.215863878528,343673131
U30075,1858,2322.1354105240375,255279461
U30077,7180,2912.4190772064435,343941840
U30079,1199,2362.4845707751106,258129769
U30081,36070,2985.5094644411743,350475209
U30083,9667,2346.6205270031937,256276396
U30085,10620,2399.060666486937,260454136
U30087,9383,2432.3557461602436,266010333
U30089,10227,3099.5720104000015,352914615
U30091,4105,2389.134661231114,259772856
U30093,34606,2870.933065780573,341290884
U30095,8195,2617.656226855375,309337418
U30097,3609,2663.0195078768133,319861147
U30099,6445,2890.477735082679,343129992
U30101,5267,2876.9530262366143,341671098
U30103,861,2476.427558455198,271981342
U30105,7675,2517.115275980166,277328329
U30107,2259,2675.325225517481,321445951
U30109,1068,2289.6511737215283,254698673
U30111,129352,2541.607769305704,280754061
U31001,31151,1626.487423678699,225934232
U31003,7452,1638.7105998092363,226204855
U31005,444,1912.6387477526878,236354329
U31007,819,2078.2098090192417,242813960
U31009,583,1783.6017058261584,231318470
U31011,6259,1623.4249200818183,225882563
U31013,12158,2039.899441286211,242027970
U31015,2438,1719.9400971758719,229117951
U31017,3525,1790.7988991064599,231374123
U31019,42259,1681.6085582959288,227361282
U31021,7791,1492.4202934953546,211062162
U31023,8767,1533.6180675112264,216028298
U31025,24334,1443.9443498209876,206442314
U31027,9615,1592.6449326322636,224199772
U31029,4068,1892.75134016756,235246766
U31031,6148,1888.1472899516914,235155573
U31033,9830,2013.6326538502797,240183716
U31035,7039,1589.4115753156511,223761874
U31037,10441,1541.50657712043,220470516
U31039,10203,1529.8796202159256,215843436
U31041,11793,1748.0580131503887,229759644
U31043,20253,1530.9450510230995,215891473
U31045,9060,2055.6292657904655,242359398
U31047,24365,1742.8552494773653,229677225
U31049,2098,1955.6851154360465,237720859
U31051,6339,1557.2195219740556,220779104
U31053,36160,1506.4777636976805,211785488
U31055,463585,1457.7972643324604,207042664
U31057,2292,1886.5340213305662,235138000
U31059,6634,1551.9417583840614,220626726
U31061,3574,1657.9993789192974,226845214
U31063,3099,1785.188382750552,231330501
U31065,5324,1737.6172884851733,229665560
U31067,22993,1469.837093065759,209394421
U31069,2292,1966.0400597923274,238303896
U31071,1902,1697.8117916742594,227921411
U31073,2143,1736.2396764328755,229656279
U31075,747,1925.4467064752687,236700576
U31077,2714,1656.2494148483242,226832447
U31079,53534,1634.484884117814,226146785
U31081,9403,1595.788751201991,224344913
U31083,3786,1694.8994126186483,227914063
U31085,1068,1839.4386638012284,233788895
U31087,3111,1832.7986392556968,233652857
U31089,11551,1705.1040830044026,228004516
U31091,783,1873.8625845382546,234931556
U31093,6567,1644.9462290160138,226291089
U31095,8333,1506.0457735179425,211777155
U31097,4488,1439.2777522476363,206225356
U31099,6882,1663.363937406823,227051971
U31101,8875,1900.4388378569931,236061032
U31103,983,1792.1136278045544,231377648
U31105,4089,2071.2456127543746,242756874
U31107,9374,1642.3921752901526,226240527
U31109,250291,1484.5014948901514,209852542
U31111,34632,1823.3676283934558,232085157
U31113,774,1809.9819259708536,231529352
U31115,712,1744.3484422392812,229706314
U31117,533,1861.3718671868946,234454798
U31119,35226,1593.8108522491443,224296599
U31121,8204,1604.4861389156235,224808660
U31123,5440,2021.5996545569274,240625286
U31125,4038,1608.0413467660571,225009804
U31127,7576,1404.7879142229683,203094079
U31129,5057,1581.3438127461284,223223945
U31131,15396,1434.8804784962215,205135597
U31133,3087,1430.6184542135697,205056626
U31135,3200,1893.3901256173453,235250834
U31137,9747,1701.6309408956954,227953344
U31139,7857,1607.0524448217204,225001947
U31141,31662,1575.2641747366495,222854989
U31143,5639,1567.785012056568,221158947
U31145,11448,1784.224359288386,231319053
U31147,9531,1386.6872231071734,202408459
U31149,1756,1756.2526430695564,229945313
U31151,13843,1513.4477334334886,212960619
U31153,122595,1448.054893664341,206658994
U31155,19830,1494.1481296144966,211081604
U31157,36951,2082.3374813838664,242927304
U31159,16496,1523.768677282919,215385837
U31161,6198,1991.0280796550776,239398290
U31163,3318,1682.2483683886467,227464059
U31165,1475,2098.7038060146806,243177024
U31167,6455,1559.685934158064,220802067
U31169,6055,1543.7193518881602,220492015
U31171,729,1822.9318994675762,232084428
U31173,7171,1519.2363803992132,213032003
U31175,4647,1692.5336608694574,227871830
U31177,18780,1471.718473213257,209427434
U31179,9851,1567.1910877593518,221139375
U31181,4061,1619.1681997728617,225664003
U31183,886,1667.0220985075532,227114997
U31185,14598,1560.962907517901,220941735
U32001,23982,3300.274750447541,361835117
U32003,1375765,3067.1470394371618,351418814
U32005,41259,3422.6319402160025,380595138
U32007,45291,3042.8893413863684,351101306
U32009,971,3268.76337365951,361771501
U32011,1651,3125.894007618229,354278192
U32013,16106,3274.0688093743775,361814947
U32015,5794,3192.4279089279335,356389366
U32017,4165,3029.5809465154475,350965375
U32019,34501,3385.7003289576483,369319134
U32021,5071,3325.4704563578925,364909685
U32023,32485,3163.846952316378,355171078
U32027,6693,3303.5723930691524,361859099
U32029,3399,3408.373104589024,379517381
U32031,339486,3411.047799198622,379520780
U32033,9181,3012.989946692903,350889280
U32510,52457,3430.742942520892,380637944
U33001,56325,1135.6934271212924,179814756
U33003,43666,1175.3759654350806,185402802
U33005,73825,1041.8800948801918,163578750
U33007,33111,1232.436020559805,191595418
U33009,81743,1143.5867380517834,180434519
U33011,380841,1072.3988046154834,168708423
U33013,136225,1103.9835412857794,174188294
U33015,277359,1116.601580959472,177462789
U33017,112233,1142.3558693288137,180322286
U33019,40458,1077.2576917809768,171684794
U34001,252552,645.1145058536817,67982105
U34003,884118,782.9431821132368,103261724
U34005,423394,668.7358739634943,73755077
U34007,508932,643.4388455811076,67150942
U34009,102326,607.0013758877227,60169123
U34011,146438,601.4992322676699,58906384
U34013,793633,759.5292407385946,91472216
U34015,254673,625.5499278794508,62110745
U34017,608975,766.3419893661886,93845515
U34019,121989,701.1175804274847,79309096
U34021,350761,693.7918547259688,77738537
U34023,750162,724.2801743978549,83652324
U34025,615301,730.8940811531245,84638912
U34027,470212,745.822999160497,86813425
U34029,510916,695.9723508182985,78340975
U34031,489049,774.294185687198,97782496
U34033,64285,601.0610081285006,58842099
U34035,297490,719.5461942089864,82824730
U34037,144166,758.5041467769742,91299945
U34039,522541,746.3400090965631,87283637
U34041,102437,717.3257493103547,82556330
U35001,556678,2347.8278971536315,256295122
U35003,3543,2529.220438925492,279332708
U35005,61382,2191.7961378271707,247868232
U35006,25595,2469.5090548902726,271202335
U35007,14189,2141.829691543876,245469829
U35009,45044,2060.1232309377233,242424281
U35011,2240,2159.908504231222,246431093
U35013,174682,2435.033963810594,266394045
U35015,51658,2205.01417582837,250988033
U35017,31002,2561.885121590052,283792338
U35019,4680,2182.848986348189,246917974
U35021,810,2079.524653073254,242885581
U35023,5932,2622.006038000774,310135443
U35025,55511,2114.027443062438,244358611
U35027,19411,2269.275040555885,253646386
U35028,18343,2300.571453430897,254732642
U35029,25016,2522.630662772128,278817138
U35031,74798,2479.4090741032123,272060168
U35033,5180,2175.1997221984843,246781328
U35035,62298,2332.9725844960794,255526866
U35037,10155,2067.22883677555,242527089
U35039,41190,2325.47044415555,255289708
U35041,18018,2085.4181265505376,243008894
U35043,89908,2354.9422777747586,257657931
U35045,113801,2470.0920414258208,271365792
U35047,30126,2172.8515907917053,246715650
U35049,129292,2276.162239794276,254372081
U35051,13270,2442.939213854932,267995065
U35053,18078,2396.4994722084216,260224234
U35055,29979,2230.8738595819254,252175807
U35057,16911,2283.1146086194303,254527404
U35059,4174,2039.7317984633805,242023796
U35061,66152,2367.3213489353407,258362813
U36001,294565,917.1967621016848,144215075
U36003,49927,714.3604748403792,79978782
U36005,1332650,789.3135300738973,105114152
U36007,200536,786.9130873997109,104757985
U36009,83955,698.1662076949611,78949788
U36011,81963,838.4357802184686,116492505
U36013,139750,692.0617076133045,77041665
U36015,91070,747.4889183771138,87811529
U36017,51401,827.5427985421074,114628195
U36019,79894,1121.8044175524956,178536108
U36021,63094,908.5727811513507,143437733
U36023,48599,816.9842329137444,112656490
U36025,48055,831.4572126014517,115455000
U36027,280150,863.2697090451287,125900979
U36029,950265,751.0809793719363,89348079
U36031,38851,1059.7898218808202,166511119
U36033,51134,1080.9857830371377,171785397
U36035,55073,939.9021374964353,150444877
U36037,60370,789.90514976891,106481252
U36039,48195,882.507777100317,137153089
U36041,5379,985.3444101164839,156526392
U36043,64427,949.6382315715737,151917110
U36045,111738,955.5481277675823,152267945
U36047,2465326,768.0151956607895,94599420
U36049,26944,957.6164024740584,152518207
U36051,64328,771.6691418791241,97394975
U36053,69441,864.466371950355,126683395
U36055,735343,851.9278750987681,123057050
U36057,49708,920.2788051974541,145230196
U36059,1334544,798.5586014191476,108224327
U36061,1537195,776.5924277542244,98960924
U36063,219846,827.3069027070969,114408349
U36065,235469,905.7630368153116,142162766
U36067,458336,852.2635140172054,123792393
U36069,100224,798.7336446259825,109558871
U36071,341367,802.1491052386533,110360185
U36073,44171,842.7822625429243,118568286
U36075,122377,896.7137080855176,139483608
U36077,61676,867.1617341678984,127069297
U36079,95745,838.2201150567506,116396760
U36081,2229379,777.127416575843,100498119
U36083,152538,952.3928824531775,151981537
U36085,443728,750.768759081813,88893098
U36087,286753,800.4522390831593,109826244
U36089,111931,1040.097114587158,163074852
U36091,200635,967.4712235866826,154590191
U36093,146555,932.9520932844902,149134272
U36095,31582,893.061274150577,139400643
U36097,19224,766.5408461667873,94454490
U36099,33342,806.8425310985967,111372385
U36101,98726,735.6716884308449,85909686
U36103,1419369,873.583953994345,127904358
U36105,73966,801.5965328549113,110286219
U36107,51784,767.9319800436836,94547636
U36109,96501,787.34521562685,104966547
U36111,177749,848.0664718206044,122610996
U36113,63303,1007.4739195778875,158820573
U36115,61042,1006.6781051763114,158759531
U36117,93765,868.1151841910086,127165247
U36119,923459,817.887831153275,112867542
U36121,43424,757.1457347473288,91162202
U36123,24621,782.800435751353,103227513
U37001,130800,114.45407243649547,3458289
U37003,33603,53.12904884856431,645124
U37005,10677,55.7173089833415,678727
U37007,25275,140.92974816684253,4845040
U37009,24384,80.85223477318699,1661059
U37011,17167,113.18848253106844,3414300
U37013,44958,352.90716115089253,18948638
U37015,19773,332.89409632148363,17160233
U37017,32278,259.8766461662244,12147580
U37019,73143,323.7268632613336,16087842
U37021,206330,178.84950391135027,6199415
U37023,89148,104.36398004813631,3068348
U37025,131063,86.35492489382965,1854786
U37027,77415,80.91830268705428,1685443
U37029,6885,404.3711320937804,24028195
U37031,59383,401.5992507272734,23477974
U37033,23501,122.31193729419125,3871573
U37035,141685,74.06021276724604,1022479
U37037,49329,136.96266560647908,4332181
U37039,24298,327.3363326594735,16554486
U37041,14526,364.9513004007135,19378254
U37043,8775,305.05318247066305,14923952
U37045,96287,122.01212276870287,3726875
U37047,54749,280.30241131496405,12906223
U37049,91436,343.901348130298,18068900
U37051,302963,206.84939337363312,8275126
U37053,18190,424.28387084196265,27608452
U37055,29967,445.59149985612913,31970663
U37057,147246,57.8041063594799,689404
U37059,34835,27.800142066650295,0
U37061,49063,282.2354890319156,13045190
U37063,223314,161.20567285092193,5510565
U37065,55606,276.74899824366366,12722347
U37067,306067,36.761664726137084,106054
U37069,47260,214.1600538579235,9253417
U37071,190365,106.79886498727106,3157496
U37073,10516,356.6055032748209,19056076
U37075,7993,299.6316771427794,14398055
U37077,48498,180.80980375964907,6431453
U37079,18974,279.4070616451254,12808013
U37081,421048,79.251408938329,1182081
U37083,57370,271.2721617332457,12595249
U37085,91025,184.1996522672102,6854464
U37087,54033,218.52099807791046,9338387
U37089,89173,187.60058857828926,7741869
U37091,22601,331.13767850611794,16797285
U37093,33646,180.8174218867431,6479951
U37095,5826,415.51783812890227,24765865
U37097,122660,43.48928401917374,412121
U37099,33121,242.8447823165977,10718097
U37101,121965,219.2856055511816,9420673
U37103,10381,324.42053924969895,16250273
U37105,49040,154.59287477847874,5429275
U37107,59648,291.8920415057433,13446962
U37109,63780,90.11725088180457,1985849
U37111,42151,135.3690062306649,4249596
U37113,29811,273.0950756312394,12652619
U37115,19635,187.11099769075705,7722234
U37117,25593,321.5890854238434,15838729
U37119,695454,102.56727217532257,2372894
U37121,15687,135.6592186916493,4291747
U37123,26822,114.24685587334976,3431467
U37125,74769,142.64085465285942,4933214
U37127,87420,241.7044159352694,10630677
U37129,160307,336.2713860912179,17521665
U37131,22086,294.32584821203005,13753199
U37133,150355,325.77497157381174,16317050
U37135,118227,139.31708168842636,4467288
U37137,12934,378.5929330554792,20195067
U37139,34897,395.44877206737186,22615567
U37141,41082,311.4751420347234,15421830
U37143,11368,382.57913537547347,20880984
U37145,35623,154.5060755521504,5393652
U37147,133798,303.40431822084724,14634548
U37149,18324,167.29631696384152,5996427
U37151,130454,92.07619363260365,2091102
U37153,46564,153.11105650225008,5316780
U37155,123339,220.64035279166765,9542638
U37157,91928,82.88939180657214,1762858
U37159,130340,59.15364960566528,836650
U37161,62899,141.0136282424665,4870315
U37163,60161,244.83174347010979,10768867
U37165,35998,181.90042301625834,6767388
U37167,58100,101.38416964817878,2314794
U37169,44711,46.94023000574259,600413
U37171,71219,28.60539319265244,34835
U37173,12968,260.81344102529437,12260747
U37175,29334,221.16625880187513,9665977
U37177,4149,406.0886410112296,24095916
U37179,123677,130.4125432595745,3911731
U37181,42954,203.96914860593515,8178609
U37183,627846,185.9292659895678,7015168
U37185,19972,231.55203067855695,9964841
U37187,13723,369.9254418913386,19879785
U37189,42695,94.15952441429351,2236972
U37191,113329,255.92049230833575,11601347
U37193,65632,45.25602055665283,534781
U37195,73814,252.4448725254892,11141061
U37199,17774,150.43549386797469,5140867
U38001,2593,2129.157791755106,245290727
U38003,11775,1873.4538697479986,234915892
U38005,6964,2023.9672555303355,241380368
U38007,888,2228.6108853858277,252146922
U38009,7149,2158.7620132963057,246420692
U38011,3242,2198.8452036714402,249541676
U38013,2242,2263.6509652734803,253097023
U38015,69416,2030.2353630415332,241521778
U38017,123138,1821.1893775149128,231846261
U38019,4831,2015.432062174492,240298621
U38021,5757,1851.992676986909,234313389
U38023,2283,2327.745076984029,255356111
U38025,3600,2193.8881491957504,248193267
U38027,2757,1973.7671752736776,238406048
U38029,4331,1978.743886455312,238412396
U38031,3759,1956.0489047483181,237741761
U38033,1924,2258.6347231942814,252831983
U38035,66109,1899.009256561815,235274575
U38037,2841,2078.6170778711603,242876581
U38039,2754,1916.0777897840462,236532974
U38041,2715,2139.196761786589,245454576
U38043,2753,1980.8203765299058,238534216
U38045,4701,1874.2697598829457,234932339
U38047,2308,1939.204905291253,236898684
U38049,5987,2112.868128246366,244337074
U38051,3390,1916.0200521613665,236529584
U38053,5737,2266.2636352200966,253345207
U38055,9311,2130.4125501582535,245293320
U38057,8644,2138.1902780469277,245445932
U38059,25303,2071.554950657408,242760963
U38061,6631,2221.994276252604,252073186
U38063,3715,1943.5894743875897,236937211
U38065,2065,2095.87054944106,243151833
U38067,8585,1962.5646753073777,237827861
U38069,4675,2071.6085731946728,242809285
U38071,12066,1998.2699450606156,239459158
U38073,5890,1816.3969619578,231652498
U38075,2610,2205.1750684315266,251080166
U38077,17998,1759.659944100716,230021307
U38079,13674,2096.9173012321266,243153898
U38081,4366,1794.8585699573334,231378631
U38083,1710,2056.3585021205013,242376852
U38085,4044,2025.6202153197223,241387332
U38087,767,2210.1299020090723,251227188
U38089,22636,2171.160896798332,246693014
U38091,2258,1884.164208976898,235099635
U38093,21908,1931.8486926000708,236741718
U38095,2876,2055.912668335093,242368458
U38097,8477,1849.736444556161,234298879
U38099,12389,1945.6239326399793,236945910
U38101,58795,2169.325472370503,246604998
U38103,5102,2013.5072456927664,240178614
U38105,19761,2302.2862572713625,254781223
U39001,27330,387.8937486488253,21262565
U39003,108473,594.066167014695,58138293
U39005,52523,539.4298533081078,50411439
U39007,102728,639.3644805006935,66765410
U39009,62223,373.43851579720615,19975314
U39011,46611,579.6469290360659,56108760
U39013,70226,430.0401010701656,28302274
U39015,42285,418.06745741092425,24905918
U39017,332807,500.58844252763714,44350872
U39019,28836,493.1548615087031,42274427
U39021,38890,518.5962763123866,47563631
U39023,144742,499.2967600077139,44176655
U39025,177977,444.7232771880653,31792686
U39027,40543,455.71202376670306,34519912
U39029,112075,512.8287947861772,47142110
U39031,36655,473.3259511890764,37654109
U39033,46966,557.4259819253355,53475588
U39035,1393978,629.745682347903,63917787
U39037,53309,561.1419228342016,54143114
U39039,39500,662.9149571835858,72808999
U39041,109989,501.85905564613813,44777853
U39043,79551,621.3262804675962,61178886
U39045,122759,435.2365541726522,29552398
U39047,28433,450.28828260416765,34086447
U39049,1068978,470.85989023233475,36458671
U39051,42084,674.8617440307814,75558281
U39053,31069,329.04741383077163,16630907
U39055,90895,595.6500628194565,58387302
U39057,147886,484.0233118746884,41593373
U39059,40792,439.6386714785505,31114015
U39061,845303,480.32608350089885,39322536
U39063,71295,598.3199254647096,58701897
U39065,31945,564.7340746308555,54760779
U39067,15856,461.2738713725131,34994975
U39069,29210,646.7969788608495,70553128
U39071,40875,424.4364644919145,27626642
U39073,28241,403.50244026766956,23753985
U39075,38943,502.37498987088856,44887842
U39077,59487,579.3492756901462,55578615
U39079,32641,360.99123795991574,19262722
U39081,73894,471.7336768456827,37565954
U39083,54500,496.4194307048654,42751472
U39085,227511,644.3373087668473,67714624
U39087,62319,317.40892763623617,15713656
U39089,145491,465.5910401703049,35695401
U39091,46005,542.6557042454954,51358840
U39093,284664,601.7589610414803,59095978
U39095,455054,660.4464896689386,72311208
U39097,40213,479.83702125207697,38761993
U39099,257555,539.7756432909435,50463962
U39101,66217,538.9645975544564,50317668
U39103,151095,561.7140567255199,54409012
U39105,23072,347.4179285216321,18230455
U39107,40924,597.1055183012439,58611217
U39109,98868,533.6563929313436,49545589
U39111,15180,398.52912901141536,22954962
U39113,559062,510.885462897851,46307453
U39115,14897,399.5716671250601,23405233
U39117,31628,520.0488463574907,47804371
U39119,84585,438.00624657462464,30724490
U39121,14058,407.2526832475624,24251602
U39123,40985,632.4555662817517,65407438
U39125,20293,647.8330969009882,70682901
U39127,34078,421.8616732273379,27365998
U39129,52727,441.1025098528628,31154807
U39131,27695,386.24418798807494,21215510
U39133,152061,559.1458220576333,53570464
U39135,42337,529.371282140862,48970948
U39137,34726,619.2501771734434,61091169
U39139,128852,538.7411854404227,50188816
U39141,73345,410.1897836306011,24293357
U39143,61792,616.5825408186021,60891294
U39145,79195,360.131958124067,19141608
U39147,58683,591.7724876717571,57906389
U39149,47910,558.018016017779,53522554
U39151,378098,521.3819664344784,47992971
U39153,542899,557.18234070046,52878256
U39155,225116,572.9136604504076,55147733
U39157,90914,482.1734446378414,40193193
U39159,40909,517.1216615486538,47433117
U39161,29659,623.8281950372648,61891866
U39163,12806,379.5140287911572,20630339
U39165,158383,476.2962056484089,38482317
U39167,63251,373.26981599740725,19912063
U39169,111564,530.3058982273861,49162761
U39171,39188,690.3220284438283,76735411
U39173,121065,632.7593584012208,65478243
U39175,22908,569.3623843696465,54822235
U40001,21038,1257.399761671485,194146027
U40003,6105,1579.047062676659,223151345
U40005,13879,1408.3050648646129,203450587
U40007,5857,1771.0881840477964,230564614
U40009,19799,1716.5366902224903,229082029
U40011,11976,1596.2034788118488,224365396
U40013,36534,1439.3969148317155,206319342
U40015,30150,1602.5296833910306,224693263
U40017,87697,1560.456267483996,220808522
U40019,45621,1523.6460052381024,215340216
U40021,42521,1288.278960424037,196827861
U40023,15342,1374.1925259977488,201913590
U40025,3148,1951.0622318792975,237613560
U40027,208016,1507.396518225479,211890409
U40029,6031,1426.1996903758663,204958696
U40031,114996,1620.9375822323686,225748961
U40033,6614,1620.082397076063,225742347
U40035,14950,1300.8794500444542,197439963
U40037,67367,1412.2435761556237,203952511
U40039,26142,1650.2352847680474,226415525
U40041,37077,1267.348123376933,194598231
U40043,4743,1647.3831711656715,226367975
U40045,4075,1710.4435019173386,228092795
U40047,57813,1533.7169002369674,216037065
U40049,27210,1515.4373073787706,212974462
U40051,45516,1560.8204976282102,220896219
U40053,5144,1531.0959030644333,215911726
U40055,6061,1712.0633359180035,228151780
U40057,3283,1742.0050582648507,229673942
U40059,3562,1697.7842240239413,227917849
U40061,11792,1307.6551987732062,197935350
U40063,14154,1413.3390168289573,204031692
U40065,28439,1706.4324681695775,228034808
U40067,6818,1576.709925102571,222886651
U40069,10513,1465.329056245911,209248618
U40071,48080,1473.6313671394903,209514500
U40073,13926,1551.076807607846,220561040
U40075,10227,1661.0218501557608,227038466
U40077,10692,1328.860964860802,199023360
U40079,48109,1277.3209727730912,195762656
U40081,32080,1459.704522847827,208657592
U40083,33924,1508.1473947833051,212162842
U40085,8831,1527.3571151345727,215807762
U40087,27740,1521.6548034558973,213093577
U40089,34402,1301.3450725843395,197636661
U40091,19456,1355.9195884297872,200465763
U40093,7545,1601.653787107909,224685718
U40095,13184,1483.0189372757254,209808603
U40097,38369,1306.1510324857861,197869615
U40099,12623,1498.6992512254258,211162862
U40101,69451,1326.4598705043704,198945666
U40103,11411,1484.4119881657284,209841131
U40105,10569,1337.4759788068648,199697200
U40107,11814,1413.3282322543325,204019878
U40109,660448,1509.1170400166288,212196766
U40111,39685,1378.1889116006787,202107893
U40113,44437,1408.9850380532496,203464466
U40115,33194,1265.203267566669,194544385
U40117,16612,1436.7447058315993,205267746
U40119,68190,1463.7748829663944,208859159
U40121,43953,1370.576747304993,201099108
U40123,35143,1459.5282920023817,208622449
U40125,65521,1473.91269537091,209562580
U40127,11667,1352.0845828666852,200374531
U40129,3436,1716.0345141409352,229042450
U40131,70641,1338.3496138189907,199726195
U40133,24894,1443.0306612621876,206417420
U40135,38972,1271.2159570631197,194745017
U40137,43182,1569.1617954207713,222621566
U40139,20107,1860.515594191871,234434691
U40141,9287,1668.2968781914253,227190861
U40143,563299,1370.8356414055677,201179370
U40145,57491,1334.0436414851365,199249596
U40147,48996,1363.8572755015105,200825162
U40149,11508,1655.2738194516255,226575705
U40151,9089,1627.3974125206796,225965383
U40153,18486,1665.9685815962112,227071156
U41001,16741,3244.468273991168,361198425
U41003,78153,3697.6491902662146,401693394
U41005,338391,3601.0161002933055,390339036
U41007,35630,3720.939549934982,404665235
U41009,43560,3672.463190795439,400081736
U41011,62779,3755.6062602354677,406139885
U41013,19182,3454.4470082594617,380765691
U41015,21137,3770.230402026674,406468658
U41017,115367,3522.4649904894427,383934315
U41019,100399,3679.1418297501805,400570638
U41021,1915,3446.873334580738,380763776
U41023,7935,3347.678571355345,366230345
U41025,7609,3341.540702663722,365011916
U41027,20411,3560.1279013607655,384842580
U41029,181269,3644.837578356744,398660292
U41031,19009,3519.9924096241525,383891515
U41033,75726,3720.5566500174705,404589509
U41035,63775,3559.112261249855,384778805
U41037,7422,3456.164817987073,380784873
U41039,322959,3656.40860139488,399099983
U41041,44479,3735.8896350687805,404842129
U41043,103069,3627.6264583732673,393590613
U41045,31615,3229.5489749430485,360796080
U41047,284834,3630.4736929279243,393749721
U41049,10995,3399.649213232753,369721656
U41051,660486,3619.545697845668,391945867
U41053,62380,3695.1569786482587,401617992
U41055,1934,3483.373010731287,382687378
U41057,24262,3723.9324848594456,404700865
U41059,70548,3333.5047568070718,364914756
U41061,24530,3273.7029189781815,361790417
U41063,7226,3213.5532689689417,359176210
U41065,23791,3520.285970215014,383910524
U41067,445342,3672.5414328986035,400125296
U41069,1547,3428.9331083691386,380636397
U41071,84992,3689.0256119002297,401485912
U42001,91292,511.3981277494142,47019113
U42003,1281666,483.11219330585027,40311707
U42005,72392,528.0607276046911,48898556
U42007,181412,504.09283179129704,45030507
U42009,49984,467.4449074623963,36324971
U42011,373638,628.4034734584675,63530101
U42013,129144,524.4900955473528,48615468
U42015,62761,722.3538093569789,83308840
U42017,597635,671.811779231384,74566976
U42019,174083,532.8611020652008,49355101
U42021,152598,511.31184177184656,46866515
U42023,5974,624.8854957567358,62010215
U42025,58802,682.462979886705,75791358
U42027,135758,582.3911988802722,57004079
U42029,433501,604.2668053488133,59670293
U42031,41765,570.8388099278856,54905219
U42033,83382,571.1731167711657,54946984
U42035,37914,623.3005823054565,61851354
U42037,64151,657.5402272101603,72088011
U42039,90366,616.7632284979159,60953086
U42041,213674,535.674116216835,49654560
U42043,251798,581.3948745225251,56252016
U42045,550864,622.3337791926284,61258437
U42047,35112,611.3532340288504,60478990
U42049,280843,664.6499078030994,73160589
U42051,148644,427.1541371706528,28051011
U42053,4946,608.0494000393393,60370738
U42055,129313,491.86695630079606,42137855
U42057,14261,473.0051206659882,37639848
U42059,40672,412.2620984867973,24482205
U42061,45586,529.3741770883449,49013285
U42063,89605,518.2607030637021,47474026
U42065,45932,571.5763762772793,55030366
U42067,22821,563.4438465799225,54676376
U42069,213295,732.6147754449643,85676687
U42071,470658,579.4057443987257,55638102
U42073,94643,538.4414964161197,50094173
U42075,120327,594.9280602643786,58252018
U42077,312090,664.0848853102412,72848499
U42079,319250,690.321698328295,76416161
U42081,120044,656.0762366733186,71967967
U42083,45936,654.5338096681454,71922031
U42085,120293,572.9711569613034,55372849
U42087,46486,561.8637491357117,54560107
U42089,138687,715.1391457933078,80028709
U42091,750097,645.7959132844273,68234657
U42093,18236,643.5643654293556,67659874
U42095,267066,691.7377352324562,76774599
U42097,94556,625.1162880001403,62016189
U42099,43602,557.0178057452454,52834654
U42101,1517550,646.284781209521,68984754
U42103,46302,754.0908065280759,90557412
U42105,18080,666.1913740012399,73523243
U42107,150336,636.7639812807668,65599308
U42109,37546,599.2726186022365,58784162
U42111,80023,448.65704130633446,32259531
U42113,6556,688.76865590222,76309867
U42115,42238,756.870477271998,91119964
U42117,41373,689.7588667778374,76316423
U42119,41624,619.5528254652928,61125895
U42121,57565,588.5123221846076,57470342
U42123,43863,643.0134313497953,67107079
U42125,202897,450.9491408806848,34189443
U42127,47722,767.0267797177353,94473714
U42129,369993,473.56617139697255,37690764
U42131,28080,720.1602863207901,83122220
U42133,381751,542.2068924175833,50977089
U44001,50648,1018.4392802230071,161202880
U44003,167090,996.7980224544642,157082657
U44005,85433,1006.0094130262203,158674098
U44007,621602,1009.1281965695987,158962577
U44009,123546,976.5867601529585,155429999
U45001,26167,270.98394761785727,12539220
U45003,142552,303.4174409949483,14768346
U45005,11211,359.33217525136445,19122883
U45007,165740,255.51104528529467,11414948
U45009,16658,330.6820345294592,16754746
U45011,23478,329.92308696877234,16731268
U45013,120937,422.75702772294323,27421574
U45015,142651,334.6357768042962,17325311
U45017,15185,276.4941918528399,12707162
U45019,309969,379.3710251130406,20320370
U45021,52537,149.93066575209735,5088330
U45023,34068,169.52138366366816,6065105
U45025,42768,175.3758853870963,6156647
U45027,32502,280.40124518437483,12960972
U45029,38264,369.70683283258904,19793419
U45031,67394,212.9729345824128,9050394
U45033,30722,228.95998699487455,9934119
U45035,96413,343.0389540428537,17972487
U45037,24595,290.37334351069467,13422367
U45039,23454,200.54158996128527,8090036
U45041,125761,252.38574194784766,11015300
U45043,55797,329.3928957122,16661976
U45045,379616,209.06493279579806,8578089
U45047,66271,259.4712372695905,12027424
U45049,21386,378.5591121737094,20173681
U45051,196629,293.6778490061046,13516568
U45053,20678,415.9772223274934,24771691
U45055,52647,202.59521478004433,8113490
U45057,61351,163.76749380866656,5821579
U45059,69567,222.53416312252642,9728876
U45061,20119,225.6439882659789,9859828
U45063,216014,258.0731009643797,11781899
U45065,9958,293.02624691010607,13506610
U45067,35466,259.7700853525967,12112114
U45069,28818,194.95781120477227,7915540
U45071,36108,224.58156077408907,9823720
U45073,66215,267.8233154009347,12406657
U45075,91582,303.1064083821222,14542966
U45077,110757,234.04782551966042,10082593
U45079,320677,237.74261964520963,10219912
U45081,19181,258.32171374437144,11997913
U45083,253791,181.6084519340169,6513597
U45085,104646,250.79090140129577,10910654
U45087,29881,184.65020518531745,6945489
U45089,37217,294.6606179198776,13775285
U45091,164614,140.2690922702716,4680426
U46003,3058,1738.7515542393585,229670884
U46005,17023,1748.6882703289293,229771437
U46007,3574,1954.3268008674936,237682140
U46009,7260,1655.899633170158,226587213
U46011,28220,1641.6206168965218,226212307
U46013,35460,1813.6765781118993,231546133
U46015,5364,1777.259643047065,231149163
U46017,2032,1798.8295160050598,231384901
U46019,9094,2151.3146033232606,245557116
U46021,1782,1938.8109814422533,236894182
U46023,9350,1718.4862746972415,229108601
U46025,4143,1731.4544678386671,229419581
U46027,13537,1584.5405427976868,223527221
U46029,25897,1701.0493511575612,227927447
U46031,4181,2015.154156429029,240240843
U46033,7275,2108.3181905734004,244257076
U46035,18741,1705.632476586146,228016067
U46037,6267,1749.7527281832163,229788460
U46039,4498,1654.6463117872554,226571207
U46041,5972,1967.242693931572,238314229
U46043,3458,1708.255809044534,228072921
U46045,4367,1863.0797549731665,234477585
U46047,7453,2098.932986347614,243178499
U46049,2640,1842.2355276260366,234146757
U46051,7847,1683.6138523790619,227473378
U46053,4792,1763.52517114446,230411282
U46055,2196,1986.0056789201446,239161344
U46057,5540,1684.2619444557777,227481225
U46059,3741,1806.8459370587586,231524724
U46061,3139,1679.1987389915735,227348970
U46063,1353,2175.7022365734874,246786508
U46065,16481,1871.2691030257242,234802886
U46067,8075,1660.4328853654154,227016678
U46069,1671,1841.6337881651993,233825978
U46071,2930,1966.7173660537462,238311299
U46073,2295,1757.0450786993233,229965394
U46075,1193,1905.397841203271,236230662
U46077,5815,1690.3558424480584,227794465
U46079,11276,1646.8505322648914,226330477
U46081,21802,2154.891620731355,246203508
U46083,24131,1581.79267680813,223229002
U46085,3895,1839.9021459077242,233789963
U46087,5832,1647.2793320358792,226341753
U46089,2904,1882.6683825981252,235093670
U46091,4576,1770.0264899341387,230547133
U46093,24253,2082.1236599522617,242903051
U46095,2083,1897.3457191893817,235265935
U46097,2884,1681.2844221666328,227358398
U46099,148281,1605.5627585598515,224847237
U46101,6595,1614.143889283336,225411268
U46103,88565,2069.2142827096845,242668309
U46105,3363,2098.1366435270484,243173661
U46107,2693,1898.670517370344,235271882
U46109,10016,1721.4570407226809,229134744
U46111,2675,1716.3949633949373,229047971
U46113,12466,2027.895574085589,241454732
U46115,7454,1778.2904770736927,231164927
U46117,2772,1928.4574529498075,236706343
U46119,1556,1896.2437768191237,235264379
U46121,9050,1880.7792917648776,235040538
U46123,6430,1821.317757016041,231969399
U46125,8849,1614.710464827605,225584643
U46127,12584,1556.2930394196821,220766520
U46129,5974,1921.4151760217628,236577170
U46135,21652,1619.2386509250584,225668064
U46137,2519,2019.2901667896463,240303452
U47001,71330,317.13278907036766,15642326
U47003,37586,527.2054298450031,48860970
U47005,16537,665.3904855247457,73454759
U47007,12367,414.01064668315905,24651702
U47009,105823,298.05981378371416,14251764
U47011,87965,395.1574369074391,22504619
U47013,39854,314.4373826616699,15548236
U47015,12826,487.27509979459296,41782991
U47017,29475,700.2533739983904,79136034
U47019,56742,131.88028003726512,4035408
U47021,35912,577.5886531708163,55515788
U47023,15540,720.9739600918386,83195387
U47025,29862,271.10538091054025,12565387
U47027,7976,439.27597609653793,31106039
U47029,33565,222.35975697829684,9695311
U47031,48014,493.77162952272,42354528
U47033,14532,763.0784394869203,93678009
U47035,46802,389.9757914601466,21338872
U47037,569891,549.446437929722,51651942
U47039,11731,673.3790991223158,75522891
U47041,17423,465.03171333208655,35677978
U47043,43156,601.5390172850044,59052822
U47045,37279,784.6230908298197,104684078
U47047,28806,797.385647463828,108058580
U47049,16625,383.44320480610406,20892352
U47051,39270,503.53772748440474,44991237
U47053,48152,743.362186902574,86651514
U47055,29447,585.1636091034749,57347072
U47057,20659,255.571644353771,11580688
U47059,62909,195.98351279312473,7948262
U47061,14332,464.3089231629593,35509759
U47063,58128,233.57281043061673,10024465
U47065,307896,424.7965870822797,27667517
U47067,6786,233.08305181075548,10004533
U47069,28105,758.9805893703515,91444111
U47071,25578,687.5801840117138,76284289
U47073,53563,205.73487674092166,8221563
U47075,19797,779.0361076800488,103066755
U47077,25522,697.8226276347193,78924266
U47079,31115,685.0247399623321,75897274
U47081,22295,613.3875278227968,60665889
U47083,8088,631.7712919376502,65380193
U47085,17929,640.3730893948306,67070956
U47087,10984,449.7482577983511,33202122
U47089,44294,249.74966991435514,10866360
U47091,17499,112.0938258907497,3396801
U47093,382032,294.7641951775962,13812502
U47095,7954,791.1894605395751,106590327
U47097,27101,807.818881574067,111405727
U47099,39926,616.8598264919602,61043452
U47101,11367,619.9202912134527,61167519
U47103,31340,547.5109509256841,51447188
U47105,39086,332.05990324532036,17082186
U47107,49015,366.01659700871045,19605789
U47109,24653,721.9550658837659,83257454
U47111,20386,479.83251612762496,38741607
U47113,91837,738.4661091329386,86350955
U47115,27776,461.9532324919442,35084402
U47117,26767,555.5131914526543,52807887
U47119,69498,580.9136282333257,56182518
U47121,11086,382.0148962487731,20852205
U47123,38961,332.8797331044389,17121272
U47125,134768,602.8639756933451,59420316
U47127,5740,523.0705856129592,48584807
U47129,19757,356.92298283785084,19082681
U47131,32450,761.1062801899916,93552219
U47133,20118,414.6963016457065,24734180
U47135,7631,651.9266363022318,71105619
U47137,4945,397.5405331780596,22950017
U47139,16050,369.28840310292037,19777369
U47141,62315,433.9218053672774,29389445
U47143,28400,391.05244085295845,21467540
U47145,51910,348.91686132077024,18535660
U47147,54433,557.2700334161232,53421155
U47149,182023,518.7078760160141,47622348
U47151,21127,344.99858848477214,18160336
U47153,11370,437.05674571423646,30703543
U47155,71170,260.37406207671995,12179858
U47157,897472,840.7358351393116,117670814
U47159,17712,473.66450378724045,38074130
U47161,12370,644.957046150986,67969735
U47163,153048,151.55476481154176,5163732
U47165,130449,520.3078477446899,47835999
U47167,51271,823.467597588021,114210645
U47169,7259,493.0498018444941,42267168
U47171,17667,157.62013601664745,5492898
U47173,17808,284.8641455309237,13217153
U47175,5508,434.6830475188143,29451760
U47177,38276,463.5406979676299,35216118
U47179,107198,164.88421596989232,5882930
U47181,16842,654.0703979454087,71126310
U47183,34895,722.737745208968,83415216
U47185,23102,431.58192536213653,28442873
U47187,126638,561.2591408612006,54196423
U47189,88809,505.1185013938124,45280562
U48001,55109,1461.9912450232687,208730773
U48003,13004,2060.794094411802,242486914
U48005,80130,1399.3607241615618,202797903
U48007,22497,1774.9907240799735,231098588
U48009,8854,1665.936618465738,227062302
U48011,2148,1873.4148755976378,234913744
U48013,38628,1855.898254251682,234351744
U48015,23590,1610.9278450361478,225249136
U48017,6594,2025.6787394466724,241391376
U48019,17645,1871.9828800724429,234822343
U48021,57733,1687.5488263715,227736732
U48023,4093,1711.5463635256579,228096870
U48025,32359,1818.297776078928,231807687
U48027,237974,1655.9323878560706,226594473
U48029,1392931,1824.765674679489,232190665
U48031,8418,1772.4139042086347,231035880
U48033,729,1938.3669948259897,236893453
U48035,17204,1632.111669406372,226047458
U48037,89306,1290.9759515820704,196961063
U48039,241767,1583.9692004391418,223253133
U48041,152415,1573.1969338837998,222686574
U48043,8866,2216.4474833249537,252031623
U48045,1790,1869.0210364156583,234680102
U48047,7976,1943.1972995789833,236920292
U48049,37674,1757.4491498636455,229972320
U48051,16470,1608.723661977157,225013842
U48053,34147,1730.0262606032766,229379481
U48055,32194,1728.4559673583565,229317287
U48057,20647,1721.683946925499,229175951
U48059,12905,1770.2341488976651,230551709
U48061,335227,1948.0997674088458,237259317
U48063,11549,1356.6055967968173,200485219
U48065,6516,1865.3274951977567,234551549
U48067,30438,1297.8686122032288,197220794
U48069,8285,1963.381498074065,237836446
U48071,26031,1489.3124856038396,210389744
U48073,46659,1418.0950708139437,204063591
U48075,7688,1779.3414149727203,231172381
U48077,11006,1618.698311513083,225652997
U48079,3730,2037.698753225782,241909579
U48081,3864,1897.8876591535986,235268018
U48083,9235,1782.2696332751925,231231214
U48085,491675,1490.631073681682,210415775
U48087,3206,1776.083490163894,231138129
U48089,20390,1647.3341622448568,226347585
U48091,78021,1783.504902915254,231240449
U48093,14026,1710.3861070360967,228078769
U48095,3966,1851.931971081444,234309423
U48097,36363,1533.166770031236,215969291
U48099,74978,1667.7027404953299,227115883
U48101,1904,1795.748004353417,231382997
U48103,3996,2079.9408046855997,242886391
U48105,4099,2013.2124351854743,240169589
U48107,7072,1900.2107364756218,235348905
U48109,2975,2260.6473184536176,252865723
U48111,6222,1963.5371506233646,237844731
U48113,2218899,1523.0877849434173,213121317
U48115,14985,1984.447708186059,239146359
U48117,18561,1986.1294188312788,239163540
U48119,5327,1403.9333953541743,203032087
U48121,432976,1538.3821452325228,216411603
U48123,20013,1747.6481502514353,229739631
U48125,2762,1854.0724687469262,234345943
U48127,10248,1986.5706274099916,239182101
U48129,3828,1825.053638071172,233583596
U48131,13120,1925.0648530828307,236687456
U48133,18297,1721.5521916036919,229144760
U48135,121123,2068.0064864871288,242537244
U48137,2162,1950.9269904705272,237611398
U48139,111360,1540.5155714752932,220279383
U48141,679622,2402.1571452116973,260770540
U48143,33001,1670.3920435956031,227227655
U48145,18576,1598.8023927235377,224377372
U48147,31242,1435.9270677582233,205206934
U48149,21804,1666.4010425463423,227089642
U48151,4344,1846.4489716273172,234285064
U48153,7771,1888.398906054028,235161721
U48155,1622,1753.785990413704,229895618
U48157,354452,1590.1393039440854,223768913
U48159,9458,1370.671185106288,201143061
U48161,17867,1510.0377324564006,212929586
U48163,16252,1906.1941564341657,236231855
U48165,14467,2045.6430332204159,242070331
U48167,250158,1536.527790134935,216144630
U48169,4872,1912.7383130439987,236354773
U48171,20814,1816.2075418643462,231631684
U48173,1406,1977.632901151287,238410990
U48175,6928,1777.9586552912274,231157999
U48177,18628,1735.5995533597804,229637651
U48179,22744,1816.7004693292095,231784943
U48181,110595,1485.8405700784092,210102833
U48183,111379,1361.100322574903,200663808
U48185,23552,1552.29896309227,220633360
U48187,89023,1769.127761062077,230435603
U48189,36602,1935.188812383481,236786459
U48191,3782,1814.0914502660614,231581593
U48193,8229,1681.7300924864373,227403541
U48195,5369,1853.3640525238986,234328265
U48197,4724,1743.2859831402739,229701590
U48199,48073,1430.275065095471,205008553
U48201,3400578,1539.832932402452,216878805
U48203,62110,1320.0152408130687,198353723
U48205,5537,1970.8596776209029,238349642
U48207,6093,1772.403949492385,231029787
U48209,97589,1750.8875923643395,229794727
U48211,3351,1763.1901041456035,230407931
U48213,73277,1462.9756325670203,208785882
U48215,569463,1982.8536491188127,238576896
U48217,32321,1584.2104637380319,223494900
U48219,22716,1994.0506006824185,239427118
U48221,41100,1628.6200384248598,225978924
U48223,31960,1402.2385451841271,202982525
U48225,23185,1465.0723443874474,209225433
U48227,33627,1953.7886417549325,237646282
U48229,3344,2336.412697635063,255703736
U48231,76596,1449.0838354506552,206788368
U48233,23857,1859.3635504455108,234410834
U48235,1771,1951.183434688845,237616708
U48237,8763,1631.3704430682008,226038695
U48239,14391,1690.87446202642,227800280
U48241,35604,1375.9600681591317,202008582
U48243,2207,2263.497551591672,253094816
U48245,252051,1438.054122220554,205801497
U48247,5281,1981.8915378147192,238556906
U48249,39326,1888.5949171154168,235174781
U48251,126811,1589.2403534398986,223635063
U48253,20785,1799.1537675148854,231386933
U48255,15446,1799.269622520289,231407718
U48257,71313,1485.9653343666469,210256508
U48259,23743,1815.2224781716639,231585375
U48261,414,1902.93781602967,236226021
U48263,859,1865.1092752130612,234550690
U48265,43653,1864.9176207301982,234507037
U48267,4468,1878.7486845784342,234986729
U48269,356,1806.0560347421579,231524368
U48271,3379,1992.300272449758,239404488
U48273,31549,1872.451590436134,234839988
U48275,4253,1760.8604791162907,230398488
U48277,48499,1385.9707639207325,202306470
U48279,14709,1982.3311553456706,238562187
U48281,17762,1714.9253165610496,229024688
U48283,5866,1934.5527434540284,236780593
U48285,19210,1694.0127586768176,227894853
U48287,15657,1647.7235598157267,226372718
U48289,15335,1515.470857674121,213001672
U48291,70154,1475.2853433046662,209628101
U48293,22051,1555.9111916323577,220679679
U48295,3057,1756.5247014115025,229947069
U48297,12309,1853.8886040807504,234333634
U48299,17044,1775.8053026963164,231121085
U48301,67,2159.6354965806254,246431026
U48303,242628,1946.9117000574772,236962208
U48305,6550,1959.2675585144232,237800298
U48307,8205,1812.4626102513453,231537928
U48309,213517,1608.7439057948043,225030312
U48311,851,1889.3957860837484,235214107
U48313,12940,1525.949553577172,215794822
U48315,10941,1308.6220327235847,198149725
U48317,4746,2000.2752926574053,239471224
U48319,3738,1824.0978421632706,232119789
U48321,37957,1653.2678669289419,226485659
U48323,47297,2014.9765929137036,240193546
U48325,39304,1880.091155901572,234998697
U48327,2360,1869.8905059784756,234691425
U48329,116009,2021.6303276208682,240630726
U48331,24238,1624.9020870839445,225909994
U48333,5151,1732.981626114154,229632500
U48335,9698,1907.960567399273,236294207
U48337,19117,1578.0782800759591,222954184
U48339,293768,1524.2293831359673,215402333
U48341,20121,1906.5913564751206,236248107
U48343,13048,1329.6354171617634,199034052
U48345,1426,1843.0261861278325,234149397
U48347,59203,1382.1941706675648,202240406
U48349,45124,1524.2512081906948,215696101
U48351,15072,1350.5777422811373,200165516
U48353,15802,1862.5412551068373,234461783
U48355,313645,1842.0084411242592,233827649
U48357,9006,1805.024671014343,231510242
U48359,2185,1976.6982015043432,238408805
U48361,84966,1401.329328024073,202878033
U48363,27026,1660.229129563006,226989652
U48365,22756,1330.2600401958305,199068930
U48367,88495,1613.8540281548737,225322773
U48369,10016,2010.648293684216,239718606
U48371,16809,2127.012108546413,245273918
U48373,41133,1442.4829925187241,206376287
U48375,113546,1913.694703899003,236359645
U48377,7304,2296.3929598864165,254725338
U48379,9139,1432.421783873957,205101032
U48381,104312,1921.809214827861,236583144
U48383,3326,1995.5030523608557,239455832
U48385,3047,1915.4750197639528,236526537
U48387,14314,1340.9692644578606,199959874
U48389,13137,2193.3505168208267,247943889
U48391,7828,1776.860049631299,231141335
U48393,887,1809.7087116285338,231528465
U48395,16000,1573.225391322384,222838989
U48397,43080,1485.8939616154494,210213428
U48399,11495,1840.403670438943,233793858
U48401,47372,1371.7263499262933,201786796
U48403,10469,1330.4540022654492,199091686
U48405,8946,1354.8220905849203,200439086
U48407,22246,1481.017608675108,209786357
U48409,67138,1824.534238432205,232123527
U48411,6186,1767.2899104918124,230429417
U48413,2935,1928.324643277853,236703408
U48415,16361,1891.9020608999463,235219798
U48417,3302,1752.1229643810582,229892316
U48419,25224,1333.2697341305504,199208550
U48421,3186,1901.284176749397,236213108
U48423,174706,1405.1587662540874,203122526
U48425,6809,1631.1240429207435,226031886
U48427,53597,2015.3850131725549,240245024
U48429,9674,1707.392157802457,228063247
U48431,1393,1936.7246641773263,236892060
U48433,1693,1819.083350785684,231840046
U48435,4077,1943.2262298147316,236928268
U48437,8378,1916.228023831644,236535728
U48439,1446219,1568.359011916549,221164586
U48441,126555,1816.4358391120315,231658388
U48443,1081,2093.495536955755,243148506
U48445,12761,2006.1734160467533,239663661
U48447,1850,1725.6606663557177,229279303
U48449,28118,1347.0072595948568,200051193
U48451,104010,1901.236952087329,236109098
U48453,812280,1712.9067719634909,228157841
U48455,13779,1453.6812331487988,206980826
U48457,20871,1404.853316794255,203101655
U48459,35291,1362.2342696598603,200775187
U48461,3404,2043.0821879475159,242064877
U48463,25926,1935.7833263837979,236828291
U48465,44856,2028.714340814734,241476922
U48467,48140,1447.6790883159422,206610854
U48469,84088,1732.03793840921,229423724
U48471,61758,1506.529974142935,211821648
U48473,32663,1580.1026854145014,223157450
U48475,10909,2131.354667809838,245307936
U48477,30373,1605.2331222510613,224816864
U48479,193117,1987.908132068351,239192349
U48481,41188,1642.458013652918,226249901
U48483,5284,1766.712461946326,230421978
U48485,131664,1658.3767184030885,226856021
U48487,14676,1703.1193993480783,227963091
U48489,20082,1930.0814605310554,236709115
U48491,249967,1685.2082206424604,227486765
U48493,32408,1803.0553861818535,231477834
U48495,7173,2115.0425381324794,244415732
U48497,48793,1585.5925466707415,223550653
U48499,36752,1399.1766789113883,202735301
U48501,7322,2049.588187901079,242084798
U48503,17943,1678.8898774724914,227331027
U48505,12182,2023.8717721222183,241368186
U48507,11600,1961.5763249401718,237816261
U49001,6005,2879.1461579425877,341747529
U49003,42745,2850.9494170924,338767970
U49005,91391,2743.2059446437543,326591331
U49007,20422,2642.417333840499,316119395
U49009,921,2552.0454614262,282388397
U49011,238994,2778.8915161845553,330250513
U49013,14371,2628.3602399738875,311572943
U49015,10860,2656.0286064658153,319073334
U49017,4735,2728.8979183101033,325439337
U49019,8485,2557.0507166155976,283198911
U49021,33779,2888.953264209009,343096213
U49023,8238,2830.837498061187,337161220
U49025,6046,2767.627919789773,329174131
U49027,12405,2897.2722662219057,343614398
U49029,7129,2726.6792153771494,325377163
U49031,1435,2782.952105475106,330787668
U49033,1961,2700.771413132044,323169244
U49035,898387,2755.073916700432,327661801
U49037,14413,2585.59746943484,295770675
U49039,22763,2727.4113799274605,325397774
U49041,18842,2751.9689155335586,327236124
U49043,29736,2674.91454587556,321257088
U49045,40735,2856.5623135790306,339518161
U49047,25224,2550.704579580301,282268165
U49049,368536,2733.6496244548007,325693105
U49051,15215,2690.4509297317313,322389001
U49053,90354,2914.638515636127,347036781
U49055,2509,2684.5162769008843,322122598
U49057,196533,2752.1587449411227,327254966
U50001,35974,1083.6563908835205,171906810
U50003,36994,1001.1918421278488,157756189
U50005,29702,1173.570049890352,185126214
U50007,146571,1124.7733056081781,178705145
U50009,6459,1214.7269446803236,189476565
U50011,45417,1167.8050741910092,182615396
U50013,6901,1144.484736264575,180543254
U50015,23233,1158.3862022891099,182267879
U50017,28226,1121.1515873862793,178453597
U50019,26277,1197.0553525205005,188590182
U50021,63400,1050.419970176976,163967633
U50023,58039,1131.5244903067605,179491743
U50025,44216,1020.4346969624642,161316215
U50027,57418,1074.9396556610843,170796151
U51001,38305,471.2808813905543,37527649
U51003,79236,279.54518668252996,12826987
U51005,12926,190.36241840706882,7902614
U51007,11400,273.3209858597339,12682430
U51009,31894,212.1548740215625,9018500
U51011,13705,213.23258720920003,9117788
U51013,189453,436.2657283528739,30491163
U51015,65615,260.8577405991858,12273715
U51017,5048,227.992396892279,9905482
U51019,60371,163.52773738013627,5761208
U51021,6871,115.6481485273761,3589089
U51023,30496,172.95046256954828,6099173
U51025,18419,259.7422790333607,12093695
U51027,26978,173.81222656107974,6129669
U51029,15623,246.77626358233206,10841606
U51031,51078,182.43285831407866,6803386
U51033,22121,360.1332028432398,19220803
U51035,29245,64.0483881446398,973827
U51036,6926,348.4292077811507,18528734
U51037,12472,202.6733108704836,8166137
U51041,259903,306.05999073904,15020737
U51043,12652,404.4633881152771,24035080
U51045,5091,151.1993638483268,5158641
U51047,34262,352.67566292639776,18914376
U51049,9017,262.75434592900064,12339330
U51051,16395,185.53682270773,6998773
U51053,24533,288.97158283029165,13352460
U51057,9989,385.2867279292318,21195445
U51059,969749,421.8060424632509,26396249
U51061,55139,381.71549050328474,20782274
U51063,13874,90.42585666855204,2049629
U51065,20047,281.6076392456333,13025143
U51067,47286,116.04465618847652,3679589
U51069,59209,399.18860779962773,23346024
U51071,16657,128.34284588443842,3895074
U51073,34780,394.0465235393871,22220606
U51075,16863,300.18492879048296,14434310
U51077,17917,74.67345223464413,1164164
U51079,15244,307.236322416381,15301613
U51081,11560,283.879060808373,13160544
U51083,37355,168.5123076356672,6027750
U51085,86320,333.6148328553984,17180006
U51087,262300,331.7103623024454,16819886
U51089,57930,79.97483103591307,1603129
U51091,2536,263.0561846770322,12348347
U51093,29728,363.2081438403084,19334734
U51095,48102,369.8783787290007,19831683
U51097,6630,377.8066565170365,20137717
U51099,16803,389.5242786769356,21306695
U51101,13146,361.4628608292098,19321588
U51103,11567,415.22411231008266,24754298
U51105,23589,228.73158206267962,9910530
U51107,169599,420.3514361225857,25726463
U51109,25627,313.5735422031789,15488869
U51111,13146,233.51068973248377,10011319
U51113,12520,327.8232044979783,16585340
U51115,9207,416.1218274759131,24792369
U51117,32380,213.74928998722407,9221037
U51119,9932,401.72657159307784,23546166
U51121,83629,115.70813274243774,3595960
U51125,14445,241.03296762780207,10540589
U51127,13462,359.2620369871383,19109421
U51131,13093,441.3399358910615,31207534
U51133,12259,424.8778236482688,27975413
U51135,15725,257.6171796079883,11766174
U51137,25881,330.8147041000356,16771404
U51139,23177,334.80302672534236,17467962
U51141,19407,65.9590814020897,1003072
U51143,61745,135.15573050459386,4187851
U51145,22377,289.68694225396393,13376993
U51147,19720,231.72054526051778,9984813
U51149,33047,327.84587058221854,16597860
U51153,280813,399.001289670203,23065211
U51155,35127,100.71049170954267,2279667
U51157,6983,357.11347585611276,19102438
U51159,8809,401.66686738590835,23537357
U51161,85778,137.09755067630988,4381510
U51163,20808,213.57202717449738,9200229
U51165,67725,305.76109630907143,14953012
U51167,30308,154.16597765277484,5363344
U51169,23403,184.92071462387153,6975370
U51171,35075,352.2031773694338,18865925
U51173,33081,109.06368227242982,3363720
U51175,17482,324.71397389025617,16266527
U51177,90395,348.93195352490307,18587570
U51179,92446,379.02821782633345,20208001
U51181,6829,354.29489704767275,18993596
U51183,12504,316.06240111167796,15612925
U51185,44598,134.08178792068375,4143253
U51187,31584,374.83965098002636,20106133
U51191,51103,132.32758611025898,4092150
U51193,16718,405.26289984689606,24068908
U51195,40123,196.92230794118564,8011171
U51197,27599,90.70215485306254,2063503
U51199,56297,398.68698022828903,22972408
U51510,128283,432.96304471524604,28577506
U51515,6299,166.171602026651,5990128
U51520,17367,143.01948631796773,5007983
U51530,6349,210.10197173530426,8957705
U51540,45049,284.7173947275086,13172104
U51550,199184,394.78439607097357,22305435
U51560,4289,199.3069967799212,8085747
U51570,16897,316.1837767584194,15625429
U51580,6303,189.95750958434024,7831042
U51590,48411,122.08659246580193,3823162
U51595,5665,286.3460234314376,13250011
U51600,21498,421.88637589033607,27400076
U51610,10377,432.0140896975291,28552186
U51620,8346,338.3507610332063,17920282
U51630,19279,368.63973548617855,19724946
U51640,6837,60.621052265447865,966990
U51650,146437,402.3442200244226,23591233
U51660,40468,298.76625637768353,14357587
U51670,22354,325.43936996462594,16284009
U51678,6867,210.66337864041913,8964054
U51680,65269,190.18764299398333,7837345
U51683,35135,402.1709572201137,23556098
U51685,10290,406.064805218322,24085626
U51690,15416,92.48546063729455,2221556
U51700,180150,383.6921698354354,20915790
U51710,234403,404.049430216968,23793792
U51720,3904,195.15673509655937,7944358
U51730,33740,314.2443226907639,15514496
U51735,11566,403.8871876184198,23782226
U51740,100565,392.99107450071585,22120041
U51750,15859,107.34933844490732,3347861
U51760,197790,322.30277209441806,15864322
U51770,94911,139.505085913892,4585515
U51775,24747,136.5930411486546,4307434
U51790,23853,263.92765737504095,12370403
U51800,63677,365.6126134935049,19542112
U51810,425257,420.8019409897073,25896062
U51820,19520,263.6823539395494,12350883
U51830,11998,373.9116932261284,20037537
U51840,23585,400.5719714252511,23420130
U53001,16428,3334.701316113158,364985304
U53003,20551,3224.2395291263865,360775529
U53005,142475,3399.995179475103,369732651
U53007,66616,3502.2021667225717,383217344
U53009,64525,3750.336443646579,405749606
U53011,345238,3625.724927598234,393245375
U53013,4064,3277.943419669094,361831053
U53015,92948,3640.9532531078135,397104799
U53017,32603,3432.0789311264352,380690401
U53019,7260,3357.2450700001095,366351047
U53021,49347,3356.7987380616187,366301700
U53023,2397,3251.2082407170406,361215166
U53025,74698,3407.775271502992,379442683
U53027,67194,3735.3678402114965,404774935
U53029,71558,3657.61323533543,399422942
U53031,25953,3717.295398713764,404563556
U53033,1737034,3588.251834205169,387760835
U53035,231969,3650.781675939382,398841561
U53037,33362,3497.555484768759,383183982
U53039,19161,3494.1944323822945,382942240
U53041,68600,3621.705072148726,393008115
U53043,10184,3334.8816339052937,365001732
U53045,49405,3687.6072400348967,401378198
U53047,39564,3444.6812736815036,380724212
U53049,20984,3728.8778085059266,404753951
U53051,11732,3266.278516669311,361759769
U53053,700820,3607.5030450741106,391007497
U53055,14077,3693.148755184683,401570904
U53057,102979,3598.8817477330426,390157127
U53059,9872,3585.74987040845,387750963
U53061,606024,3589.6318272100066,389497869
U53063,417939,3260.457199394819,361322257
U53065,40066,3308.2031602046577,364679625
U53067,207355,3658.4963007040965,399494500
U53069,3824,3700.3191853952258,401771547
U53071,55180,3320.932760670672,364854505
U53073,166814,3605.194094396216,390677427
U53075,40740,3257.17505375286,361281517
U53077,222581,3495.7367031131234,382961401
U54001,15557,336.75590013385226,17894382
U54003,75905,433.76071357156206,29313540
U54005,25535,227.22759931222902,9879947
U54007,14702,282.6402220184034,13094253
U54009,25447,457.63964939472504,34785812
U54011,96784,287.6348897831986,13255676
U54013,7582,301.32670077883034,14451173
U54015,10330,258.5802504473065,12017094
U54017,7403,345.34970173117597,18181463
U54019,47579,211.55443133916407,8970921
U54021,7160,307.101586514524,15287388
U54023,11299,352.4525265679467,18901000
U54025,34453,197.30926134314356,8051294
U54027,20203,394.48095786423846,22255386
U54029,32667,484.82163825452204,41741259
U54031,12669,355.5254414277165,19000425
U54033,68652,347.9461206720396,18443002
U54035,28000,310.7025398174554,15384511
U54037,42190,428.2073387052734,28199655
U54039,200073,252.9729772365442,11214875
U54041,16919,315.135529144354,15588090
U54043,22108,256.5057690459462,11714676
U54045,37710,217.76171360702702,9300677
U54047,27329,162.35630731006484,5733879
U54049,56598,374.12437485103027,20049535
U54051,35519,411.094699399699,24366702
U54053,25957,313.1420615756867,15462912
U54055,62980,143.91019874693703,5025350
U54057,27078,391.1089719413086,21495940
U54059,28253,218.71092156675414,9392420
U54061,81866,390.1424506748272,21385674
U54063,14583,155.1390581756579,5478315
U54065,14943,432.854313640713,28562563
U54067,26562,237.49788697690983,10193350
U54069,47427,438.2739418702767,30994315
U54071,8196,304.78693720124585,14915756
U54073,7514,359.6224849690707,19134094
U54075,9131,248.5974792679439,10857229
U54077,29334,378.4501619169742,20144347
U54079,51589,283.65958760742706,13108955
U54081,79220,186.165711714694,7643014
U54083,28262,300.048362519289,14406048
U54085,10343,337.57611234455953,17909939
U54087,15446,293.8109369672041,13713197
U54089,12999,167.39826044419829,6014751
U54091,16089,356.81521715443944,19066592
U54093,7321,342.51215309084176,17965166
U54095,9592,368.34062132283236,19715354
U54097,23404,307.5706610389441,15316857
U54099,42903,270.219877815776,12496317
U54101,9719,260.4623611681342,12251028
U54103,17693,382.3954738860635,20863291
U54105,5873,324.4747002942431,16260654
U54107,87986,347.7267977511068,18355016
U54109,25708,178.9143236548786,6405745
U55001,18643,1162.9693873675956,182538963
U55003,16866,1423.0133590487628,204714241
U55005,44963,1394.6472910315936,202517933
U55007,15013,1455.6375440455618,206994605
U55009,226778,1113.3771846909694,177175581
U55011,13804,1310.9268331048331,198193363
U55013,15674,1456.507620676879,207009618
U55015,40631,1088.9207318831989,172088234
U55017,55195,1334.1347013527743,199307087
U55019,33557,1270.1905124189354,194673218
U55021,52468,1098.6576155125974,173728036
U55023,17243,1180.2613576145477,185737402
U55025,426526,1072.6093272235678,169089264
U55027,85897,1059.541872373115,166357993
U55029,27961,1128.7358560453526,178971330
U55031,43287,1478.0054001565638,209727714
U55033,39858,1360.1277863706382,200623950
U55035,93142,1307.9677045904918,197947142
U55037,5088,1256.9385591654395,194140939
U55039,97296,1075.63468477498,170853569
U55041,10024,1256.6496945420417,194090244
U55043,49597,1137.8486065687355,180111472
U55045,33647,1055.2431468711698,164268568
U55047,19105,1102.6503108589654,174158664
U55049,22780,1111.3521534108354,176915194
U55051,6861,1384.5435602488799,202299609
U55053,19100,1249.6642430356492,193603294
U55055,74021,1030.7497391852298,161871203
U55057,24316,1179.5425537738056,185713086
U55059,149577,920.1691488009635,145080619
U55061,20187,1078.242767865626,171741392
U55063,107120,1236.871174364864,192040618
U55065,16137,1086.809289956146,172040806
U55067,20740,1234.02346448715,191940961
U55069,29641,1273.9591208088368,195373544
U55071,82887,1048.404500149127,163822251
U55073,125834,1237.598727789481,192147738
U55075,43384,1192.7494191809976,188342445
U55077,15832,1131.1527568221638,179328661
U55078,4562,1191.3227620457997,188305250
U55079,940164,960.2222772704697,153436070
U55081,40899,1210.0703855965357,189346082
U55083,35634,1170.2196727234787,182703322
U55085,36776,1296.3642574077387,197171709
U55087,160971,1131.0477694869185,179112465
U55089,82317,990.6367456890507,156696913
U55091,7213,1332.7719379897355,199179727
U55093,36804,1375.4336458030696,201971778
U55095,41319,1431.23531994796,205059713
U55097,67182,1188.8972697898382,188121022
U55099,15822,1334.020082226021,199233774
U55101,188831,934.2800538523821,149297009
U55103,17924,1157.0367498259275,182147855
U55105,152307,1022.1097069059134,161417955
U55107,15347,1357.873975980947,200535571
U55109,63155,1398.5359628644067,202672146
U55111,55225,1131.0853716380057,179273436
U55113,16196,1390.1563008660821,202458182
U55115,40664,1177.7432806012541,185551954
U55117,112646,1035.9983015908388,162712408
U55119,19680,1302.8476920524604,197671063
U55121,27010,1280.5799131563713,195839116
U55123,28056,1196.484292923217,188562126
U55125,21033,1324.3466722212338,198812044
U55127,93759,990.240703298022,156603154
U55129,16036,1427.093528762831,204981669
U55131,117493,1031.3700019455443,161945224
U55133,360767,1004.7513054945462,158169103
U55135,51731,1161.3974478878872,182463686
U55137,23154,1145.1278259205235,180638223
U55139,156763,1112.7017441099058,176984870
U55141,75555,1216.9111711384176,189644969
U56001,32014,2244.456686981263,252523494
U56003,11461,2482.039479673101,272269102
U56005,33698,2285.9688989007573,254642511
U56007,15639,2344.83317071725,256249489
U56009,12052,2250.88364605767,252819931
U56011,5887,2221.042561060975,252057977
U56013,35804,2500.703166536707,275188485
U56015,12538,2139.7025903722697,245457291
U56017,4882,2499.083886501296,275011127
U56019,7075,2361.1362657627783,258049458
U56021,81607,2151.315085272598,245566210
U56023,14573,2658.9009454235074,319424488
U56025,66533,2351.481147787719,256904873
U56027,2407,2170.292126369068,246679403
U56029,25786,2605.616590871097,307076422
U56031,8807,2189.851776639247,247856911
U56033,26560,2403.068929175485,261537044
U56035,5920,2602.425367628246,306146665
U56037,37613,2504.925333857386,276088185
U56039,18251,2675.2895548419606,321427700
U56041,19742,2642.2052356303216,316075574
U56043,8289,2441.8845635170455,267816711
U56045,6644,2198.9002239853107,249544918